120763.0
120801.0
120805.0
120814.0
120817.0
120818.0
120819.0
120835.0
120836.0
120837.0
120838.0
120839.0
120957.0
121003.0
121004.0
121005.0
121006.0
121007.0
121017.0
121019.0
121024.0
121026.0
121041.0
121043.0
121050.0
121052.0
121053.0
121060.0
121062.0
121067.0
121071.0
121073.0
121074.0
121076.0
121077.0
121078.0
121080.0
121081.0
121082.0
121083.0
121084.0
121086.0
121088.0
121089.0
121090.0
121099.0
121101.0
121102.0
121104.0
121107.0
121108.0
121115.0
121116.0
121119.0
121136.0
121137.0
121138.0
121139.0
121140.0
121197.0
121304.0
121305.0
121395.0
121396.0
121436.0
121437.0
121438.0
121439.0
121468.0
121527.0
121528.0
121600.0
121604.0
121605.0
121736.0
121737.0
121738.0
121739.0
121798.0
121828.0
121829.0
121848.0
121901.0
121902.0
121904.0
121905.0
121921.0
121926.0
121929.0
121931.0
121933.0
121941.0
121956.0
121962.0
122036.0
122037.0
122038.0
122039.0
122204.0
122205.0
122206.0
122336.0
122337.0
122338.0
122339.0
122367.0
122398.0
122499.0
122504.0
122505.0
122636.0
122637.0
122638.0
122804.0
122805.0
122806.0
122807.0
122937.0
122938.0
122939.0
123104.0
123105.0
123236.0
123237.0
123238.0
123266.0
123398.0
123404.0
123405.0
123500.0
123501.0
123502.0
123503.0
123517.0
123536.0
123537.0
123538.0
123547.0
123559.0
123560.0
123561.0
123574.0
123664.0
123676.0
123700.0
123735.0
123801.0
123802.0
123803.0
123804.0
123834.0
123838.0
123839.0
123860.0
123861.0
123898.0
124101.0
124102.0
124103.0
124104.0
124105.0
124135.0
124138.0
124139.0
124140.0
124141.0
124143.0
124144.0
124160.0
124161.0
124162.0
124198.0
124401.0
124402.0
124403.0
124433.0
124438.0
124439.0
124460.0
124461.0
124498.0
124599.0
124738.0
124739.0
124904.0
124905.0
124957.0
124959.0
124960.0
124961.0
124962.0
124965.0
124967.0
124995.0
124996.0
125036.0
125037.0
125038.0
125039.0
125040.0
125098.0
125126.0
125127.0
125128.0
125196.0
125206.0
125207.0
125208.0
125257.0
125259.0
125260.0
125262.0
125338.0
125339.0
125340.0
125417.0
125420.0
125428.0
125429.0
125430.0
125498.0
125504.0
125505.0
125506.0
125507.0
125557.0
125559.0
125560.0
125562.0
125637.0
125638.0
125639.0
125640.0
125641.0
125804.0
125805.0
125806.0
125807.0
125857.0
125860.0
125861.0
125862.0
125937.0
125938.0
125939.0
125940.0
125963.0
125998.0
126095.0
126104.0
126105.0
126236.0
126237.0
126238.0
126239.0
126240.0
126241.0
126298.0
126397.0
126404.0
126405.0
126536.0
126537.0
126538.0
126539.0
126598.0
126704.0
126705.0
126836.0
126837.0
126838.0
126862.0
126994.0
127005.0
127064.0
127117.0
127133.0
127134.0
127136.0
127137.0
127163.0
127196.0
127197.0
127221.0
127242.0
127243.0
127249.0
127250.0
127266.0
127285.0
127295.0
127315.0
127328.0
127347.0
127354.0
127363.0
127374.0
127381.0
127604.0
127648.0
127649.0
127655.0
127664.0
127677.0
127682.0
127700.0
127701.0
127702.0
127703.0
127733.0
127760.0
127761.0
127819.0
128001.0
128002.0
128003.0
128033.0
128038.0
128060.0
128061.0
128157.0
128195.0
128196.0
128216.0
128294.0
128301.0
128302.0
128303.0
128338.0
128366.0
128371.0
128390.0
128412.0
128439.0
128457.0
128467.0
128470.0
128473.0
128479.0
128489.0
128507.0
128509.0
128516.0
128538.0
128551.0
128638.0
128646.0
128938.0
128939.0
128940.0
128941.0
128942.0
128996.0
129015.0
129016.0
129029.0
129030.0
129048.0
129093.0
129094.0
129104.0
129105.0
129156.0
129160.0
129237.0
129238.0
129239.0
129240.0
129404.0
129405.0
129536.0
129537.0
129538.0
129598.0
129691.0
129705.0
129706.0
129737.0
129756.0
129757.0
129758.0
129760.0
129761.0
129836.0
129837.0
129838.0
129839.0
129846.0
129848.0
129850.0
129851.0
129869.0
129915.0
129993.0
130004.0
130007.0
130009.0
130011.0
130012.0
130024.0
130056.0
130059.0
130060.0
130061.0
130136.0
130137.0
130138.0
130139.0
130140.0
130141.0
130142.0
130143.0
130144.0
130169.0
130170.0
130171.0
130198.0
130304.0
130305.0
130306.0
130437.0
130438.0
130440.0
130441.0
130442.0
130443.0
130444.0
130458.0
130459.0
130498.0
130590.0
130591.0
130604.0
130605.0
130606.0
130736.0
130737.0
130738.0
130739.0
130798.0
130904.0
130905.0
131037.0
131038.0
131204.0
131205.0
131336.0
131337.0
131338.0
131357.0
131489.0
131504.0
131505.0
131637.0
131638.0
131755.0
131791.0
131814.0
131901.0
131902.0
131904.0
131905.0
131906.0
131936.0
131938.0
131939.0
131960.0
131961.0
131962.0
131963.0
131971.0
131980.0
131998.0
132020.0
132202.0
132238.0
132239.0
132240.0
132261.0
132291.0
132320.0
132321.0
132502.0
132503.0
132504.0
132534.0
132538.0
132539.0
132540.0
132561.0
132562.0
132628.0
132629.0
132690.0
132838.0
132839.0
132868.0
132898.0
133034.0
133056.0
133059.0
133061.0
133064.0
133137.0
133138.0
133139.0
133141.0
133142.0
133143.0
133155.0
133198.0
133287.0
133288.0
133304.0
133305.0
133306.0
133357.0
133358.0
133359.0
133360.0
133361.0
133362.0
133437.0
133438.0
133439.0
133440.0
133447.0
133450.0
133468.0
133510.0
133512.0
133589.0
133604.0
133605.0
133606.0
133657.0
133659.0
133660.0
133662.0
133737.0
133738.0
133739.0
133904.0
133905.0
133906.0
133958.0
133959.0
133960.0
133962.0
133965.0
134037.0
134038.0
134039.0
134054.0
134098.0
134204.0
134205.0
134206.0
134257.0
134262.0
134337.0
134338.0
134339.0
134340.0
134488.0
134504.0
134505.0
134506.0
134637.0
134638.0
134639.0
134698.0
134805.0
134806.0
134937.0
134938.0
134939.0
134953.0
135086.0
135104.0
135105.0
135106.0
135237.0
135238.0
135404.0
135405.0
135406.0
135537.0
135538.0
135704.0
135705.0
135714.0
135796.0
135837.0
135838.0
135839.0
135846.0
135847.0
135920.0
135928.0
135985.0
135987.0
135988.0
136101.0
136102.0
136103.0
136104.0
136105.0
136135.0
136138.0
136139.0
136147.0
136148.0
136160.0
136161.0
136162.0
136198.0
136229.0
136230.0
136232.0
136250.0
136286.0
136289.0
136353.0
136406.0
136408.0
136409.0
136418.0
136438.0
136439.0
136440.0
136441.0
136465.0
136466.0
136532.0
136739.0
136742.0
136743.0
136744.0
136745.0
136746.0
136747.0
136748.0
136798.0
137037.0
137038.0
137039.0
137040.0
137048.0
137049.0
137097.0
137185.0
137205.0
137206.0
137207.0
137245.0
137256.0
137257.0
137258.0
137260.0
137261.0
137337.0
137338.0
137339.0
137340.0
137398.0
137504.0
137505.0
137506.0
137557.0
137559.0
137561.0
137563.0
137565.0
137566.0
137570.0
137637.0
137638.0
137639.0
137640.0
137641.0
137650.0
137698.0
137783.0
137804.0
137805.0
137811.0
137814.0
137816.0
137818.0
137819.0
137855.0
137856.0
137858.0
137860.0
137861.0
137866.0
137867.0
137869.0
137870.0
137871.0
137937.0
137938.0
137939.0
137940.0
137944.0
137948.0
137951.0
138004.0
138005.0
138084.0
138104.0
138105.0
138106.0
138107.0
138108.0
138144.0
138156.0
138159.0
138160.0
138161.0
138237.0
138238.0
138239.0
138240.0
138245.0
138247.0
138248.0
138249.0
138252.0
138253.0
138298.0
138404.0
138405.0
138406.0
138537.0
138538.0
138539.0
138541.0
138542.0
138549.0
138681.0
138704.0
138705.0
138706.0
138836.0
138837.0
138838.0
138839.0
138840.0
138983.0
139004.0
139005.0
139006.0
139136.0
139137.0
139138.0
139139.0
139304.0
139305.0
139306.0
139395.0
139436.0
139437.0
139438.0
139448.0
139527.0
139528.0
139604.0
139605.0
139736.0
139737.0
139738.0
139904.0
139905.0
139906.0
139942.0
140002.0
140003.0
140004.0
140005.0
140035.0
140037.0
140038.0
140039.0
140061.0
140062.0
140063.0
140302.0
140303.0
140304.0
140305.0
140335.0
140338.0
140339.0
140340.0
140361.0
140362.0
140432.0
140603.0
140604.0
140605.0
140638.0
140639.0
140640.0
140662.0
140663.0
140721.0
140732.0
140733.0
140734.0
140752.0
140770.0
140938.0
140939.0
140940.0
140998.0
141236.0
141237.0
141238.0
141239.0
141246.0
141378.0
141379.0
141404.0
141405.0
141456.0
141459.0
141460.0
141461.0
141536.0
141537.0
141538.0
141539.0
141598.0
141600.0
141601.0
141680.0
141704.0
141705.0
141706.0
141756.0
141758.0
141759.0
141761.0
141836.0
141837.0
141838.0
141839.0
141840.0
142004.0
142005.0
142057.0
142060.0
142061.0
142062.0
142137.0
142138.0
142139.0
142140.0
142145.0
142304.0
142305.0
142306.0
142357.0
142362.0
142436.0
142437.0
142438.0
142439.0
142440.0
142498.0
142579.0
142604.0
142605.0
142606.0
142639.0
142737.0
142738.0
142740.0
142741.0
142768.0
142798.0
142904.0
142905.0
142906.0
142995.0
143036.0
143037.0
143038.0
143039.0
143040.0
143044.0
143128.0
143176.0
143204.0
143205.0
143206.0
143337.0
143338.0
143504.0
143505.0
143637.0
143638.0
143804.0
143806.0
143937.0
143938.0
143939.0
143943.0
144206.0
144207.0
144208.0
144209.0
144238.0
144239.0
144240.0
144241.0
144265.0
144266.0
144267.0
144322.0
144333.0
144334.0
144352.0
144370.0
144377.0
144502.0
144503.0
144504.0
144505.0
144535.0
144538.0
144539.0
144540.0
144561.0
144562.0
144802.0
144803.0
144804.0
144834.0
144838.0
144839.0
144861.0
144862.0
144920.0
145138.0
145139.0
145140.0
145276.0
145277.0
145357.0
145360.0
145361.0
145362.0
145364.0
145437.0
145438.0
145439.0
145468.0
145498.0
145604.0
145605.0
145606.0
145657.0
145660.0
145662.0
145737.0
145738.0
145739.0
145740.0
145741.0
145798.0
145874.0
145904.0
145905.0
145956.0
145959.0
145960.0
145961.0
145962.0
146037.0
146038.0
146039.0
146040.0
146068.0
146095.0
146096.0
146098.0
146100.0
146175.0
146204.0
146205.0
146257.0
146260.0
146261.0
146337.0
146338.0
146339.0
146340.0
146504.0
146505.0
146561.0
146595.0
146637.0
146638.0
146639.0
146640.0
146727.0
146728.0
146773.0
146805.0
146806.0
146937.0
146938.0
146939.0
146940.0
146998.0
147028.0
147029.0
147030.0
147074.0
147104.0
147105.0
147237.0
147238.0
147404.0
147405.0
147537.0
147538.0
147671.0
147672.0
147704.0
147705.0
147837.0
147838.0
148004.0
148005.0
148100.0
148101.0
148102.0
148132.0
148137.0
148138.0
148139.0
148159.0
148160.0
148198.0
148405.0
148406.0
148407.0
148438.0
148439.0
148464.0
148465.0
148522.0
148699.0
148700.0
148701.0
148731.0
148738.0
148739.0
148740.0
148758.0
148759.0
148835.0
148865.0
148872.0
148894.0
149038.0
149039.0
149040.0
149338.0
149339.0
149470.0
149504.0
149505.0
149560.0
149561.0
149637.0
149638.0
149639.0
149695.0
149771.0
149804.0
149805.0
149856.0
149860.0
149861.0
149937.0
149938.0
149939.0
150103.0
150104.0
150105.0
150156.0
150160.0
150161.0
150195.0
150237.0
150238.0
150239.0
150327.0
150328.0
150369.0
150404.0
150405.0
150406.0
150456.0
150460.0
150461.0
150537.0
150538.0
150539.0
150591.0
150628.0
150629.0
150670.0
150671.0
150704.0
150705.0
150706.0
150837.0
150838.0
150839.0
150840.0
151004.0
151005.0
151135.0
151137.0
151138.0
151139.0
151140.0
151268.0
151304.0
151305.0
151437.0
151438.0
151604.0
151605.0
151606.0
151737.0
151738.0
151904.0
151905.0
152034.0
152037.0
152038.0
152167.0
152204.0
152205.0
152206.0
152302.0
152303.0
152304.0
152334.0
152337.0
152338.0
152339.0
152361.0
152362.0
152432.0
152468.0
152491.0
152603.0
152604.0
152605.0
152635.0
152638.0
152639.0
152640.0
152662.0
152890.0
152891.0
152892.0
152922.0
152938.0
152939.0
152940.0
152949.0
152950.0
153238.0
153239.0
153367.0
153368.0
153537.0
153538.0
153539.0
153540.0
153705.0
153757.0
153759.0
153760.0
153761.0
153795.0
153796.0
153832.0
153837.0
153838.0
153839.0
153840.0
153927.0
153928.0
153965.0
154004.0
154005.0
154060.0
154061.0
154137.0
154138.0
154139.0
154140.0
154186.0
154190.0
154229.0
154230.0
154266.0
154267.0
154304.0
154305.0
154360.0
154361.0
154437.0
154438.0
154439.0
154604.0
154605.0
154606.0
154661.0
154731.0
154737.0
154738.0
154739.0
154740.0
154904.0
154905.0
155037.0
155038.0
155039.0
155040.0
155165.0
155166.0
155204.0
155205.0
155337.0
155338.0
155339.0
155340.0
155504.0
155505.0
155506.0
155630.0
155637.0
155638.0
155763.0
155804.0
155805.0
155937.0
155938.0
156104.0
156105.0
156106.0
156237.0
156238.0
156480.0
156507.0
156508.0
156539.0
156540.0
156565.0
156781.0
156808.0
156809.0
156839.0
156840.0
156865.0
156866.0
156868.0
156930.0
156963.0
156964.0
156989.0
157083.0
157110.0
157111.0
157139.0
157140.0
157171.0
157172.0
157173.0
157185.0
157186.0
157439.0
157440.0
157621.0
157634.0
157660.0
157661.0
157664.0
157737.0
157738.0
157739.0
157740.0
157785.0
157786.0
157829.0
157830.0
157863.0
157905.0
157959.0
157960.0
157961.0
158037.0
158038.0
158039.0
158040.0
158205.0
158260.0
158261.0
158327.0
158337.0
158338.0
158339.0
158340.0
158460.0
158504.0
158505.0
158506.0
158559.0
158560.0
158561.0
158637.0
158638.0
158639.0
158640.0
158649.0
158650.0
158651.0
158685.0
158762.0
158804.0
158805.0
158861.0
158937.0
158938.0
158939.0
158940.0
159105.0
159226.0
159237.0
159238.0
159239.0
159240.0
159359.0
159404.0
159405.0
159537.0
159538.0
159704.0
159705.0
159706.0
159837.0
159838.0
159839.0
160005.0
160006.0
160125.0
160137.0
160138.0
160139.0
160258.0
160304.0
160305.0
160375.0
160376.0
160377.0
160407.0
160434.0
160435.0
160437.0
160438.0
160439.0
160440.0
160482.0
160489.0
160519.0
160548.0
160560.0
160678.0
160705.0
160706.0
160739.0
160740.0
160765.0
160766.0
161005.0
161013.0
161014.0
161039.0
161040.0
161073.0
161074.0
161099.0
161339.0
161340.0
161429.0
161430.0
161459.0
161639.0
161640.0
161805.0
161806.0
161860.0
161862.0
161937.0
161938.0
161939.0
161940.0
162056.0
162104.0
162105.0
162106.0
162160.0
162161.0
162162.0
162237.0
162238.0
162239.0
162240.0
162248.0
162249.0
162250.0
162251.0
162280.0
162281.0
162358.0
162404.0
162405.0
162459.0
162460.0
162461.0
162537.0
162538.0
162539.0
162540.0
162704.0
162705.0
162760.0
162761.0
162837.0
162838.0
162839.0
162840.0
162955.0
163005.0
163006.0
163137.0
163138.0
163139.0
163140.0
163257.0
163304.0
163305.0
163437.0
163438.0
163439.0
163440.0
163604.0
163605.0
163721.0
163725.0
163737.0
163738.0
163854.0
163858.0
163904.0
164337.0
164504.0
164505.0
164506.0
164599.0
164600.0
164630.0
164637.0
164638.0
164639.0
164658.0
164862.0
164863.0
164879.0
164893.0
164921.0
164938.0
164939.0
164940.0
164990.0
165016.0
165018.0
165029.0
165030.0
165055.0
165173.0
165239.0
165240.0
165539.0
165540.0
165837.0
165838.0
165839.0
165840.0
165848.0
165849.0
165850.0
165875.0
165876.0
165954.0
166004.0
166005.0
166006.0
166060.0
166061.0
166137.0
166138.0
166139.0
166140.0
166304.0
166305.0
166359.0
166360.0
166361.0
166418.0
166437.0
166438.0
166439.0
166440.0
166551.0
166605.0
166606.0
166660.0
166661.0
166737.0
166738.0
166739.0
166740.0
166775.0
166776.0
166853.0
166905.0
166961.0
167037.0
167038.0
167039.0
167040.0
167041.0
167204.0
167205.0
167317.0
167337.0
167338.0
167339.0
167340.0
167505.0
167637.0
167638.0
167639.0
167640.0
167752.0
167805.0
167806.0
167937.0
167938.0
168104.0
168105.0
168106.0
168195.0
168237.0
168238.0
168327.0
168328.0
168349.0
168404.0
168405.0
168406.0
168537.0
168538.0
168573.0
168629.0
168630.0
168651.0
168771.0
168799.0
168839.0
168840.0
169076.0
169077.0
169078.0
169108.0
169134.0
169135.0
169139.0
169140.0
169373.0
169374.0
169375.0
169376.0
169406.0
169433.0
169434.0
169439.0
169440.0
169441.0
169550.0
169739.0
169740.0
169905.0
169906.0
169960.0
169962.0
170014.0
170037.0
170038.0
170039.0
170040.0
170204.0
170205.0
170259.0
170260.0
170262.0
170337.0
170338.0
170339.0
170340.0
170370.0
170372.0
170449.0
170505.0
170506.0
170560.0
170562.0
170637.0
170638.0
170639.0
170640.0
170805.0
170860.0
170861.0
170862.0
170937.0
170938.0
170939.0
170940.0
171046.0
171104.0
171105.0
171106.0
171237.0
171238.0
171239.0
171240.0
171348.0
171404.0
171405.0
171406.0
171537.0
171538.0
171539.0
171540.0
171704.0
171705.0
171706.0
171795.0
171812.0
171837.0
171838.0
171927.0
171928.0
171945.0
172005.0
172137.0
172138.0
172305.0
172306.0
172437.0
172438.0
172468.0
172469.0
172470.0
172600.0
172601.0
172602.0
172603.0
172605.0
172606.0
172693.0
172694.0
172695.0
172711.0
172725.0
172737.0
172738.0
172739.0
172740.0
172752.0
172753.0
172844.0
172902.0
172903.0
172904.0
172905.0
173002.0
173003.0
173004.0
173013.0
173014.0
173034.0
173039.0
173040.0
173061.0
173073.0
173112.0
173134.0
173146.0
173152.0
173171.0
173298.0
173299.0
173300.0
173301.0
173331.0
173339.0
173340.0
173358.0
173359.0
173639.0
173640.0
173939.0
173940.0
173997.0
174045.0
174105.0
174106.0
174159.0
174160.0
174161.0
174237.0
174238.0
174239.0
174240.0
174405.0
174406.0
174460.0
174461.0
174509.0
174510.0
174537.0
174538.0
174539.0
174540.0
174642.0
174705.0
174706.0
174760.0
174761.0
174837.0
174838.0
174839.0
174840.0
174841.0
174865.0
174866.0
174944.0
175005.0
175006.0
175060.0
175061.0
175137.0
175138.0
175139.0
175140.0
175305.0
175306.0
175395.0
175409.0
175437.0
175438.0
175439.0
175440.0
175527.0
175528.0
175541.0
175605.0
175606.0
175737.0
175738.0
175739.0
175740.0
175829.0
175830.0
175843.0
175905.0
175906.0
176037.0
176038.0
176205.0
176206.0
176307.0
176337.0
176338.0
176440.0
176505.0
176506.0
176637.0
176638.0
176805.0
176882.0
176883.0
176884.0
176937.0
176938.0
176939.0
176940.0
176941.0
176942.0
177200.0
177202.0
177232.0
177239.0
177240.0
177259.0
177260.0
177498.0
177499.0
177500.0
177530.0
177539.0
177540.0
177557.0
177558.0
177599.0
177600.0
177630.0
177641.0
177658.0
177839.0
177840.0
177841.0
178122.0
178137.0
178138.0
178139.0
178140.0
178238.0
178305.0
178306.0
178360.0
178361.0
178362.0
178437.0
178438.0
178439.0
178440.0
178460.0
178462.0
178540.0
178605.0
178606.0
178660.0
178662.0
178737.0
178738.0
178739.0
178740.0
178905.0
178906.0
178960.0
178962.0
178995.0
179004.0
179037.0
179038.0
179039.0
179040.0
179041.0
179128.0
179137.0
179205.0
179262.0
179325.0
179326.0
179337.0
179338.0
179339.0
179340.0
179429.0
179430.0
179439.0
179458.0
179637.0
179639.0
179640.0
179760.0
179805.0
179904.0
179939.0
180036.0
180105.0
180106.0
180238.0
180405.0
180406.0
180537.0
180538.0
180705.0
180706.0
180803.0
180837.0
180838.0
180935.0
181139.0
181140.0
181141.0
181166.0
181206.0
181237.0
181264.0
181380.0
181407.0
181408.0
181439.0
181440.0
181441.0
181465.0
181466.0
181680.0
181708.0
181709.0
181739.0
181740.0
181741.0
181765.0
181766.0
181767.0
182039.0
182040.0
182136.0
182204.0
182205.0
182260.0
182261.0
182337.0
182338.0
182339.0
182340.0
182504.0
182505.0
182506.0
182560.0
182561.0
182595.0
182596.0
182637.0
182638.0
182639.0
182640.0
182727.0
182728.0
182733.0
182804.0
182805.0
182806.0
182860.0
182861.0
182937.0
182938.0
182939.0
182940.0
182941.0
182955.0
182956.0
183030.0
183031.0
183035.0
183104.0
183105.0
183106.0
183160.0
183161.0
183237.0
183238.0
183239.0
183240.0
183241.0
183404.0
183405.0
183406.0
183537.0
183538.0
183539.0
183540.0
183541.0
183632.0
183705.0
183706.0
183837.0
183838.0
183839.0
183840.0
183841.0
183934.0
184004.0
184005.0
184137.0
184138.0
184305.0
184306.0
184399.0
184437.0
184438.0
184531.0
184605.0
184606.0
184737.0
184738.0
184905.0
184962.0
184963.0
184964.0
184994.0
185021.0
185022.0
185037.0
185038.0
185040.0
185041.0
185273.0
185301.0
185302.0
185340.0
185574.0
185601.0
185602.0
185640.0
185641.0
185698.0
185732.0
185733.0
185758.0
185759.0
185940.0
185941.0
186240.0
186297.0
186327.0
186329.0
186405.0
186406.0
186459.0
186460.0
186462.0
186537.0
186538.0
186540.0
186541.0
186552.0
186555.0
186629.0
186630.0
186631.0
186632.0
186705.0
186706.0
186759.0
186760.0
186762.0
186837.0
186838.0
186840.0
186841.0
187005.0
187006.0
187060.0
187062.0
187095.0
187137.0
187138.0
187140.0
187141.0
187228.0
187305.0
187360.0
187362.0
187437.0
187438.0
187440.0
187441.0
187452.0
187530.0
187531.0
187605.0
187606.0
187737.0
187738.0
187740.0
187905.0
187906.0
187994.0
187995.0
188037.0
188038.0
188040.0
188041.0
188127.0
188205.0
188206.0
188337.0
188338.0
188505.0
188506.0
188637.0
188638.0
188805.0
188806.0
188894.0
188937.0
188938.0
189026.0
189105.0
189106.0
189107.0
189175.0
189201.0
189202.0
189203.0
189237.0
189238.0
189239.0
189240.0
189241.0
189261.0
189262.0
189263.0
189276.0
189296.0
189329.0
189352.0
189489.0
189516.0
189517.0
189540.0
189541.0
189542.0
189576.0
189577.0
189578.0
189783.0
189784.0
189785.0
189786.0
189816.0
189840.0
189841.0
189843.0
189844.0
190140.0
190141.0
190228.0
190229.0
190230.0
190231.0
190438.0
190440.0
190441.0
190605.0
190606.0
190660.0
190661.0
190691.0
190692.0
190737.0
190738.0
190740.0
190741.0
190905.0
190906.0
190959.0
190960.0
190961.0
191037.0
191038.0
191040.0
191041.0
191046.0
191050.0
191051.0
191126.0
191127.0
191205.0
191206.0
191259.0
191260.0
191261.0
191338.0
191339.0
191340.0
191505.0
191506.0
191561.0
191590.0
191637.0
191638.0
191639.0
191640.0
191641.0
191723.0
191805.0
191806.0
191938.0
191939.0
191940.0
191941.0
192025.0
192105.0
192237.0
192238.0
192239.0
192240.0
192241.0
192405.0
192406.0
192490.0
192538.0
192539.0
192705.0
192706.0
192837.0
192838.0
193005.0
193006.0
193137.0
193138.0
193389.0
193390.0
193393.0
193440.0
193441.0
193448.0
193449.0
193698.0
193699.0
193729.0
193740.0
193741.0
193757.0
193772.0
193784.0
193823.0
193824.0
193830.0
193831.0
193989.0
193990.0
193991.0
194000.0
194040.0
194041.0
194048.0
194049.0
194059.0
194340.0
194341.0
194400.0
194505.0
194506.0
194560.0
194561.0
194562.0
194637.0
194638.0
194639.0
194640.0
194641.0
194645.0
194647.0
194650.0
194652.0
194723.0
194805.0
194806.0
194860.0
194862.0
194937.0
194938.0
194939.0
194940.0
194941.0
195105.0
195106.0
195159.0
195160.0
195162.0
195186.0
195187.0
195238.0
195240.0
195241.0
195319.0
195405.0
195406.0
195459.0
195460.0
195462.0
195537.0
195538.0
195539.0
195540.0
195541.0
195542.0
195545.0
195622.0
195705.0
195706.0
195837.0
195838.0
195840.0
195841.0
196005.0
196006.0
196086.0
196138.0
196139.0
196140.0
196141.0
196305.0
196306.0
196438.0
196439.0
196605.0
196606.0
196738.0
196739.0
196905.0
196906.0
196985.0
196994.0
196995.0
196996.0
197038.0
197039.0
197117.0
197118.0
197128.0
197205.0
197206.0
197306.0
197307.0
197308.0
197338.0
197339.0
197340.0
197341.0
197365.0
197366.0
197381.0
197420.0
197430.0
197431.0
197440.0
197612.0
197613.0
197614.0
197615.0
197640.0
197641.0
197644.0
197672.0
197899.0
197900.0
197902.0
197932.0
197940.0
197941.0
197958.0
197959.0
197960.0
198240.0
198241.0
198319.0
198540.0
198541.0
198598.0
198600.0
198705.0
198706.0
198760.0
198761.0
198783.0
198838.0
198839.0
198840.0
198841.0
198900.0
198915.0
198916.0
199005.0
199006.0
199060.0
199061.0
199138.0
199139.0
199140.0
199141.0
199218.0
199305.0
199306.0
199359.0
199360.0
199361.0
199438.0
199439.0
199440.0
199441.0
199470.0
199500.0
199605.0
199606.0
199660.0
199661.0
199682.0
199738.0
199739.0
199740.0
199741.0
199814.0
199815.0
199905.0
199906.0
200038.0
200039.0
200040.0
200041.0
200100.0
200117.0
200205.0
200206.0
200338.0
200339.0
200340.0
200341.0
200505.0
200506.0
200581.0
200596.0
200638.0
200639.0
200728.0
200729.0
200805.0
200806.0
200807.0
200938.0
200939.0
200940.0
201105.0
201106.0
201238.0
201239.0
201405.0
201406.0
201407.0
201503.0
201504.0
201505.0
201535.0
201538.0
201540.0
201541.0
201562.0
201563.0
201600.0
201803.0
201804.0
201805.0
201835.0
201840.0
201841.0
201842.0
201862.0
201863.0
201878.0
201915.0
201933.0
201934.0
201936.0
201937.0
201953.0
201954.0
201972.0
202077.0
202082.0
202087.0
202104.0
202105.0
202106.0
202107.0
202137.0
202140.0
202141.0
202163.0
202164.0
202222.0
202440.0
202441.0
202665.0
202735.0
202736.0
202738.0
202739.0
202740.0
202741.0
202800.0
202814.0
202905.0
202906.0
202907.0
202961.0
202962.0
203038.0
203039.0
203040.0
203041.0
203205.0
203206.0
203260.0
203262.0
203277.0
203278.0
203338.0
203339.0
203340.0
203341.0
203370.0
203400.0
203411.0
203505.0
203506.0
203559.0
203560.0
203561.0
203562.0
203636.0
203637.0
203638.0
203639.0
203640.0
203641.0
203713.0
203805.0
203806.0
203862.0
203937.0
203938.0
203939.0
203940.0
203941.0
203970.0
204000.0
204105.0
204106.0
204107.0
204176.0
204177.0
204195.0
204238.0
204239.0
204240.0
204241.0
204309.0
204310.0
204327.0
204328.0
204405.0
204406.0
204407.0
204537.0
204538.0
204539.0
204540.0
204541.0
204705.0
204706.0
204837.0
204838.0
204839.0
205005.0
205006.0
205076.0
205138.0
205139.0
205209.0
205305.0
205306.0
205438.0
205439.0
205443.0
205470.0
205473.0
205488.0
205503.0
205511.0
205512.0
205521.0
205532.0
205534.0
205552.0
205572.0
205704.0
205706.0
205709.0
205714.0
205739.0
205740.0
205741.0
205742.0
205763.0
205764.0
205766.0
205771.0
205800.0
206005.0
206007.0
206037.0
206040.0
206041.0
206042.0
206064.0
206065.0
206100.0
206124.0
206304.0
206305.0
206306.0
206336.0
206340.0
206341.0
206342.0
206363.0
206364.0
206410.0
206640.0
206641.0
206805.0
206806.0
206807.0
206808.0
206860.0
206861.0
206864.0
206865.0
206874.0
206938.0
206939.0
206940.0
206941.0
206942.0
207006.0
207105.0
207106.0
207160.0
207161.0
207164.0
207165.0
207230.0
207231.0
207238.0
207239.0
207240.0
207241.0
207242.0
207243.0
207309.0
207363.0
207405.0
207406.0
207460.0
207461.0
207462.0
207465.0
207538.0
207539.0
207541.0
207542.0
207600.0
207666.0
207705.0
207706.0
207760.0
207761.0
207764.0
207765.0
207773.0
207794.0
207796.0
207838.0
207839.0
207840.0
207841.0
207842.0
207905.0
207928.0
207929.0
208005.0
208006.0
208138.0
208139.0
208140.0
208141.0
208142.0
208208.0
208231.0
208232.0
208250.0
208305.0
208306.0
208307.0
208438.0
208439.0
208440.0
208441.0
208442.0
208605.0
208606.0
208617.0
208621.0
208738.0
208739.0
208753.0
208804.0
208905.0
208906.0
209038.0
209039.0
209205.0
209206.0
209338.0
209339.0
209505.0
209506.0
209507.0
209508.0
209571.0
209598.0
209599.0
209600.0
209601.0
209638.0
209639.0
209640.0
209641.0
209642.0
209658.0
209703.0
209720.0
209903.0
209904.0
209905.0
209906.0
209932.0
209938.0
209940.0
209941.0
209942.0
209943.0
209954.0
209962.0
209963.0
209969.0
209971.0
209977.0
209982.0
210001.0
210006.0
210204.0
210205.0
210218.0
210240.0
210241.0
210242.0
210248.0
210263.0
210264.0
210300.0
210323.0
210540.0
210541.0
210600.0
210841.0
210842.0
210868.0
210898.0
210905.0
210906.0
211005.0
211006.0
211059.0
211060.0
211061.0
211065.0
211138.0
211139.0
211140.0
211141.0
211305.0
211306.0
211360.0
211361.0
211364.0
211365.0
211396.0
211438.0
211439.0
211441.0
211442.0
211500.0
211502.0
211528.0
211529.0
211605.0
211606.0
211659.0
211660.0
211661.0
211665.0
211724.0
211725.0
211738.0
211739.0
211740.0
211741.0
211742.0
211804.0
211831.0
211832.0
211864.0
211905.0
211906.0
211908.0
211960.0
211961.0
211965.0
212038.0
212039.0
212041.0
212042.0
212100.0
212205.0
212206.0
212268.0
212338.0
212339.0
212340.0
212341.0
212342.0
212343.0
212400.0
212401.0
212505.0
212506.0
212638.0
212639.0
212640.0
212641.0
212642.0
212700.0
212703.0
212805.0
212806.0
212938.0
212939.0
213105.0
213106.0
213238.0
213239.0
213300.0
213405.0
213406.0
213538.0
213539.0
213806.0
213840.0
213841.0
213842.0
213865.0
213900.0
214140.0
214141.0
214142.0
214143.0
214200.0
214404.0
214406.0
214440.0
214463.0
214464.0
214470.0
214471.0
214494.0
214501.0
214540.0
214740.0
214741.0
214742.0
214960.0
214962.0
214963.0
214965.0
214967.0
214995.0
215038.0
215039.0
215040.0
215041.0
215098.0
215100.0
215127.0
215128.0
215205.0
215206.0
215207.0
215262.0
215265.0
215267.0
215322.0
215325.0
215338.0
215339.0
215340.0
215341.0
215342.0
215400.0
215430.0
215431.0
215505.0
215506.0
215560.0
215562.0
215565.0
215638.0
215639.0
215640.0
215641.0
215642.0
215643.0
215805.0
215806.0
215860.0
215861.0
215865.0
215938.0
215939.0
215940.0
215941.0
215942.0
215997.0
216105.0
216106.0
216161.0
216238.0
216239.0
216240.0
216241.0
216242.0
216299.0
216300.0
216405.0
216406.0
216538.0
216539.0
216540.0
216541.0
216542.0
216705.0
216706.0
216763.0
216838.0
216839.0
216896.0
217005.0
217006.0
217138.0
217139.0
217305.0
217306.0
217438.0
217439.0
217605.0
217606.0
217662.0
217705.0
217706.0
217707.0
217709.0
217737.0
217738.0
217739.0
217764.0
217765.0
217766.0
217795.0
217824.0
218003.0
218004.0
218005.0
218035.0
218041.0
218042.0
218062.0
218063.0
218070.0
218097.0
218121.0
218305.0
218306.0
218307.0
218337.0
218340.0
218341.0
218342.0
218364.0
218365.0
218400.0
218605.0
218606.0
218607.0
218637.0
218640.0
218641.0
218664.0
218665.0
218941.0
218942.0
218996.0
218997.0
219031.0
219050.0
219056.0
219105.0
219106.0
219107.0
219160.0
219161.0
219165.0
219238.0
219239.0
219240.0
219241.0
219242.0
219405.0
219406.0
219407.0
219460.0
219461.0
219465.0
219538.0
219539.0
219540.0
219541.0
219542.0
219593.0
219601.0
219705.0
219706.0
219760.0
219761.0
219765.0
219816.0
219820.0
219838.0
219839.0
219841.0
219842.0
219850.0
219851.0
219852.0
219855.0
219895.0
219896.0
220005.0
220006.0
220060.0
220061.0
220064.0
220065.0
220138.0
220139.0
220141.0
220142.0
220201.0
220305.0
220306.0
220359.0
220439.0
220441.0
220442.0
220492.0
220501.0
220605.0
220606.0
220607.0
220738.0
220739.0
220740.0
220741.0
220742.0
220801.0
220905.0
220906.0
220907.0
221038.0
221039.0
221040.0
221205.0
221206.0
221258.0
221338.0
221339.0
221505.0
221506.0
221638.0
221639.0
221805.0
221806.0
221902.0
221903.0
221906.0
221936.0
221938.0
221939.0
221941.0
221942.0
221961.0
221962.0
221963.0
222206.0
222208.0
222238.0
222241.0
222242.0
222265.0
222266.0
222503.0
222504.0
222505.0
222514.0
222535.0
222541.0
222542.0
222562.0
222563.0
222570.0
222573.0
222592.0
222593.0
222600.0
222601.0
222631.0
222632.0
222650.0
222652.0
222841.0
222842.0
223141.0
223142.0
223148.0
223166.0
223189.0
223196.0
223305.0
223306.0
223360.0
223361.0
223362.0
223364.0
223365.0
223417.0
223438.0
223439.0
223440.0
223441.0
223442.0
223450.0
223451.0
223452.0
223453.0
223455.0
223469.0
223492.0
223499.0
223605.0
223606.0
223660.0
223662.0
223665.0
223738.0
223739.0
223741.0
223742.0
223905.0
223906.0
223955.0
223960.0
223961.0
223962.0
223965.0
224038.0
224039.0
224041.0
224042.0
224205.0
224206.0
224259.0
224260.0
224261.0
224265.0
224271.0
224272.0
224311.0
224338.0
224339.0
224341.0
224342.0
224391.0
224505.0
224506.0
224507.0
224638.0
224639.0
224640.0
224641.0
224642.0
224805.0
224806.0
224807.0
224854.0
224938.0
224939.0
224941.0
224942.0
224943.0
224987.0
225001.0
225105.0
225106.0
225238.0
225239.0
225405.0
225406.0
225538.0
225539.0
225705.0
225706.0
225753.0
225795.0
225838.0
225839.0
225927.0
225928.0
226104.0
226105.0
226106.0
226136.0
226141.0
226142.0
226154.0
226162.0
226163.0
226164.0
226184.0
226189.0
226213.0
226231.0
226250.0
226405.0
226407.0
226441.0
226442.0
226464.0
226465.0
226705.0
226706.0
226707.0
226736.0
226741.0
226742.0
226764.0
226836.0
227041.0
227042.0
227088.0
227101.0
227260.0
227261.0
227265.0
227338.0
227339.0
227341.0
227342.0
227401.0
227505.0
227506.0
227551.0
227560.0
227561.0
227565.0
227638.0
227639.0
227641.0
227642.0
227671.0
227684.0
227701.0
227805.0
227806.0
227860.0
227861.0
227864.0
227865.0
227910.0
227911.0
227938.0
227939.0
227941.0
227942.0
227987.0
228105.0
228106.0
228107.0
228160.0
228161.0
228165.0
228238.0
228239.0
228240.0
228241.0
228242.0
228301.0
228405.0
228406.0
228407.0
228450.0
228461.0
228538.0
228539.0
228540.0
228541.0
228542.0
228543.0
228583.0
228601.0
228705.0
228706.0
228838.0
228839.0
228841.0
228842.0
228843.0
228886.0
228901.0
229005.0
229006.0
229138.0
229139.0
229305.0
229306.0
229349.0
229394.0
229395.0
229438.0
229439.0
229482.0
229528.0
229605.0
229606.0
229607.0
229738.0
229739.0
229740.0
229905.0
229906.0
230006.0
230007.0
230008.0
230038.0
230039.0
230041.0
230042.0
230043.0
230065.0
230066.0
230101.0
230305.0
230319.0
230320.0
230321.0
230341.0
230342.0
230351.0
230364.0
230378.0
230425.0
230605.0
230606.0
230607.0
230637.0
230641.0
230642.0
230649.0
230650.0
230664.0
230665.0
230684.0
230708.0
230736.0
230738.0
230755.0
230756.0
230774.0
230941.0
230942.0
231241.0
231242.0
231243.0
231340.0
231405.0
231406.0
231460.0
231461.0
231462.0
231465.0
231505.0
231507.0
231538.0
231539.0
231541.0
231542.0
231583.0
231705.0
231706.0
231707.0
231761.0
231762.0
231764.0
231765.0
231839.0
231841.0
231842.0
232005.0
232006.0
232007.0
232046.0
232061.0
232062.0
232065.0
232066.0
232067.0
232138.0
232139.0
232141.0
232142.0
232143.0
232179.0
232305.0
232306.0
232360.0
232362.0
232365.0
232407.0
232438.0
232439.0
232441.0
232442.0
232443.0
232482.0
232605.0
232606.0
232738.0
232739.0
232741.0
232742.0
232743.0
232801.0
232905.0
232906.0
232945.0
232994.0
232995.0
232996.0
233038.0
233039.0
233041.0
233042.0
233078.0
233128.0
233129.0
233205.0
233206.0
233207.0
233338.0
233339.0
233340.0
233505.0
233506.0
233638.0
233639.0
233805.0
233806.0
233807.0
233844.0
233938.0
233939.0
233940.0
233977.0
234105.0
234106.0
234107.0
234204.0
234218.0
234238.0
234239.0
234240.0
234241.0
234242.0
234243.0
234245.0
234248.0
234263.0
234276.0
234280.0
234304.0
234338.0
234355.0
234356.0
234384.0
234506.0
234507.0
234508.0
234510.0
234540.0
234541.0
234542.0
234543.0
234565.0
234566.0
234802.0
234803.0
234804.0
234834.0
234841.0
234842.0
234843.0
234861.0
234862.0
235141.0
235142.0
235179.0
235438.0
235439.0
235440.0
235441.0
235442.0
235605.0
235606.0
235642.0
235661.0
235664.0
235665.0
235666.0
235738.0
235739.0
235741.0
235742.0
235743.0
235775.0
235883.0
235905.0
235906.0
235907.0
235926.0
235956.0
235961.0
235965.0
235970.0
236000.0
236001.0
236016.0
236038.0
236039.0
236040.0
236041.0
236042.0
236059.0
236078.0
236089.0
236103.0
236104.0
236205.0
236206.0
236207.0
236260.0
236261.0
236265.0
236319.0
236338.0
236339.0
236341.0
236342.0
236362.0
236392.0
236406.0
236505.0
236506.0
236561.0
236565.0
236566.0
236595.0
236638.0
236639.0
236641.0
236642.0
236674.0
236728.0
236805.0
236806.0
236938.0
236939.0
236941.0
236942.0
236977.0
237030.0
237031.0
237106.0
237107.0
237238.0
237239.0
237240.0
237241.0
237242.0
237405.0
237406.0
237440.0
237538.0
237539.0
237573.0
237705.0
237706.0
237838.0
237839.0
238005.0
238006.0
238138.0
238139.0
238378.0
238406.0
238441.0
238442.0
238463.0
238464.0
238465.0
238664.0
238691.0
238692.0
238721.0
238741.0
238742.0
238775.0
238808.0
238996.0
238997.0
238998.0
238999.0
239041.0
239042.0
239341.0
239342.0
239535.0
239562.0
239564.0
239565.0
239566.0
239567.0
239595.0
239597.0
239638.0
239639.0
239641.0
239642.0
239643.0
239674.0
239805.0
239806.0
239862.0
239865.0
239938.0
239939.0
239941.0
239942.0
240105.0
240106.0
240137.0
240162.0
240165.0
240167.0
240194.0
240195.0
240238.0
240239.0
240241.0
240242.0
240270.0
240405.0
240406.0
240462.0
240464.0
240465.0
240467.0
240495.0
240497.0
240538.0
240539.0
240541.0
240542.0
240573.0
240631.0
240705.0
240706.0
240762.0
240767.0
240839.0
240841.0
240842.0
241005.0
241006.0
241036.0
241138.0
241139.0
241141.0
241142.0
241169.0
241305.0
241306.0
241438.0
241439.0
241441.0
241442.0
241605.0
241606.0
241738.0
241739.0
241905.0
241906.0
241935.0
242038.0
242039.0
242205.0
242206.0
242307.0
242336.0
242339.0
242340.0
242341.0
242342.0
242365.0
242366.0
242371.0
242376.0
242393.0
242394.0
242563.0
242589.0
242591.0
242641.0
242642.0
242643.0
242868.0
242896.0
242897.0
242941.0
242942.0
242943.0
243241.0
243242.0
243270.0
243541.0
243542.0
243543.0
243706.0
243707.0
243733.0
243761.0
243765.0
243766.0
243795.0
243796.0
243838.0
243839.0
243840.0
243841.0
243842.0
243843.0
243866.0
243928.0
243929.0
244005.0
244006.0
244061.0
244065.0
244066.0
244090.0
244091.0
244138.0
244139.0
244141.0
244142.0
244143.0
244169.0
244230.0
244231.0
244305.0
244306.0
244361.0
244364.0
244365.0
244366.0
244438.0
244439.0
244441.0
244442.0
244605.0
244606.0
244607.0
244632.0
244661.0
244665.0
244666.0
244738.0
244739.0
244740.0
244741.0
244742.0
244765.0
244905.0
244906.0
245038.0
245039.0
245041.0
245042.0
245043.0
245068.0
245205.0
245206.0
245338.0
245339.0
245341.0
245342.0
245343.0
245505.0
245506.0
245531.0
245639.0
245664.0
245805.0
245806.0
245807.0
245938.0
245939.0
245940.0
246105.0
246106.0
246239.0
246406.0
246478.0
246506.0
246538.0
246539.0
246541.0
246542.0
246563.0
246564.0
246570.0
246571.0
246572.0
246776.0
246803.0
246804.0
246825.0
246841.0
246842.0
246843.0
246866.0
246867.0
247087.0
247088.0
247141.0
247142.0
247143.0
247441.0
247442.0
247443.0
247738.0
247739.0
247741.0
247742.0
247743.0
247765.0
247766.0
247831.0
247832.0
247905.0
247906.0
247962.0
247965.0
247967.0
248038.0
248039.0
248042.0
248043.0
248044.0
248205.0
248206.0
248228.0
248262.0
248265.0
248266.0
248267.0
248338.0
248339.0
248342.0
248343.0
248361.0
248505.0
248506.0
248562.0
248565.0
248567.0
248585.0
248587.0
248638.0
248639.0
248642.0
248643.0
248651.0
248652.0
248655.0
248664.0
248665.0
248805.0
248806.0
248807.0
248862.0
248867.0
248938.0
248939.0
248940.0
248942.0
248943.0
249105.0
249106.0
249127.0
249238.0
249239.0
249242.0
249243.0
249405.0
249406.0
249538.0
249539.0
249542.0
249543.0
249563.0
249564.0
249705.0
249706.0
249838.0
249839.0
250005.0
250006.0
250026.0
250138.0
250139.0
250305.0
250306.0
250438.0
250439.0
250522.0
250677.0
250704.0
250705.0
250742.0
250743.0
251011.0
251042.0
251043.0
251073.0
251074.0
251075.0
251269.0
251297.0
251316.0
251342.0
251343.0
251361.0
251362.0
251431.0
251432.0
251642.0
251643.0
251824.0
251835.0
251861.0
251865.0
251866.0
251938.0
251939.0
251940.0
251942.0
251943.0
251957.0
252105.0
252106.0
252161.0
252165.0
252166.0
252181.0
252185.0
252238.0
252239.0
252242.0
252243.0
252251.0
252252.0
252255.0
252261.0
252405.0
252406.0
252461.0
252465.0
252466.0
252538.0
252539.0
252542.0
252543.0
252705.0
252706.0
252723.0
252761.0
252765.0
252766.0
252838.0
252839.0
252842.0
252843.0
252856.0
253005.0
253006.0
253061.0
253066.0
253139.0
253140.0
253142.0
253143.0
253159.0
253160.0
253305.0
253306.0
253439.0
253442.0
253443.0
253605.0
253606.0
253607.0
253622.0
253738.0
253739.0
253740.0
253755.0
253905.0
253906.0
253907.0
254038.0
254039.0
254040.0
254205.0
254206.0
254338.0
254339.0
254505.0
254506.0
254521.0
254595.0
254597.0
254598.0
254599.0
254600.0
254630.0
254638.0
254639.0
254642.0
254643.0
254654.0
254657.0
254658.0
254727.0
254728.0
254729.0
254896.0
254897.0
254910.0
254927.0
254942.0
254943.0
254952.0
254955.0
254958.0
254969.0
255031.0
255032.0
255209.0
255210.0
255211.0
255213.0
255241.0
255242.0
255243.0
255268.0
255542.0
255543.0
255842.0
255843.0
255856.0
255857.0
256005.0
256006.0
256062.0
256065.0
256066.0
256067.0
256138.0
256139.0
256140.0
256142.0
256143.0
256305.0
256306.0
256319.0
256362.0
256364.0
256365.0
256367.0
256439.0
256442.0
256443.0
256452.0
256605.0
256606.0
256662.0
256665.0
256667.0
256677.0
256680.0
256739.0
256742.0
256743.0
256755.0
256756.0
256905.0
256906.0
256907.0
256962.0
256965.0
256967.0
257039.0
257040.0
257041.0
257042.0
257043.0
257206.0
257218.0
257338.0
257339.0
257340.0
257342.0
257343.0
257344.0
257351.0
257506.0
257639.0
257640.0
257642.0
257643.0
257654.0
257655.0
257805.0
257806.0
257938.0
257939.0
257940.0
258105.0
258106.0
258107.0
258195.0
258239.0
258240.0
258250.0
258328.0
258406.0
258538.0
258539.0
258540.0
258706.0
258707.0
258807.0
258808.0
258809.0
258839.0
258840.0
258842.0
258843.0
258866.0
258867.0
259100.0
259101.0
259131.0
259142.0
259143.0
259159.0
259301.0
259303.0
259304.0
259305.0
259405.0
259406.0
259407.0
259419.0
259437.0
259442.0
259443.0
259453.0
259464.0
259465.0
259478.0
259537.0
259538.0
259539.0
259557.0
259742.0
259743.0
260039.0
260040.0
260042.0
260043.0
260048.0
260122.0
260124.0
260125.0
260126.0
260127.0
260205.0
260206.0
260262.0
260265.0
260266.0
260275.0
260276.0
260339.0
260340.0
260342.0
260343.0
260352.0
260505.0
260506.0
260507.0
260565.0
260566.0
260639.0
260640.0
260642.0
260643.0
260805.0
260806.0
260865.0
260866.0
260939.0
260940.0
260942.0
260943.0
260947.0
260948.0
261106.0
261107.0
261166.0
261171.0
261239.0
261240.0
261242.0
261243.0
261251.0
261405.0
261406.0
261539.0
261540.0
261542.0
261543.0
261706.0
261707.0
261713.0
261795.0
261839.0
261840.0
261842.0
261843.0
261929.0
262005.0
262006.0
262007.0
262139.0
262140.0
262305.0
262306.0
262307.0
262439.0
262440.0
262605.0
262606.0
262607.0
262612.0
262739.0
262740.0
262745.0
262746.0
262983.0
262984.0
262990.0
263042.0
263043.0
263049.0
263076.0
263077.0
263078.0
263165.0
263177.0
263178.0
263179.0
263274.0
263275.0
263276.0
263342.0
263343.0
263578.0
263605.0
263606.0
263642.0
263643.0
263668.0
263669.0
263942.0
263943.0
263948.0
264106.0
264107.0
264165.0
264166.0
264239.0
264240.0
264242.0
264243.0
264405.0
264406.0
264407.0
264410.0
264466.0
264467.0
264539.0
264540.0
264542.0
264543.0
264544.0
264706.0
264707.0
264766.0
264767.0
264770.0
264772.0
264839.0
264840.0
264842.0
264843.0
264847.0
265006.0
265007.0
265065.0
265067.0
265139.0
265140.0
265142.0
265143.0
265306.0
265307.0
265309.0
265394.0
265395.0
265396.0
265439.0
265440.0
265442.0
265443.0
265528.0
265529.0
265606.0
265607.0
265739.0
265740.0
265742.0
265743.0
265746.0
265831.0
265832.0
265906.0
265907.0
266039.0
266040.0
266206.0
266207.0
266208.0
266209.0
266339.0
266340.0
266341.0
266506.0
266507.0
266639.0
266640.0
266806.0
266883.0
266909.0
266910.0
266939.0
266940.0
266942.0
266943.0
266944.0
266967.0
266968.0
266969.0
266970.0
267182.0
267210.0
267222.0
267242.0
267243.0
267268.0
267269.0
267270.0
267483.0
267484.0
267486.0
267495.0
267496.0
267542.0
267543.0
267544.0
267590.0
267842.0
267843.0
268142.0
268143.0
268305.0
268306.0
268365.0
268366.0
268439.0
268440.0
268442.0
268443.0
268606.0
268664.0
268665.0
268667.0
268739.0
268740.0
268742.0
268743.0
268905.0
268906.0
268965.0
268966.0
268994.0
268995.0
269038.0
269039.0
269040.0
269042.0
269043.0
269128.0
269205.0
269206.0
269207.0
269264.0
269265.0
269266.0
269339.0
269340.0
269342.0
269343.0
269432.0
269505.0
269506.0
269507.0
269639.0
269640.0
269642.0
269643.0
269644.0
269804.0
269805.0
269806.0
269937.0
269939.0
269940.0
269942.0
269943.0
270105.0
270106.0
270107.0
270239.0
270240.0
270405.0
270406.0
270539.0
270705.0
270706.0
270836.0
270837.0
270839.0
270840.0
271006.0
271084.0
271110.0
271111.0
271112.0
271139.0
271140.0
271142.0
271143.0
271170.0
271171.0
271172.0
271173.0
271381.0
271408.0
271409.0
271442.0
271443.0
271475.0
271477.0
271678.0
271705.0
271706.0
271742.0
271743.0
272039.0
272042.0
272043.0
272339.0
272340.0
272342.0
272343.0
272501.0
272506.0
272565.0
272567.0
272595.0
272634.0
272639.0
272640.0
272642.0
272643.0
272728.0
272729.0
272805.0
272806.0
272860.0
272862.0
272865.0
272867.0
272938.0
272939.0
272940.0
272942.0
272943.0
273031.0
273032.0
273105.0
273106.0
273107.0
273165.0
273166.0
273167.0
273239.0
273240.0
273242.0
273243.0
273400.0
273405.0
273406.0
273407.0
273467.0
273533.0
273534.0
273539.0
273540.0
273542.0
273543.0
273544.0
273705.0
273706.0
273837.0
273839.0
273840.0
273842.0
273843.0
273844.0
274005.0
274006.0
274007.0
274139.0
274140.0
274142.0
274143.0
274299.0
274306.0
274432.0
274433.0
274439.0
274606.0
274739.0
274740.0
274905.0
274906.0
274907.0
275039.0
275040.0
275277.0
275278.0
275279.0
275280.0
275310.0
275336.0
275337.0
275338.0
275342.0
275343.0
275344.0
275576.0
275599.0
275604.0
275615.0
275635.0
275642.0
275643.0
275880.0
275906.0
275907.0
275908.0
275942.0
275943.0
275944.0
275976.0
275977.0
275978.0
276242.0
276243.0
276244.0
276405.0
276406.0
276407.0
276455.0
276457.0
276465.0
276466.0
276534.0
276535.0
276539.0
276540.0
276542.0
276543.0
276544.0
276632.0
276706.0
276707.0
276764.0
276765.0
276766.0
276839.0
276840.0
276843.0
276844.0
277006.0
277007.0
277064.0
277065.0
277066.0
277130.0
277139.0
277140.0
277142.0
277143.0
277306.0
277307.0
277355.0
277365.0
277366.0
277433.0
277439.0
277440.0
277442.0
277443.0
277451.0
277452.0
277455.0
277606.0
277607.0
277739.0
277740.0
277742.0
277743.0
277895.0
277906.0
277907.0
278028.0
278029.0
278039.0
278040.0
278042.0
278043.0
278206.0
278207.0
278339.0
278340.0
278506.0
278507.0
278639.0
278640.0
278794.0
278795.0
278806.0
278807.0
278928.0
278939.0
278940.0
279106.0
279107.0
279153.0
279183.0
279194.0
279212.0
279221.0
279231.0
279239.0
279240.0
279242.0
279243.0
279264.0
279273.0
279276.0
279285.0
279286.0
279508.0
279509.0
279510.0
279540.0
279542.0
279543.0
279544.0
279567.0
279568.0
279802.0
279803.0
279804.0
279834.0
279842.0
279843.0
279844.0
279861.0
279862.0
280130.0
280131.0
280142.0
280143.0
280144.0
280231.0
280232.0
280442.0
280443.0
280444.0
280499.0
280592.0
280606.0
280607.0
280666.0
280667.0
280726.0
280739.0
280740.0
280742.0
280743.0
280744.0
280906.0
280907.0
280951.0
280952.0
280966.0
280967.0
281029.0
281039.0
281040.0
281042.0
281043.0
281044.0
281054.0
281056.0
281057.0
281206.0
281207.0
281264.0
281265.0
281267.0
281339.0
281340.0
281342.0
281343.0
281344.0
281491.0
281506.0
281507.0
281565.0
281567.0
281625.0
281639.0
281640.0
281642.0
281643.0
281644.0
281806.0
281807.0
281928.0
281939.0
281940.0
281942.0
281943.0
281944.0
282106.0
282107.0
282239.0
282240.0
282242.0
282243.0
282244.0
282391.0
282406.0
282407.0
282524.0
282539.0
282540.0
282706.0
282707.0
282839.0
282840.0
283006.0
283007.0
283139.0
283140.0
283289.0
283290.0
283306.0
283307.0
283367.0
283368.0
283386.0
283416.0
283423.0
283426.0
283439.0
283440.0
283443.0
283444.0
283668.0
283687.0
283688.0
283689.0
283690.0
283698.0
283720.0
283726.0
283727.0
283743.0
283744.0
283747.0
283748.0
283832.0
283981.0
283982.0
283983.0
283984.0
284040.0
284041.0
284042.0
284043.0
284044.0
284343.0
284344.0
284639.0
284640.0
284641.0
284643.0
284644.0
284652.0
284653.0
284655.0
284656.0
284685.0
284806.0
284807.0
284808.0
284864.0
284865.0
284866.0
284939.0
284940.0
284941.0
284943.0
284944.0
285003.0
285106.0
285107.0
285164.0
285165.0
285166.0
285221.0
285239.0
285240.0
285243.0
285245.0
285406.0
285407.0
285446.0
285450.0
285464.0
285465.0
285466.0
285524.0
285525.0
285539.0
285540.0
285543.0
285544.0
285706.0
285707.0
285765.0
285766.0
285839.0
285840.0
285843.0
285844.0
285987.0
286006.0
286007.0
286120.0
286139.0
286140.0
286143.0
286144.0
286306.0
286307.0
286424.0
286439.0
286440.0
286443.0
286444.0
286606.0
286607.0
286739.0
286740.0
286885.0
286886.0
286906.0
286907.0
286908.0
286995.0
286996.0
287019.0
287039.0
287040.0
287041.0
287128.0
287129.0
287206.0
287207.0
287339.0
287340.0
287341.0
287408.0
287432.0
287607.0
287608.0
287609.0
287622.0
287643.0
287644.0
287652.0
287666.0
287667.0
287680.0
287908.0
287909.0
287910.0
287940.0
287943.0
287944.0
287967.0
288003.0
288191.0
288206.0
288207.0
288208.0
288221.0
288222.0
288243.0
288244.0
288250.0
288252.0
288265.0
288266.0
288543.0
288544.0
288603.0
288684.0
288706.0
288707.0
288764.0
288765.0
288766.0
288817.0
288839.0
288840.0
288843.0
288844.0
289006.0
289007.0
289041.0
289045.0
289066.0
289067.0
289120.0
289121.0
289139.0
289140.0
289143.0
289144.0
289306.0
289307.0
289365.0
289366.0
289367.0
289439.0
289440.0
289443.0
289444.0
289583.0
289606.0
289607.0
289664.0
289665.0
289666.0
289667.0
289716.0
289740.0
289743.0
289744.0
289906.0
289907.0
290039.0
290040.0
290043.0
290044.0
290206.0
290207.0
290339.0
290340.0
290343.0
290344.0
290403.0
290481.0
290482.0
290506.0
290507.0
290595.0
290596.0
290615.0
290639.0
290640.0
290728.0
290729.0
290730.0
290806.0
290807.0
290939.0
290940.0
291106.0
291107.0
291108.0
291240.0
291241.0
291381.0
291406.0
291407.0
291508.0
291509.0
291510.0
291511.0
291514.0
291539.0
291540.0
291541.0
291543.0
291544.0
291545.0
291567.0
291568.0
291569.0
291603.0
291787.0
291808.0
291809.0
291810.0
291818.0
291819.0
291840.0
291843.0
291844.0
291845.0
291867.0
291872.0
291903.0
291927.0
291938.0
291955.0
291956.0
291973.0
291976.0
292108.0
292109.0
292110.0
292111.0
292141.0
292143.0
292144.0
292168.0
292169.0
292203.0
292443.0
292444.0
292503.0
292717.0
292743.0
292744.0
292775.0
292786.0
292788.0
292789.0
292792.0
292793.0
292794.0
292795.0
292796.0
292799.0
292803.0
292804.0
292805.0
292807.0
292808.0
292810.0
292811.0
292812.0
292814.0
292816.0
292846.0
292849.0
292858.0
292860.0
292866.0
292867.0
292876.0
292882.0
292883.0
292884.0
292886.0
292889.0
292898.0
292905.0
292906.0
292907.0
292909.0
292921.0
292923.0
292925.0
292926.0
292927.0
292928.0
292929.0
292930.0
292938.0
292939.0
292941.0
292943.0
292944.0
292945.0
292950.0
292965.0
292967.0
292991.0
293003.0
293039.0
293040.0
293043.0
293044.0
293073.0
293096.0
293099.0
293100.0
293103.0
293107.0
293110.0
293111.0
293112.0
293113.0
293114.0
293115.0
293116.0
293118.0
293124.0
293137.0
293153.0
293155.0
293162.0
293163.0
293170.0
293178.0
293179.0
293180.0
293188.0
293190.0
293193.0
293206.0
293207.0
293209.0
293210.0
293211.0
293213.0
293223.0
293225.0
293227.0
293229.0
293230.0
293231.0
293232.0
293233.0
293234.0
293242.0
293243.0
293245.0
293247.0
293248.0
293249.0
293265.0
293266.0
293267.0
293283.0
293312.0
293339.0
293340.0
293343.0
293344.0
293403.0
293428.0
293429.0
293441.0
293488.0
293506.0
293507.0
293540.0
293541.0
293564.0
293565.0
293566.0
293616.0
293639.0
293640.0
293643.0
293644.0
293799.0
293806.0
293807.0
293808.0
293814.0
293865.0
293866.0
293921.0
293929.0
293931.0
293932.0
293935.0
293936.0
293939.0
293940.0
293941.0
293943.0
293944.0
293947.0
293975.0
293976.0
293981.0
293982.0
293986.0
293991.0
294011.0
294018.0
294023.0
294026.0
294029.0
294078.0
294106.0
294107.0
294108.0
294195.0
294211.0
294236.0
294240.0
294241.0
294243.0
294244.0
294245.0
294248.0
294266.0
294296.0
294328.0
294406.0
294407.0
294515.0
294539.0
294540.0
294543.0
294544.0
294545.0
294603.0
294632.0
294633.0
294706.0
294707.0
294839.0
294840.0
294976.0
294977.0
295006.0
295007.0
295110.0
295139.0
295140.0
295306.0
295307.0
295308.0
295439.0
295440.0
295441.0
295577.0
295606.0
295607.0
295708.0
295709.0
295721.0
295722.0
295739.0
295740.0
295743.0
295744.0
295745.0
295752.0
295767.0
295768.0
295780.0
295803.0
295828.0
296009.0
296010.0
296011.0
296041.0
296043.0
296044.0
296068.0
296069.0
296103.0
296128.0
296308.0
296310.0
296313.0
296322.0
296343.0
296344.0
296345.0
296352.0
296367.0
296368.0
296373.0
296380.0
296399.0
296643.0
296644.0
296645.0
296908.0
296939.0
296940.0
296943.0
296944.0
297003.0
297106.0
297107.0
297108.0
297109.0
297135.0
297136.0
297164.0
297165.0
297166.0
297239.0
297241.0
297242.0
297243.0
297244.0
297406.0
297407.0
297464.0
297465.0
297466.0
297539.0
297540.0
297541.0
297543.0
297545.0
297546.0
297706.0
297707.0
297708.0
297765.0
297766.0
297767.0
297795.0
297796.0
297807.0
297839.0
297840.0
297841.0
297843.0
297844.0
297845.0
297903.0
297928.0
297929.0
298006.0
298007.0
298008.0
298037.0
298066.0
298067.0
298111.0
298140.0
298141.0
298142.0
298143.0
298144.0
298145.0
298233.0
298252.0
298306.0
298307.0
298439.0
298440.0
298443.0
298444.0
298445.0
298503.0
298572.0
298606.0
298607.0
298608.0
298706.0
298739.0
298740.0
298741.0
298743.0
298744.0
298906.0
298907.0
299039.0
299040.0
299206.0
299207.0
299339.0
299340.0
299471.0
299472.0
299506.0
299507.0
299508.0
299605.0
299639.0
299640.0
299641.0
299727.0
299875.0
299876.0
299906.0
299908.0
299909.0
299910.0
299913.0
299943.0
299944.0
299945.0
299967.0
299968.0
299970.0
300027.0
300208.0
300209.0
300210.0
300211.0
300241.0
300243.0
300245.0
300246.0
300267.0
300268.0
300269.0
300509.0
300510.0
300511.0
300541.0
300543.0
300544.0
300545.0
300568.0
300569.0
300808.0
300843.0
300844.0
301006.0
301007.0
301064.0
301065.0
301066.0
301067.0
301068.0
301070.0
301140.0
301143.0
301144.0
301270.0
301306.0
301307.0
301364.0
301365.0
301366.0
301367.0
301395.0
301403.0
301439.0
301440.0
301443.0
301444.0
301503.0
301528.0
301529.0
301606.0
301607.0
301608.0
301630.0
301632.0
301664.0
301665.0
301666.0
301707.0
301739.0
301740.0
301741.0
301743.0
301744.0
301833.0
301852.0
301906.0
301907.0
301965.0
301966.0
301967.0
302039.0
302040.0
302041.0
302043.0
302044.0
302045.0
302103.0
302168.0
302169.0
302206.0
302207.0
302302.0
302339.0
302340.0
302343.0
302344.0
302403.0
302506.0
302507.0
302558.0
302566.0
302606.0
302639.0
302640.0
302641.0
302643.0
302644.0
302654.0
302687.0
302691.0
302699.0
302806.0
302807.0
302939.0
302940.0
302941.0
303068.0
303106.0
303107.0
303201.0
303239.0
303240.0
303406.0
303407.0
303539.0
303540.0
303706.0
303707.0
303708.0
303808.0
303810.0
303839.0
303840.0
303841.0
303843.0
303844.0
303868.0
303869.0
303880.0
303882.0
303884.0
303899.0
303903.0
303910.0
303923.0
304109.0
304110.0
304112.0
304142.0
304143.0
304144.0
304145.0
304169.0
304170.0
304173.0
304404.0
304409.0
304410.0
304411.0
304441.0
304443.0
304444.0
304469.0
304490.0
304743.0
304861.0
304862.0
305043.0
305099.0
305128.0
305129.0
305206.0
305207.0
305226.0
305265.0
305266.0
305303.0
305340.0
305341.0
305343.0
305344.0
305345.0
305346.0
305403.0
305432.0
305433.0
305452.0
305506.0
305507.0
305565.0
305566.0
305639.0
305640.0
305643.0
305644.0
305645.0
305684.0
305685.0
305686.0
305703.0
305765.0
305806.0
305807.0
305865.0
305898.0
305939.0
305940.0
305941.0
305943.0
305944.0
305945.0
306106.0
306107.0
306126.0
306127.0
306166.0
306167.0
306171.0
306202.0
306239.0
306240.0
306243.0
306244.0
306245.0
306257.0
306406.0
306407.0
306408.0
306539.0
306540.0
306541.0
306543.0
306544.0
306664.0
306706.0
306707.0
306797.0
306839.0
306840.0
306841.0
306843.0
306844.0
306845.0
307006.0
307007.0
307139.0
307140.0
307306.0
307307.0
307440.0
307563.0
307606.0
307607.0
307739.0
307740.0
307741.0
307967.0
307997.0
308000.0
308009.0
308010.0
308011.0
308026.0
308043.0
308044.0
308045.0
308068.0
308069.0
308128.0
308309.0
308310.0
308311.0
308341.0
308343.0
308344.0
308345.0
308346.0
308368.0
308369.0
308428.0
308609.0
308624.0
308625.0
308643.0
308644.0
308645.0
308655.0
308668.0
308683.0
308703.0
308729.0
308899.0
308943.0
308944.0
308945.0
308959.0
309052.0
309165.0
309166.0
309167.0
309169.0
309170.0
309239.0
309240.0
309241.0
309243.0
309244.0
309245.0
309404.0
309405.0
309406.0
309407.0
309414.0
309415.0
309465.0
309466.0
309467.0
309494.0
309537.0
309538.0
309539.0
309540.0
309541.0
309543.0
309544.0
309545.0
309548.0
309549.0
309706.0
309707.0
309708.0
309720.0
309722.0
309765.0
309766.0
309767.0
309798.0
309839.0
309840.0
309841.0
309842.0
309843.0
309844.0
309845.0
309852.0
309853.0
309855.0
309857.0
310006.0
310007.0
310065.0
310066.0
310067.0
310069.0
310070.0
310140.0
310141.0
310143.0
310144.0
310145.0
310146.0
310203.0
310260.0
310306.0
310307.0
310367.0
310393.0
310439.0
310440.0
310441.0
310444.0
310445.0
310503.0
310606.0
310607.0
310608.0
310697.0
310740.0
310741.0
310743.0
310744.0
310745.0
310906.0
310907.0
311040.0
311041.0
311159.0
311206.0
311207.0
311208.0
311209.0
311292.0
311340.0
311342.0
311506.0
311507.0
311639.0
311640.0
311806.0
311807.0
311903.0
311904.0
311905.0
311906.0
311936.0
311939.0
311940.0
311941.0
311963.0
311964.0
312039.0
312210.0
312211.0
312212.0
312244.0
312245.0
312269.0
312270.0
312329.0
312462.0
312495.0
312508.0
312509.0
312512.0
312513.0
312521.0
312544.0
312545.0
312567.0
312568.0
312569.0
312570.0
312604.0
312810.0
312812.0
312822.0
312823.0
312842.0
312844.0
312845.0
312869.0
312881.0
312904.0
313144.0
313145.0
313204.0
313306.0
313307.0
313316.0
313320.0
313365.0
313366.0
313394.0
313395.0
313439.0
313440.0
313444.0
313445.0
313454.0
313455.0
313456.0
313504.0
313606.0
313607.0
313664.0
313665.0
313666.0
313739.0
313740.0
313741.0
313744.0
313745.0
313855.0
313856.0
313906.0
313907.0
313908.0
313965.0
313966.0
313969.0
313970.0
313989.0
314039.0
314040.0
314041.0
314044.0
314045.0
314206.0
314207.0
314215.0
314216.0
314265.0
314266.0
314293.0
314323.0
314339.0
314340.0
314341.0
314344.0
314345.0
314404.0
314506.0
314507.0
314639.0
314640.0
314641.0
314644.0
314645.0
314755.0
314806.0
314807.0
314888.0
314939.0
314940.0
314941.0
314944.0
314945.0
315106.0
315107.0
315239.0
315240.0
315241.0
315406.0
315407.0
315539.0
315540.0
315654.0
315706.0
315707.0
315708.0
315787.0
315788.0
315789.0
315795.0
315796.0
315839.0
315840.0
315841.0
315929.0
315930.0
316006.0
316007.0
316058.0
316091.0
316094.0
316109.0
316110.0
316111.0
316112.0
316139.0
316140.0
316141.0
316142.0
316144.0
316145.0
316146.0
316168.0
316169.0
316170.0
316233.0
316252.0
316410.0
316412.0
316444.0
316445.0
316469.0
316470.0
316528.0
316710.0
316712.0
316724.0
316744.0
316745.0
316754.0
316769.0
316770.0
316829.0
316990.0
316991.0
317044.0
317045.0
317046.0
317104.0
317344.0
317345.0
317369.0
317399.0
317452.0
317506.0
317507.0
317565.0
317566.0
317567.0
317585.0
317639.0
317640.0
317641.0
317644.0
317645.0
317646.0
317647.0
317648.0
317806.0
317807.0
317812.0
317815.0
317866.0
317867.0
317869.0
317870.0
317889.0
317890.0
317940.0
317944.0
317945.0
318106.0
318107.0
318164.0
318165.0
318166.0
318167.0
318170.0
318239.0
318240.0
318241.0
318244.0
318245.0
318304.0
318351.0
318406.0
318407.0
318408.0
318465.0
318467.0
318469.0
318470.0
318472.0
318539.0
318540.0
318541.0
318544.0
318545.0
318604.0
318706.0
318707.0
318788.0
318789.0
318840.0
318841.0
318844.0
318845.0
319006.0
319007.0
319008.0
319139.0
319140.0
319141.0
319142.0
319144.0
319145.0
319250.0
319307.0
319308.0
319309.0
319394.0
319395.0
319439.0
319440.0
319441.0
319442.0
319443.0
319529.0
319606.0
319607.0
319739.0
319740.0
319741.0
319906.0
319907.0
320040.0
320149.0
320282.0
320302.0
320304.0
320305.0
320306.0
320315.0
320316.0
320344.0
320345.0
320361.0
320362.0
320363.0
320374.0
320551.0
320581.0
320586.0
320587.0
320608.0
320609.0
320610.0
320614.0
320624.0
320625.0
320644.0
320645.0
320655.0
320667.0
320668.0
320670.0
320681.0
320738.0
320739.0
320757.0
320906.0
320907.0
320908.0
320938.0
320944.0
320945.0
320965.0
320966.0
321244.0
321245.0
321465.0
321466.0
321469.0
321470.0
321485.0
321486.0
321540.0
321541.0
321544.0
321545.0
321607.0
321706.0
321707.0
321708.0
321765.0
321766.0
321769.0
321770.0
321840.0
321841.0
321844.0
321845.0
321912.0
322006.0
322007.0
322065.0
322066.0
322070.0
322080.0
322140.0
322141.0
322144.0
322145.0
322306.0
322307.0
322310.0
322365.0
322366.0
322370.0
322384.0
322385.0
322440.0
322441.0
322444.0
322445.0
322606.0
322607.0
322666.0
322740.0
322741.0
322744.0
322745.0
322846.0
322906.0
322907.0
322994.0
322995.0
322996.0
323040.0
323041.0
323044.0
323045.0
323128.0
323129.0
323206.0
323207.0
323283.0
323284.0
323340.0
323341.0
323506.0
323507.0
323640.0
323641.0
323806.0
323807.0
323878.0
323879.0
323940.0
323941.0
324106.0
324107.0
324219.0
324220.0
324221.0
324240.0
324241.0
324251.0
324278.0
324279.0
324342.0
324344.0
324361.0
324362.0
324515.0
324516.0
324517.0
324518.0
324544.0
324545.0
324548.0
324575.0
324576.0
324638.0
324807.0
324808.0
324838.0
324844.0
324845.0
324866.0
325062.0
325082.0
325090.0
325117.0
325118.0
325119.0
325122.0
325144.0
325145.0
325172.0
325173.0
325174.0
325444.0
325445.0
325543.0
325606.0
325607.0
325609.0
325610.0
325665.0
325667.0
325671.0
325677.0
325740.0
325741.0
325742.0
325743.0
325744.0
325745.0
325905.0
325906.0
325907.0
325908.0
325909.0
325910.0
325965.0
325967.0
325970.0
325980.0
325981.0
326040.0
326041.0
326042.0
326043.0
326044.0
326045.0
326046.0
326047.0
326104.0
326206.0
326207.0
326265.0
326267.0
326269.0
326270.0
326340.0
326341.0
326344.0
326345.0
326346.0
326347.0
326348.0
326442.0
326506.0
326507.0
326565.0
326567.0
326570.0
326575.0
326595.0
326640.0
326641.0
326644.0
326645.0
326728.0
326729.0
326806.0
326807.0
326808.0
326880.0
326940.0
326941.0
326944.0
326945.0
327032.0
327033.0
327106.0
327107.0
327240.0
327241.0
327244.0
327245.0
327341.0
327406.0
327407.0
327474.0
327475.0
327540.0
327541.0
327706.0
327707.0
327840.0
327841.0
328006.0
328007.0
328140.0
328141.0
328306.0
328307.0
328373.0
328394.0
328421.0
328422.0
328435.0
328440.0
328441.0
328444.0
328445.0
328480.0
328481.0
328482.0
328654.0
328678.0
328686.0
328710.0
328713.0
328744.0
328745.0
328769.0
328770.0
328994.0
329007.0
329008.0
329009.0
329022.0
329044.0
329045.0
329083.0
329344.0
329345.0
329577.0
329641.0
329644.0
329645.0
329700.0
329806.0
329807.0
329865.0
329866.0
329869.0
329870.0
329940.0
329941.0
329944.0
329945.0
329946.0
330038.0
330106.0
330107.0
330165.0
330166.0
330169.0
330170.0
330171.0
330172.0
330195.0
330196.0
330240.0
330241.0
330244.0
330245.0
330329.0
330400.0
330401.0
330406.0
330407.0
330465.0
330466.0
330470.0
330476.0
330540.0
330541.0
330544.0
330545.0
330632.0
330633.0
330706.0
330707.0
330765.0
330766.0
330770.0
330840.0
330841.0
330844.0
330845.0
330937.0
331006.0
331007.0
331008.0
331071.0
331140.0
331141.0
331142.0
331144.0
331145.0
331306.0
331307.0
331375.0
331440.0
331441.0
331444.0
331445.0
331446.0
331606.0
331607.0
331740.0
331741.0
331906.0
331907.0
331969.0
331970.0
332040.0
332041.0
332206.0
332207.0
332340.0
332341.0
332596.0
332597.0
332598.0
332628.0
332644.0
332645.0
332655.0
332656.0
332904.0
332905.0
332906.0
332944.0
332945.0
332964.0
333141.0
333173.0
333200.0
333208.0
333209.0
333239.0
333244.0
333245.0
333267.0
333544.0
333545.0
333736.0
333765.0
333766.0
333767.0
333770.0
333795.0
333840.0
333841.0
333844.0
333845.0
333928.0
333929.0
333995.0
334006.0
334065.0
334067.0
334070.0
334072.0
334129.0
334130.0
334140.0
334144.0
334145.0
334232.0
334233.0
334234.0
334262.0
334263.0
334264.0
334365.0
334367.0
334369.0
334370.0
334440.0
334444.0
334533.0
334567.0
334568.0
334606.0
334665.0
334666.0
334667.0
334670.0
334744.0
334897.0
334906.0
334907.0
334967.0
334971.0
335040.0
335041.0
335044.0
335206.0
335207.0
335340.0
335341.0
335344.0
335345.0
335346.0
335432.0
335506.0
335507.0
335565.0
335640.0
335641.0
335806.0
335807.0
335940.0
335941.0
336106.0
336107.0
336240.0
336241.0
336406.0
336407.0
336464.0
336465.0
336509.0
336511.0
336540.0
336541.0
336544.0
336545.0
336568.0
336569.0
336721.0
336769.0
336790.0
336791.0
336792.0
336793.0
336823.0
336844.0
336845.0
336849.0
336850.0
336851.0
337072.0
337073.0
337074.0
337104.0
337131.0
337132.0
337144.0
337145.0
337444.0
337445.0
337668.0
337744.0
337745.0
337833.0
337834.0
337906.0
337907.0
337965.0
337966.0
337970.0
338040.0
338041.0
338044.0
338045.0
338129.0
338206.0
338207.0
338263.0
338265.0
338266.0
338270.0
338340.0
338341.0
338344.0
338345.0
338346.0
338490.0
338491.0
338506.0
338507.0
338565.0
338566.0
338567.0
338570.0
338640.0
338641.0
338644.0
338645.0
338646.0
338655.0
338656.0
338806.0
338807.0
338865.0
338866.0
338870.0
338940.0
338941.0
338944.0
338945.0
338946.0
339028.0
339106.0
339107.0
339240.0
339241.0
339244.0
339245.0
339246.0
339406.0
339407.0
339466.0
339540.0
339541.0
339544.0
339545.0
339546.0
339706.0
339707.0
339708.0
339840.0
339841.0
339927.0
340006.0
340007.0
340061.0
340140.0
340141.0
340306.0
340307.0
340308.0
340440.0
340441.0
340442.0
340606.0
340607.0
340673.0
340675.0
340705.0
340732.0
340733.0
340740.0
340741.0
340744.0
340745.0
340746.0
340747.0
341009.0
341010.0
341011.0
341041.0
341045.0
341046.0
341068.0
341069.0
341220.0
341264.0
341279.0
341301.0
341310.0
341311.0
341331.0
341345.0
341346.0
341358.0
341369.0
341405.0
341433.0
341434.0
341644.0
341645.0
341646.0
341940.0
341941.0
341944.0
341945.0
341946.0
342086.0
342087.0
342106.0
342107.0
342163.0
342167.0
342171.0
342240.0
342241.0
342244.0
342245.0
342246.0
342255.0
342256.0
342257.0
342406.0
342407.0
342408.0
342466.0
342467.0
342471.0
342540.0
342541.0
342542.0
342544.0
342545.0
342546.0
342624.0
342706.0
342707.0
342757.0
342758.0
342766.0
342767.0
342769.0
342770.0
342771.0
342840.0
342841.0
342844.0
342845.0
342846.0
342986.0
342987.0
343006.0
343007.0
343062.0
343067.0
343140.0
343141.0
343144.0
343145.0
343306.0
343307.0
343308.0
343440.0
343441.0
343444.0
343445.0
343446.0
343523.0
343606.0
343607.0
343657.0
343740.0
343741.0
343744.0
343745.0
343746.0
343906.0
343907.0
344040.0
344041.0
344206.0
344207.0
344340.0
344341.0
344422.0
344506.0
344507.0
344555.0
344556.0
344594.0
344595.0
344640.0
344641.0
344729.0
344814.0
344844.0
344860.0
344873.0
344887.0
344888.0
344889.0
344919.0
344944.0
344945.0
344946.0
345033.0
345034.0
345184.0
345211.0
345212.0
345244.0
345245.0
345246.0
345270.0
345271.0
345272.0
345470.0
345471.0
345472.0
345502.0
345529.0
345530.0
345544.0
345545.0
345546.0
