296.68426467098624
302.073405433789
323.73306941667715
328.9516124322138
372.8254371424581
430.9338073443479
476.02369515169727
489.92566312448304
570.8838390448884
576.4801566165165
723.025857265024
759.0029697969325
803.9838071292066
844.8379066798982
881.9057014846325
927.9718379907314
938.2645386294395
943.5978102027639
972.1067932737583
1018.3296493583318
1121.364964918662
1166.918015450108
1257.7421090197035
1315.9272188911489
1459.519114177931
1459.566097939853
1509.814040167715
1585.6710571957358
1836.2477103635147
1878.9824707370344
2033.9969968694336
2035.154023757391
2273.8299560548985
2336.359432431697
2337.0498798919984
2399.7496397004306
2435.5367345776076
2440.028545465114
2448.3529165374625
2476.651214783094
2721.3521324479657
2724.441604625544
2804.9734127689258
2840.1335772828184
2937.9558341268144
2997.5023497849966
3062.2639132983986
3228.819783636684
3230.7995241428234
3534.6656107874774
3611.2654160115503
3952.982439042743
4434.1674897810535
6449.184099566974
6972.712499534744
7150.953427502315
7401.042604622076
7637.855935745203
7655.694699303048
8792.592327026481
8998.9368936234
9052.391896451767
9072.098285385522
9425.905162841833
9644.893346313507
9823.48586564285
10330.408624790492
10627.84778036913
10889.1921387513
12427.819482250043
12445.187587323218
12528.737341920307
12538.992896137961
13268.347029590775
13719.417862322707
13795.276525432319
14414.187541166328
15704.411333652291
15965.730628528565
17790.815443489984
18289.19841835837
18467.133253838576
18494.83707894056
18509.31130906959
18804.802842671226
19163.37725076026
20012.729860767788
20415.521826606568
20520.053357485733
20954.931554980965
21284.644181301763
22861.07181292361
22896.414891485998
23400.726682226294
23781.547082478068
23788.412493933265
24341.28090583933
24363.347289601123
24751.285208240246
25186.71275372533
25721.15569444738
25771.419349088195
26851.447157918712
27162.60941865741
27764.954884712133
27768.72560137654
27856.062228075134
28650.710330964288
29189.049744790165
29642.8479569087
29792.00314753596
29896.868411379783
32536.88735584407
32649.635370670247
33042.799402984216
33137.398210456384
33143.598702791314
33188.80551652649
33209.80694953733
33237.405482962895
33281.340996369334
33307.70347047525
33331.69992953554
33362.31986153204
33452.19826656834
33544.574380663595
33602.491077992745
33619.450212032294
33626.3617785
33651.12750514419
33728.051843008514
33733.56145323563
33750.71956316134
33757.698434420054
33800.567909214325
33867.59862500714
33885.52741392596
33890.84359527725
33928.13645578037
33987.78266006738
34005.54604230012
34055.52561383711
34093.941755233594
34247.07287644046
34333.96277144915
34358.04723867935
34392.51022652916
34462.896634021905
34543.84048506834
34577.73352522729
34608.78254850785
34657.479785876436
34722.87078581154
34745.02437578435
34747.82935106134
34772.95430433489
34799.26839508933
34821.013404842335
34856.64720785144
34866.35776493601
34934.33250875772
35086.32900541426
35127.198017813585
35316.55168998795
35441.624048046935
35447.109404599265
35501.77197121482
35578.710880043254
35634.97099676759
35638.895617305694
35721.720540626855
35730.64111874782
35882.70084426671
35919.51593461077
35925.19255670459
35944.77166406635
35949.863617925585
36037.582476654505
36065.14143359843
36153.07615131185
36167.626214672826
36197.95468677805
36224.62620542439
36244.499009248786
36250.26733154062
36257.38024959239
36269.49834849522
36320.43048803623
36463.99455383705
36487.24475350588
36518.97815572051
36536.30359663344
36553.373058669335
36586.0612069013
36586.62215119922
36632.238900561235
36673.37442961988
36750.95764618931
36848.90124474036
36884.32365230819
36896.092391823666
37033.34015184316
37086.19576943302
37199.2930799474
37216.505210341915
37303.172718649104
37324.52247638216
37396.005499434905
37460.17354918814
37520.882923517216
37532.83253475926
37541.81806078048
37607.58788762386
37704.44909875312
37741.442488731926
37770.206501944835
37808.48315316031
37811.90103365104
37834.06934239847
37857.93083959554
37945.7433060877
37986.7119350889
38179.04747309787
38274.049798992164
38295.355151390526
38324.60228128982
38356.7672290609
38549.52800587316
38591.833599213576
38618.553776283465
38698.488266473156
38725.155694383066
38821.09255194193
38833.02651523598
38834.10992699446
38876.489468639105
39050.36444837078
39105.00227842013
39175.13336212612
39189.50229582759
39204.827494707584
39230.280030283015
39241.471502151944
39272.29615595925
39279.47681181626
39294.141090780926
39299.43618101609
39302.37645226111
39443.385647810384
39451.51344376369
39456.97120277575
39476.44183436049
39481.61900871196
39520.655576297344
39529.41230572233
39534.84090348823
39609.88305544094
39631.370605130454
39647.746565874564
39654.54773968892
39722.451679916594
39724.40288575665
39773.79086866745
39784.81716613496
39797.43801952208
39815.551714407804
39819.73925110146
39870.377027140894
39886.05186815451
39952.07334933364
39969.60922370351
39988.430614784374
40059.56285638667
40062.5317137304
40070.237997873664
40162.051684133585
40205.07372917882
40221.74568501696
40261.23493346868
40275.02426219253
40304.99924379327
40360.64844516735
40367.57703325207
40384.67125657434
40387.81719186697
40404.02499582254
40424.26010830436
40425.493319103116
40435.99140073723
40453.3876975135
40455.37783021855
40480.81179993409
40824.66083896694
41155.78119862608
41278.54123126467
41314.12851718117
41350.733235952655
41615.167210212785
41767.65547259639
41860.91726161717
41887.24110150516
41928.97314859061
41974.865398401664
42113.23940055482
42124.45211589575
42198.29289384717
42289.42623539016
42461.55769398651
42565.731486422905
42681.736298717886
42739.399096650115
42808.32116617696
42924.26238494016
43066.38451960046
43328.669936090264
43368.997897151705
43465.64191923562
43567.553455096015
43658.602566966
43682.609630007966
43796.87328080532
43903.77018919049
43973.60259875959
43984.425091614685
44001.34646591194
44098.81204344254
44203.09189616378
44253.591694466064
44297.19821734317
44298.790127238
44328.15075254198
44332.83620733881
44494.04249857643
44496.27779598864
44518.89966857474
44557.76391951856
44620.65093168116
44648.053398963864
44687.08588504864
44897.61078492706
45091.3117933374
45217.29127551833
45244.73066338113
45557.59117859636
45591.98386609413
45604.78124072105
45690.47956045524
45952.48020151678
46054.190758356206
46148.184169506225
46271.62099700946
46375.23094668872
46469.269406875304
46499.125001068016
46515.13014685588
46594.086269616906
46675.534188727695
46710.27851289183
46850.03063953048
47118.69421414397
47353.65023433773
47410.9604255177
47481.460275767015
47759.85379041506
47852.14144974078
48045.336592443084
48133.308840128826
48399.57453267063
48417.32526516
48662.99128523834
48707.19235750184
48782.02872957081
48824.29750389774
48862.8757609967
49202.37679333534
49460.757705797594
49594.23220163075
49596.02955925367
49976.59964613109
50001.080035669576
50059.388310959424
50273.92202101708
50276.00301609483
50300.27739170579
50417.30714551054
50428.09442812651
50440.55196091734
50547.62767903793
50559.29379065582
50656.00964998389
50663.37704619353
50767.837948623164
50886.00016729016
50930.664616775866
51015.41019883368
51036.53208887751
51189.672295150056
51191.79351046321
51204.73935314943
51210.36242054877
51314.40998491711
51439.791390711376
51471.725670061576
51539.79508249412
51552.610762606964
51674.97205293648
51691.727572050426
51730.669243126074
51749.0977914647
51947.10977545645
52068.49818021799
52288.8884350931
52446.30569747664
52479.952872522044
52510.81337107837
52710.096427574565
52723.09056497974
52815.148867405296
52830.7460851336
52859.467447271454
52884.466674854935
52920.9864439195
53018.929535271454
53028.26808165455
53120.2664686552
53164.16653839505
53334.24545364272
53411.16371297992
53785.14322798649
53856.63648257154
53881.05925392115
53883.04193730068
53944.437637972296
53968.84608622029
54029.041011151516
54079.37366251806
54178.97031630265
54309.02569617467
54637.702468222815
54672.88950615293
54834.639698852436
54915.692669688346
55014.027186256084
55122.70246095111
55290.09157872789
55296.88229331073
55373.48174846271
55421.77374381319
55474.048951774246
55662.75822971749
55856.709090803095
55978.906013918444
56108.73367335543
56112.481776740795
56136.49919511109
56240.83834808951
56564.95324102173
56575.03126079847
56575.8765510861
56593.12832531749
56668.30529600214
56811.71595105974
56890.79872368033
56928.06204556233
56931.451533938336
56964.70498592019
57014.57845106952
57175.29457267819
57206.71190766425
57381.62935372076
57484.99876891117
57490.154676665705
57551.48055427759
57691.03141093654
57942.86013478812
58010.799332599745
58126.251362389026
58178.88007693166
58310.88205466388
58360.22246919372
58409.58539552507
58464.8808367272
58530.52534554599
58614.68908748238
58738.72692775885
58926.27781645146
59024.45695594753
59243.31620316851
59476.084686881986
59992.66974954354
60164.61318826691
60517.41411083098
60929.11998171653
61211.201970390706
61566.469628802246
61599.3172674134
61691.8491334466
62025.54133074825
62151.3619148032
62624.62362437439
62737.40034781039
62944.57211184902
62961.83671038136
62996.74589997003
63061.8667352994
63068.915530680635
63136.33311022073
63173.207952728015
63213.80817142278
63216.106686933286
63242.02579554742
63274.03208879777
63276.352148835555
63324.32601130442
63347.81572829481
63360.65254679501
63419.07642695984
63453.32727013391
63455.07155803021
63493.24006770004
63512.15685252361
63622.64006396553
63627.26728444918
63708.720794808716
63772.026509028525
63786.39349524649
63821.534264935966
63903.44732094411
63935.50385162504
63937.081938911215
63938.75505457443
63991.85978470844
64056.27418449993
64087.877835466694
64146.90580461149
64250.326347601695
64271.19064837321
64302.09514630244
64308.39946230145
64332.182479460855
64389.80439557577
64401.531933640814
64406.57288392457
64410.858259279266
64487.16399960354
64535.9486119716
64610.63357454822
64623.38201178626
64635.79772266169
64639.346652095985
64663.25482683606
64713.377554687715
64740.45409102721
64791.21112862495
64974.01026513418
65047.13893131825
65191.10717865022
65223.396433153124
65318.394510719365
65346.8773913767
65348.24106312451
65353.98869254379
65385.17114177054
65458.14967559697
65527.55294723059
65540.35995136367
65601.62718315047
65629.11394979358
65634.59667735212
65659.72746332313
65707.53685874034
65711.23663791959
65713.38673696073
65745.67311030159
65745.87390722484
65754.20993087346
65792.24758065265
65800.92550882255
65807.62833730537
65975.93453152991
66050.10529004745
66060.54514481344
66178.1282676466
66336.01481491928
66435.89529322457
66445.15296339296
66449.31027486286
66494.86784748897
66499.05186371953
66537.9829166277
66545.7837142318
66548.74058253749
66592.91477238668
66602.2430503822
66652.52070114033
66660.21013337967
66677.85691476123
66689.3912824569
66763.69411897432
66779.88013934024
66829.2517997741
66843.69562013893
66859.4982714991
66869.89677871627
66937.49168251823
66938.64161694949
66999.38096361604
67016.31640456984
67033.48303219563
67092.70574335454
67112.01220430312
67117.35447881649
67154.88756229356
67233.2296559031
67463.91161292326
67480.75809379519
67498.08156220404
67516.59565719386
67536.65710561084
67541.70692266096
67548.27415843713
67602.15802032358
67619.87535544828
67682.47787688776
67710.24354339985
67730.42551345074
67796.87342988816
67810.10500785889
67890.34157811133
67904.4556489751
67942.13807862734
68011.9842746346
68060.11984380567
68147.45697668553
68162.60225412683
68352.27188114989
68367.69772098187
68376.46770169753
68386.77062831353
68531.8921678415
68609.58257908144
68640.14036339583
68681.5484375498
68764.78552801028
68778.35640917128
68859.68056503801
68867.06936789044
68871.6830014605
68976.13789467307
68980.51284475296
68982.72949241746
69038.95105925239
69058.96148183491
69102.3873448964
69153.6673681181
69196.52580921493
69248.56915107381
69250.10002696476
69347.71141972933
69427.67005274426
69528.51541675905
69560.65771121897
69575.63082700812
69591.6979899364
69617.1046207673
69655.00496458421
69663.24325828033
69730.01817871886
69757.66749785758
69761.92212265173
69810.50236667697
69905.9506344
69939.05940458352
69972.23408732965
69990.20578403337
69997.85556444355
70006.25112677722
70027.69974731709
70036.20104481981
70037.95567660365
70075.32011804628
70144.69229960242
70212.68507955926
70228.38067276262
70274.13303343742
70316.8642351934
70323.61079680454
70393.04812613592
70393.09972820837
70474.35019046595
70477.98346052475
70515.97880425319
70605.9870115003
70737.70726208748
70833.40209317145
70872.19948798881
70905.16641460542
71072.51500165724
71312.1853540551
71335.19738987199
71345.17338233172
71367.24634017229
71410.04510029855
71446.40115143046
71457.90191677053
71461.08030352539
71461.92102853874
71527.26726890868
71539.85862126715
71540.47001528718
71574.99644953663
71606.99582951715
71613.49962902379
71627.22018977485
71676.71425047258
71681.12640172259
71797.59451205122
71813.27164559676
71827.1752802614
71838.92234604557
71936.38591726171
72035.59828464693
72064.54900390354
72069.54796543345
72089.69257948859
72114.1765937455
72143.35489329144
72144.06301611669
72159.92771325592
72180.46284491936
72259.88217434625
72264.81387475398
72279.89985868642
72304.49940609766
72320.80169308222
72384.41461760113
72399.7769625936
72466.22771534041
72467.64671993612
72488.47691042682
72513.79072777391
72533.96633127317
72557.30825206006
72595.59810124828
72639.27008262866
72642.31957834135
72687.70569580834
72704.43431317514
72708.93355453826
72747.57237678353
72777.32913665325
72856.44213213946
72864.55214582861
72883.4398953083
73152.54994577859
73156.3033457988
73311.62689052118
73314.90858003803
73338.10123313908
73338.56731957295
73345.73655302316
73387.43792935676
73481.2386509883
73497.73045485452
73583.32080447681
73612.33706631587
73617.07631446599
73651.3166523075
73654.53487729955
73668.84697997766
73698.16430729142
73710.742397484
73851.12231732935
73866.91424072313
73932.24878359903
73955.1755600141
73958.78309265194
74059.80614735153
74088.78291640707
74107.67526431243
74149.21852788543
74152.18108717435
74402.53592316798
74437.029802524
74502.27972475578
74511.12379403792
74568.70349923019
74586.1222346705
74616.51836337685
74619.82116498308
74642.26225633107
74760.49699737276
74810.65891102595
74818.67811056478
74874.60123817726
74905.36485698774
74920.41571554092
74971.19173155008
74993.80104346586
75042.31058183644
75141.16803390268
75173.78648811019
75210.5423948624
75216.30390322841
75429.7077379583
75507.65209666283
75557.14144564567
75562.91455204078
75586.63009264227
75615.4661009521
75643.655963087
75750.73043781958
75776.43386729406
75779.21762210043
75813.10793589125
75878.09528662273
75962.45834538084
76004.44565756983
76013.4891443774
76018.90668563652
76025.50099200472
76053.24318525259
76068.79516504129
76178.91739319135
76288.7258887469
76329.79042215346
76346.7472766844
76354.31240766647
76371.10020977573
76545.51258630115
76566.79277109259
76574.66150618081
76587.60653215904
76598.37480389352
76627.92044177453
76688.82423876216
76759.96166489452
76880.93914080656
76960.34687755356
77107.53578540953
77113.36541779913
77214.31594146158
77235.62890764291
77307.02848415109
77355.1388089411
77410.52321169463
77426.53906341906
77449.67998153657
77476.39859426707
77501.4490148081
77994.77349457596
78158.6696546719
78272.98707174922
78326.98821306322
78391.7325007387
78448.50415083973
78683.82873066551
78788.13155201708
78938.9453258014
79187.39441864751
79240.6398257307
79254.59950589559
79361.50998174498
79388.83486255327
79400.1519727277
79512.02364725656
79673.46583569833
79751.49928345327
79803.6920000942
79921.98800172049
80006.81316866651
80025.37260520457
80215.78127378013
80320.10640732686
80653.05312078708
80657.71074601459
80821.77383719043
81100.06923225886
81295.54746453749
81350.28497172164
81441.34882046022
81722.04232642359
81769.19577300493
81775.78199994685
81901.87406678454
83873.50624845007
83928.04594557855
84153.3902434832
84309.9107915483
84392.48704514255
84526.18729232797
84554.70907430998
84870.93143460667
85174.61380585558
85186.49969367897
85301.03531396009
85486.17051466409
85815.44047408916
85855.9179785693
85877.97409370927
85929.75256796101
86094.15056706709
86243.95743798699
86493.65516427149
86777.27017376402
86779.38599182035
86797.35949328875
86817.59880441666
86829.72827313028
86942.90138088581
87074.69328895152
87126.17841054968
87135.59268839414
87241.98510031475
87269.7254803245
87310.37259850965
87356.37338592422
87357.0461013324
87400.09043230266
87458.03784729293
87533.3579191468
87624.82919413658
87648.86784359094
87670.46509180035
87677.07604600584
87695.64021242395
87724.64518460188
87944.35645092664
87962.70404939595
88016.9937358252
88019.15492892088
88050.6432006662
88071.63088648631
88134.33736486337
88136.69033111374
88170.89088975306
88266.58800029632
88344.40540973381
88346.48328721148
88351.32767009758
88440.91835063223
88441.92868302499
88449.98531547599
88470.86317644164
88608.24820225076
88816.41942563206
89044.65504854351
89048.19818401714
89180.72241241878
89222.34552623343
89382.62014362561
89395.43739104211
89445.46903134965
89501.16993088154
89514.306566925
89542.05048867554
90220.3370284596
90274.68557293914
90700.44797504778
90922.93801417245
93781.46871723451
93792.39673931638
94273.07853572331
94391.9559668744
94436.84281360374
95306.58037480409
95438.87607854465
95786.0573376075
95831.78758909662
96131.57313076206
96257.26050447878
96425.24726665055
96456.14639256094
97104.58948215362
97496.85493618171
97586.54804232105
97948.92260820449
98088.00096305452
98283.93278719421
98672.14194559808
98771.5336119215
98992.8841995079
99056.97337582102
99075.4619782682
99086.51348199084
99665.85712875809
100398.55295941375
100796.92057697519
100989.96070686787
101108.41244722379
101324.4059685402
101463.37968685132
101652.16889187683
102113.83556199406
102135.29081577728
102387.53859176447
103174.76450060762
103344.50556331653
104128.18919684831
104260.50452071667
104329.31394221372
104385.44894008664
104413.27210759847
104684.6092042359
105043.14646060941
105262.88072975285
105823.16271368727
106027.36989261699
106048.05109970132
106434.14261007457
106444.91956945688
106873.85625706498
106912.0126166895
107205.88495005315
107833.06144473869
108197.09246413255
108385.25962691972
108413.60774400813
109193.06629802665
109588.27436245457
110280.52682429386
110772.23782477397
111113.58386879135
111314.3965376119
111382.55626272343
111519.80296455108
111584.35775224902
112878.56412553965
114286.53123696652
114737.3531271904
114806.48570805247
115616.75137539976
115682.87088829739
116098.47319629636
116673.52635316044
117212.84834388553
117554.9675886411
118569.78060514438
118636.77593080603
119203.56953671158
119341.05089957836
119356.97506739141
119411.08146547794
119423.91635478858
119452.51564598674
119490.36974116089
119532.16249239292
119585.21832990799
119644.26862643095
119698.61824108064
119765.1308572162
119788.09229579728
119876.12809304523
119913.39854406717
119937.30292905633
120093.89789599986
120143.01734219496
120261.70401066281
120284.93866702585
120300.42606922722
120324.44231394194
120330.56003572335
120330.57423908554
120338.49811243672
120371.36000222052
120388.91089687549
120501.08426476132
120520.98739908372
120531.50481710753
120626.18039879655
120626.8801519508
120651.40080767829
120729.17964539645
120741.42965392576
120768.70068046988
120769.73560195041
120937.06838585078
121068.23434425375
121103.8835017898
121260.07757514378
121294.75133395981
121374.82177074143
121406.42821632029
121423.45314986253
121428.12627845781
121702.76941637727
121741.84400701904
121746.50006118783
121764.29221303549
122009.35982505424
122062.24137023895
122118.51616494553
122224.21963012606
122322.67935716658
122429.53976248104
122462.10578545122
122478.21341731976
122518.0818379519
122569.64097182316
122601.05988077968
122623.38525361117
122728.96525871221
122735.7925384763
122920.85603562384
122950.70416144164
123036.74701896883
123046.77485983573
123120.38575876284
123142.61770435727
123197.46871365243
123200.3997550955
123251.08165933113
123259.57737510216
123295.667075067
123339.88100259076
123342.83371910753
123390.9359576379
123391.34088157208
123576.49851626223
123620.23060014674
123676.6225286709
123701.49150643189
123719.61756644881
123757.40448629929
123802.58354015552
123860.97643292458
123900.35639338152
123926.7333260731
123983.60794519837
123985.97460361387
124011.66248540144
124152.72615445
124155.80912818374
124162.93319138596
124264.59500149472
124434.62522063457
124460.65918124761
124587.65917143073
124733.23509512274
124757.9423177747
124795.8640643173
124837.03415152439
124890.6912642565
124891.17497399394
124951.37636336332
125018.36544860259
125031.76919638907
125033.00460551426
125076.39454698826
125084.33609344359
125283.7220539714
125291.54978263706
125335.76611603523
125399.46728414705
125404.0824232745
125432.94288116923
125433.1360603782
125493.65598920362
125497.00465628803
125505.91710445516
125510.32905270171
125629.6125599207
125678.25772214659
125753.84616032532
125814.46902166613
125885.51680290513
125915.43269935579
126001.80307715357
126038.76253707381
126043.48994009857
126070.39148127189
126109.1914407198
126126.6017475083
126129.01654566705
126129.7989391704
126165.67120476226
126205.1480770047
126297.82961947928
126313.1968275914
126332.00234531962
126368.46363218046
126386.79651456425
126507.94363796563
126511.20047955359
126523.3492946414
126729.0626005989
126735.10599260224
126772.98766280957
126787.4905003182
126837.64820497783
126845.71288777591
126855.45680547503
126881.52049982978
126948.60259653509
127134.46055578222
127134.74002136027
127228.42768317844
127320.82177989463
127388.51298235575
127457.05383932938
127486.80896221052
127826.24858404996
127951.72572531522
128163.62639969698
128272.32199279102
128323.57101953018
128367.38716068993
128392.05154215649
128400.22419958634
128445.69763978041
128590.10102240785
128605.86587271579
128662.4332432536
128687.25340156622
128752.41000895423
128970.24477385267
129047.79783714711
129091.3660223029
129126.40940150068
129196.76035677415
129276.22188224569
129404.75894941927
129442.93509537893
129490.06362366212
129526.37404613434
129662.06579524041
129730.03322424142
130065.4087472143
130079.59346411038
130087.10100482032
130192.72785471888
130481.76232467468
130509.31745420143
130678.98642097545
130752.0112507873
130918.86342818811
131105.84642585722
131132.42279083346
131339.75116144062
131480.01061072035
131738.2849461279
131888.65155034015
132075.73794864808
132261.56577549104
132301.19315624665
132542.8153265235
132581.5520597734
132678.34236863628
132706.2690718623
132808.84689504403
133005.59519047488
133094.54798200255
133123.84797959786
133282.77295157948
133400.17366644356
133450.1817497184
133469.11938845855
133630.07578665536
133752.58369923683
134101.8148044766
134122.02743791335
134242.9295216406
134288.51726497273
134557.2232484116
134643.12892917416
134884.61235810776
134964.3807852114
135108.3785129178
135245.11513212443
135309.38510676767
135320.9781853676
135332.1265868643
135390.10019479002
135457.2323685209
135516.47010726127
135558.33445227495
135705.34790482116
135750.75480288893
135976.21879903882
136011.54516103622
136028.91613022378
136039.36570038478
136153.0449385851
136183.40822772577
136250.60713558702
136341.19201379537
136373.55295481143
136425.74569931728
136503.1092993388
136533.71644039688
136566.8215277857
136702.03058271157
136780.27767123486
136887.83651217347
136893.25308560004
136897.63776452016
137028.40383785695
137128.62574426577
137179.2832885955
137214.1868009791
137263.7426261102
137306.2937029361
137352.11602498865
137644.86437804328
137913.61934047056
138061.3135643197
138063.68971601862
138259.2239766459
138272.91601192355
138306.58175475456
138340.08530184842
138424.42369458743
138429.58028740715
138498.3078233383
138505.33475477446
138517.61127986628
138520.99095269004
138574.20027475263
138776.6009055947
138994.64410544434
139086.7095363778
139098.41796802657
139210.63173637536
139233.97871189265
139273.7175657197
139340.75861348535
139454.3744685871
139480.2588545962
139488.35132696017
139654.4039924406
139716.3441849189
139908.89807934273
139981.13759187298
140131.4091379187
140155.2835169637
140155.43018993555
140189.12562295998
140323.33368213964
140336.20240652238
140341.60296020546
140381.5776522248
140663.13947356673
140726.97872615277
140988.9432241421
141178.09996279323
141303.0912196081
141382.30687878368
141417.3373603117
141463.70363246056
141485.15067292983
141578.1471843704
141596.0670289598
141644.12406909108
141684.95975714698
141740.44783021932
141837.07912763976
142148.27923513085
142151.42739176546
142315.80040367504
142369.6936022275
142414.98258790164
142423.3481590152
142567.84357172385
142624.033234703
142669.869381526
142788.383957389
142941.30848395405
143006.5282942989
143114.2258726113
143168.1746338468
143269.31934005668
143573.2408806376
143658.53077842662
143700.5739414886
143755.22520145134
143762.016406472
143919.0801091084
144242.6919644427
144577.24668296662
144694.17329451066
144847.62767570934
144970.3481306725
145247.9740135112
145255.73972501216
145510.5929509886
145640.2889681202
145840.45655819413
145929.5546241813
145998.64061111744
146285.07654770714
146515.57860305114
146895.40672667726
147754.02396284972
148267.70037199015
148654.80681233725
149090.66179747178
149159.98618663778
149244.10901578743
149270.62815455496
149357.04198499632
149362.06387557517
149399.61965696563
149416.75497437466
149450.4976737201
149470.72189615102
149492.7496505672
149556.0918985324
149563.13154632034
149588.29749686952
149599.4280836949
149684.46542661614
149689.82496662537
149701.29867995798
149705.25885086285
149731.22953299768
149868.8856267299
149885.1386741874
149927.48537854626
149948.47543005817
149962.8185212016
149989.93915644076
150092.4311935435
150106.57723038984
150107.25366000194
150231.99060552756
150235.78511500207
150257.7616330199
150293.54673217083
150314.60707412683
150355.91074496508
150361.31757804088
150397.21532024993
150398.27943614806
150400.26404615154
150409.76061698518
150454.58914532338
150525.94809220496
150551.9314801933
150574.69526337498
150581.8997732105
150634.2747654258
150675.22021629897
150703.4895322636
150707.44525470494
150733.78324990885
150735.49415815424
150741.2622589502
150781.0437946662
150826.40830466204
150858.71136241948
150859.64610849402
150886.83094330088
151117.8731932506
151169.68370805844
151187.66448322876
151204.9421347413
151242.53852994434
151248.03253430245
151276.52775918817
151286.94489129688
151287.35769267578
151370.45021710588
151375.567548744
151389.77551780676
151401.7226961502
151457.99588861293
151478.17490023794
151491.69460285653
151499.2535050384
151515.6052309974
151611.03972480987
151624.19907651958
151755.49770536288
151766.12387639645
151791.308275763
151872.47505348222
151999.89523488286
152009.14787864918
152064.49536852012
152113.18308525564
152126.83104022994
152133.5311757438
152134.0108024579
152198.4418486373
152198.82903942937
152199.29902897406
152574.08121592095
152628.05724988016
152751.75444085617
152766.13693760158
152846.25059486664
152865.2364008202
152894.27741129883
152984.90775752952
153074.64321199054
153100.46810550877
153162.76440924598
153165.85943418645
153266.8840770298
153281.44300245808
153336.80146653744
153347.60746280986
153353.33753797092
153451.99504326636
153483.27483657142
153522.28472798836
153530.81587227245
153538.96390849963
153574.8382222201
153611.6416470958
153621.4655660279
153726.59312262238
153732.54635859153
153741.31227702196
153864.58167709046
153880.39343264466
153887.50105110128
153938.22544130916
153938.65675374656
153941.70541035943
153965.4516295211
154016.78209122774
154317.95863168908
154437.05410588294
154463.68514551423
154574.7620677469
154588.98918892146
154647.13662169588
154667.05387559923
154849.42560181825
154863.9139236448
154893.34512678653
154954.81582459353
154983.26280248782
155007.55542843614
155023.13937636826
155032.31864543929
155040.37114729662
155058.08770771907
155061.9739150114
155101.62243057223
155121.82567919762
155151.59014016378
155172.1034545768
155193.22605552385
155220.7337655882
155251.91937992384
155269.93677896244
155323.36156864132
155353.64480156012
155409.285230514
155473.95170012352
155476.7907875874
155563.91749284032
155624.2300614939
155651.99537778244
155734.4067801237
155873.69951131084
155921.50959985706
155936.56825012475
155946.23739265662
155969.3385325875
155974.09365505452
156005.24518597778
156058.45086441358
156117.61328630266
156187.26749042567
156189.6445928543
156192.35875467068
156272.2071461032
156302.58356859977
156320.5285250141
156330.756396444
156355.85177708266
156358.6635175193
156394.05381801323
156395.2582844328
156442.1842924734
156470.35159006616
156515.22112457405
156542.74665808625
156683.91279579594
156710.83368589543
156788.89462489134
156816.34583339188
156842.3731876074
156904.1074110078
156917.2948732457
156919.6784075831
156945.68780239468
156950.16075215733
156982.8294777547
156989.1942924391
157015.0167389987
157029.1890278139
157049.57629204588
157072.99319526955
157075.80493795747
157119.7690552997
157189.78004830988
157219.61847960172
157291.2659378573
157342.10386087676
157379.65983941697
157383.44726711282
157430.28825378232
157486.44171322428
157503.40004595328
157535.2333485108
157549.26278902206
157567.12183278517
157595.5526347123
157711.07251908965
157765.38127546042
157821.47127475927
157875.2345451368
157974.33537506484
158086.6196407673
158102.2524944776
158109.33420521917
158118.44088573923
158226.59207044393
158243.45019544192
158248.62033829006
158303.68834891426
158308.03164664886
158339.44566096234
158357.45627386717
158388.87438126272
158542.08909397258
158552.59142292902
158567.25228013343
158585.9747368983
158629.87244617447
158656.60080786678
158863.32174426533
158877.50581264024
158988.41113073155
158993.1834182797
159002.67045373766
159018.2963572797
159032.69861733538
159049.7611537925
159089.73986327738
159116.45948944392
159125.5368678291
159177.72972360888
159214.21115269116
159236.66219410827
159273.8877886443
159320.53620571858
159321.30258176985
159397.9997689237
159442.44501191506
159495.94382439152
159531.03215769335
159539.6897983675
159653.5358142058
159724.63911182573
159738.85730799998
159776.1357400117
159799.20342532225
159800.23219530666
159864.0695747235
159900.86110224953
159929.87331271972
159943.98074867955
159981.24430169511
160143.2133528004
160242.22252379608
160308.58081451352
160358.6531600225
160362.87149955065
160390.7892574225
160393.59247461217
160403.16955016198
160521.1947870587
160547.0979590222
160583.47154181177
160615.25892326934
160644.35897864177
160663.5573819293
160725.34181942884
160729.32237224095
160760.7391783495
160813.55883191962
160854.70740138888
160876.0575274597
160987.00534337078
161010.22787674234
161031.48366406714
161044.24470020167
161141.05956840684
161166.73118929294
161197.5354978278
161198.01875177788
161263.47266216326
161372.5292308468
161380.39097096614
161436.26688385988
161455.15272591094
161464.77378106577
161471.9679806999
161527.21246838494
161618.54733832972
161623.50756835082
161632.16648953554
161761.95566708728
161772.48653840483
161807.54240444396
161849.27790007953
161850.15824589875
161862.05934691482
161937.01991502743
162029.83462811128
162030.35481639387
162095.57670189114
162098.3984349087
162147.35031837766
162176.47221856518
162296.08121528983
162315.1871606969
162358.048315175
162372.2074053372
162412.96839000512
162449.7985245909
162479.5482891886
162516.2344453361
162581.8660963708
162644.49088810768
162672.37278134894
162822.6147756619
162835.81985641184
162871.78140790423
162927.0208357646
162935.7017824171
163033.38790088968
163046.0728730162
163057.78997793602
163202.53931284562
163243.96848473613
163258.83702087146
163288.94761233477
163400.8161491991
163415.84433818655
163459.86016355938
163510.29180506474
163538.0498477544
163612.5623513783
163769.72338186373
163783.50321939247
163785.8209911154
163882.62665666244
163887.72017963213
163919.6135204875
163936.42060456358
164034.92178528893
164207.5680655447
164212.16485244365
164671.2580632868
164899.24713708734
164951.4808191992
165062.54981201934
165316.77878272493
165539.4251882005
165546.43004626367
165561.5287075481
165729.75870547333
165744.31147515238
165814.27974652225
165926.03312679537
166193.07890445707
166248.77725486225
166417.943541497
166445.43321115454
166578.71223014925
166604.0723574629
166719.40773959932
166766.2189197849
166992.4883914727
167138.2645124246
167220.4033159306
167285.29356703674
167359.12943186756
167472.0579618679
167525.60669148288
168205.3777518999
168540.58757287907
168682.78096596687
168834.37368737016
169045.74718299994
169367.49287345406
169550.55162438896
169927.7440297515
169963.712489768
170174.12199148495
170305.0730629281
170312.92960024794
170725.04585214224
170887.69555209353
170912.0057046861
171443.4225555977
171760.9784718625
172048.57921327525
172050.51293684967
172165.68238806905
172217.26316711787
172539.72318882722
172540.41583009518
172667.3620846158
173106.54421348273
173148.5772217248
173188.98945279387
173190.7836134352
173310.81579959032
173352.0557406095
173377.0106591592
173433.39207226227
173488.18568954474
173499.8277051073
173585.04979683374
173620.45400929864
173629.79546378247
173663.29180095939
173672.07827374752
173759.02006757294
173767.9151228499
173962.0406149601
174021.53546042112
174149.68700523622
174199.2410886792
174209.4448574698
174250.04837153706
174287.69147384237
174294.2484933997
174333.69800486884
174370.48908938293
174401.86214827275
174617.92577225587
174760.81491523277
174781.80168255782
174868.89927109212
175031.8991706037
175069.78901710964
175076.80353514495
175105.79452652353
175163.76739386324
175164.92097285466
175195.18479541643
175197.72528587206
175198.11212198684
175208.96256448622
175710.78004850133
175729.10335752845
175731.66049277844
175807.27795459665
176860.3075923404
176988.2381248205
178943.97718783826
179382.8971308677
179514.14975951586
179804.83688320118
180774.62346579338
181465.31999918772
181524.4371520198
182649.86368491082
182695.9860947988
183316.76349499103
183776.35518356704
186569.98535966876
186675.19184017586
187033.73599430773
187319.64800615478
188289.75706843508
188368.97885422618
188503.69831919353
188740.48052291237
189128.10807842994
189911.22855827934
190046.7692082362
190883.64949056573
190978.64144511378
191209.0143072836
191216.83364374447
191478.68767055625
191503.15477560012
191511.9818349853
191666.4889177652
192360.2462782908
192969.87180766143
193612.6448811626
193838.93492190327
195023.8011888874
195786.20619683742
195961.81351769777
196220.84129205908
197344.82234510948
197554.74569510735
198239.3673372723
198584.94239971004
199676.37826330552
199753.18844708538
200209.04055304182
200573.74351666705
201635.34913507858
202093.16376229894
202254.8347957567
202376.51087965275
203245.14439473924
203331.6187930143
204177.61514239106
204493.0326985357
204740.1099673621
205669.9595832133
205743.60242879836
205759.38716682774
205766.59971138183
205815.232788411
205836.47807197145
205843.94663767333
205845.16928131678
205856.5486771203
205894.6231466459
206028.41478089627
206125.86283619222
206186.5687304702
206276.48782832467
206290.91908685234
206327.3704555034
206463.34579176485
206499.57580661023
206642.94079589867
206644.21894128603
206770.6190549065
206855.62204940716
206861.25165050174
206969.0847856038
207102.91384213843
207223.38149987342
207281.68154082212
207294.26830575976
207410.9156777723
207455.10657283274
207522.4343857401
207551.0963694509
207608.1565678864
207654.90454751143
207683.3113077485
207693.89203994305
207723.65206012526
207853.86297761518
207939.56240695025
207941.75514422497
208066.61596228374
208116.37566340226
208144.07792119496
208159.89427705095
208208.94885338028
208325.3355704099
208326.74506008718
208391.51247651145
208416.23161024498
208455.87410488556
208475.3794819418
208480.9137988254
208499.55021724786
208548.26423448787
208592.92968338885
208645.85234131274
208664.08287282288
208696.72968795913
208826.12471830886
208872.65219953062
208915.84104326257
208960.43710143692
208968.27057450003
209043.74990762596
209063.44053952186
209063.5902816095
209080.2833333081
209123.277738515
209176.03488282874
209189.17782593658
209215.37156609423
209296.85998442577
209359.1419353129
209359.6090653847
209369.4513963921
209412.52622593992
209463.153029829
209472.40471672278
209525.84719691257
209594.6617625963
209595.81894831176
209635.74093547382
209705.1671263073
209721.9275337355
209837.07408827223
209844.66962670226
209851.34653455584
209893.85374447718
209914.65514683945
210065.62829078204
210088.0867171085
210253.41867397868
210261.77583394953
210332.93722745523
210339.11528962286
210375.18588365108
210466.46006998213
210525.20229885055
210525.2087935385
210642.48218571482
210734.75233063783
210773.83565201284
210826.34862776916
210832.0053066971
210844.11802423582
211040.56014888053
211065.78021435262
211147.47638367786
211161.99939121376
211197.03063314964
211223.00127659494
211227.92205551488
211325.5638098714
211343.54320662323
211367.15450282983
211505.77437091863
211551.63157989978
211562.9219790092
211572.7690504375
211577.6813070678
211644.68834295296
211671.22285162873
211704.93023391446
211709.023256473
211765.59419967866
211800.27776021467
211917.54140280274
211918.47566710887
211918.71484308454
211922.5918445098
211937.56260174813
211938.82044800092
211940.2775717338
211969.78679799548
212036.3256154419
212053.40849138287
212054.36384236917
212120.0336595987
212122.13921960408
212136.1952489891
212167.58156983397
212198.6422060571
212232.82646381928
212254.7461945117
212270.9616932989
212288.697819327
212320.69248361464
212336.04932936374
212348.26684914128
212375.57971213877
212388.0064671542
212471.37223148753
212491.1886336623
212526.89592802207
212569.0066374056
212609.3744892477
212647.86895710704
212656.44519267353
212662.3064409839
212671.8777809224
212677.92036520794
212701.04479046765
212715.49138710587
212738.37922506162
212792.0787884267
212792.8105266562
212802.67705408722
212850.97304278845
212909.03614794044
212913.16930056736
212913.71797962784
212964.87619081413
213021.37925839427
213033.06582898766
213043.62773047527
213057.22564962212
213116.4701357417
213123.17412780988
213155.4169781558
213198.90832504415
213236.35988103066
213261.36087743935
213390.1232932308
213493.0299612699
213521.7077693142
213561.57495883468
213563.7197350636
213994.58538870316
214099.86938772397
214303.1016949854
214471.73580731644
214537.91762333154
214576.95450617533
214737.8386844173
214807.96329939744
214840.7354793668
214900.09062809576
214927.6777360994
215134.61644108524
215215.314160501
215297.80667266206
215363.37941385413
215634.46673912482
215717.7761363771
216140.68565153878
216424.24669190138
216552.33896929474
216679.3690582079
216707.2321972734
216820.17276108253
216966.6415340266
217029.91700354294
217409.7507624716
217505.7263024883
217614.5376732561
217693.4573587555
217880.48312481347
217884.95210759225
217904.2567897855
218068.71597311247
218070.41130943206
218099.6078134843
218269.0827230562
218648.08624709232
218654.69277743596
218822.78560694648
219028.04599018602
219298.64838087597
219299.64134219472
219714.028393574
219726.49755844224
219742.5290284827
219788.08211752688
219830.85018151978
219859.37462886574
219859.70318994566
219913.75451262528
219987.815035812
220162.11305760138
220163.4485265981
220184.9040785593
220213.38918162146
220289.01240776898
220328.4909334956
220375.627631834
220383.48918647645
220474.1567484146
220560.98737421742
220607.64492981747
220666.1473719375
220828.1786600008
220886.85848273014
220938.93507468293
221080.66334870533
221191.45101326302
221342.1996404637
221463.60794924403
221532.7118491938
221594.1806320264
221610.61721602242
221634.13563740783
221761.7079401899
221770.9634867825
221869.950134961
221989.3629490728
222079.34216113162
222106.23940712848
222221.06688511133
222233.37417112786
222253.13898052502
222360.13920052786
222601.4279928964
222630.43965309078
222681.00341970654
222740.99817796276
223016.9477553177
223028.64073786535
223108.35889906177
223227.92447394488
223259.26917010528
223284.70642463348
223473.3981024006
223545.70499470414
223634.70524453762
223676.02348368152
223900.9654019677
224008.34585379664
224112.822614388
224137.50028685355
224470.16330745214
224553.8470322681
224620.41085375543
224623.91591057435
224755.91187783936
224863.7993324577
224887.60751558494
224973.60151058182
225016.03015712078
225047.38939654143
225077.50378617033
225183.2831707455
225200.3816977186
225280.81795235677
225353.135615692
225464.08421463135
225559.36515775378
225568.09979932624
225611.39126861305
225706.89009963203
225769.17720193183
225931.72610276178
226042.16027797334
226129.10557861472
226129.78199255202
226225.66856668968
226248.8471533317
226325.2208944112
226700.15839439834
226727.18560949853
226742.31436875934
226760.93508239533
226767.22473337318
226772.5489218162
226782.80189153834
226952.46370455678
227006.69707214524
227147.4598967104
227151.92680600588
227176.8902928198
227178.4181550196
227200.3562442888
227301.92809793656
227377.25216729162
227715.51936194848
227774.64382537606
227930.03461264772
228091.16868152763
228197.95032820498
228309.3101511205
228374.66607803598
228451.96922994874
228582.24641323107
228728.1678640191
228806.2938780519
228916.74618004123
228963.18839264242
229096.4497519041
229121.48583202987
229164.940367449
229187.97001485407
229292.26792317827
229665.3740389579
229746.561120638
229852.92428410065
230156.50539491663
230194.17146679386
230253.30879747146
230337.37152348724
230708.55098196314
230752.36394891847
230794.42602902625
231392.0641836766
231563.08006956315
232211.4345444956
232653.1152203735
232724.02657968324
232983.5381406696
233027.68250100812
233173.6193928837
233852.78769162257
234065.6423504958
234108.56653186088
234184.86912431705
234404.8168972179
235130.64830374194
235380.05371008872
235408.98352650346
235900.72097536284
235951.33576474228
235996.6454283874
236029.19945202538
236048.52958627936
236055.94651498523
236072.988582053
236084.81736636785
236092.81196781158
236161.79379482503
236247.9314888881
236301.580759149
236369.24796422813
236385.56250369432
236487.88574267848
236561.96758981916
236635.8017557027
236664.4948066173
236757.28818573995
236913.66846104368
236989.3787579411
237004.47712316457
237156.61909018704
237181.63432023634
237194.01901482465
237212.87242058438
237255.74724274053
237289.8484258316
237331.0526157074
237372.12372249604
237409.30110791244
237441.58145148447
237500.25572251398
237509.09264771207
237517.76512233802
237617.77869098564
237666.62743846665
237668.7954943376
237746.98202366207
237766.6697120283
237858.81293268283
237883.6146140198
238071.4717528604
238072.7219107966
238136.27899958743
238142.84818157775
238143.22764638762
238195.1444191834
238240.79609153786
238258.54265899805
238303.0004016193
238433.23594400668
238439.07642491112
238459.58591975394
238467.382899523
238643.47755571565
238671.3479128463
238706.82428944088
238800.43565826974
238804.08003264148
238836.16812716433
238872.34791348779
238879.59014753078
238895.28536125962
238910.38994489657
238916.52165188035
238947.39832034532
238956.6288105992
238960.00068861435
239015.88169574906
239053.9942479813
239148.3727921375
239170.07438585436
239222.81945370126
239227.05802910752
239274.30737662115
239305.79128536707
239336.12642164077
239402.0056812136
239454.7816457387
239497.33883632693
239526.21537582204
239533.8406759922
239559.7314073392
239710.7863999314
239736.0867817435
239766.2205616677
239820.81287993514
239834.90883673466
239858.80947823764
239876.85901592625
239918.77967863716
239987.06044577336
240033.38509195228
240108.60724324774
240159.69966175203
240219.69314589538
240279.80108701307
240312.0376303398
240345.59047953656
240358.95504733582
240391.3437183646
240394.34532168077
240496.18565075126
240592.78794786867
240639.8502378203
240692.71499267913
240798.75430800233
240812.2361079288
240929.21344301727
240973.96657674492
240993.67460603098
240994.3958507848
241024.725305134
241051.97616048405
241109.55727310161
241176.3626153806
241261.14502203598
241436.99426589138
241441.66563989175
241472.50489324378
241694.534087604
241873.66817790284
241959.9869707594
241981.45763576974
242104.01486011042
242119.16832698756
242131.6851408084
242166.64593355634
242258.77960823933
242309.37229230034
242378.4428541582
242385.00821216544
242425.2175416557
242476.59022016858
242577.09388698675
242620.98658286978
242631.60964208894
242773.43129526183
242784.7029525806
242809.62255255034
243021.48848312383
243022.95416521048
243051.18950994534
243056.90583402076
243060.0071035411
243078.43515600957
243149.72329052724
243195.0610680021
243227.04743323423
243327.03437899344
243353.86325202312
243355.785406583
243407.19203591644
243409.29764975712
243477.93726379855
243491.64999400603
243559.41666121245
243671.24566767266
243693.10474527784
243724.05987620214
243742.42955413833
243755.77387035443
243765.19246823288
243834.22755489068
243864.65496156653
243873.10094466293
243878.41789265347
243982.31591216853
244012.64447776251
244027.3342087238
244231.83939511635
244330.21390987287
244369.4757604007
244372.37150414923
244391.5870881988
244439.82664754195
244443.88931571427
244520.78886095755
244522.9683634401
244584.262905359
244590.3711881439
244634.3982032477
244646.35456218803
244669.1153297185
244695.30505785416
244733.95058962272
244772.25513675588
244805.1369488058
244827.4755464796
244993.7485823587
245010.29611963168
245102.18381086993
245144.4196346923
245154.0876022469
245230.6463287606
245234.10451156605
245243.38892047777
245256.43657905856
245268.54909125407
245301.70506602555
245304.57530079776
245348.52798550698
245356.8589681423
245483.79907936143
245617.4890548406
245659.8215342239
245666.25364899306
245735.8660367561
245740.527087122
245748.27018340636
245750.16967527498
245787.33415776887
245807.14410939292
245831.3488952614
245900.73093215114
245966.30234685444
245973.07652489815
246021.95169501525
246047.02554275142
246135.08645897894
246227.05709427694
246260.79623336552
246270.91892766504
246383.76590469497
246419.56929831335
246452.1826322219
246486.19509390506
246511.7949055544
246576.00061360135
246602.2157987762
246662.63540326623
246768.98609693616
246956.8211285175
246974.10900944355
247001.14596063056
247034.14360344858
247037.56437280553
247147.2430101766
247205.57062415138
247264.90488033573
247307.85859466245
247313.7655924459
247381.11516736876
247460.65723309564
247556.6567741632
247585.6986163344
247595.84536899274
247630.07376134198
247721.53156366653
247776.93160148093
247790.9141576011
247843.8785644438
248083.43586811278
248096.93505901942
248162.05716123094
248225.17106948173
248236.3822986552
248256.0052315938
248281.4004857518
248297.47101636737
248299.32550586376
248371.32767185595
248385.73004149908
248417.59582632227
248456.54479242917
248465.43190089508
248471.47130576742
248488.42041949584
248557.15541181163
248570.8219705206
248672.06635608795
248723.42105232627
248763.94531419332
248793.88364915812
248805.19989050878
248848.56132943573
248853.83939489647
248875.8921439605
248906.08348750073
248912.9472719845
248957.94522412715
249102.0172427405
249133.44412447687
249200.0726756701
249212.7108726959
249288.00957266975
249311.06805723283
249323.0884017963
249485.62426448683
249558.33209253798
249563.39298833715
249568.2548419776
249640.40008369234
249643.74176379567
249647.11812633183
249663.8156116082
249684.98870588676
249697.68248430133
249715.031824
249782.799965636
249821.88492353688
249853.77467622474
249871.39441493904
249905.43864584435
249980.60580034545
250011.97476041966
250023.728531735
250078.2379809752
250180.36553508858
250184.61564277808
250195.4742237454
250195.96617541602
250242.85232814658
250262.66802418669
250288.04535541835
250300.54925501544
250414.97785617816
250863.8236076888
250979.86156849575
251028.3065563643
251150.83642008787
251247.66571570575
251294.62213401266
251435.0148359303
251496.12877716828
251702.8768763045
251778.06135782035
251974.66526490875
252051.27054072788
252165.74985642146
252173.71484194422
252282.4052704628
252332.34178950966
252379.53060921596
252395.67998595236
252415.24477901994
252429.45239678124
252732.18346563313
253040.1714238311
253242.83087709808
253353.59814006012
253500.92391602462
253776.6051790663
253878.31740961492
253882.19387976517
254037.94206443493
254109.10744780157
254457.91862134312
254500.33236092856
254578.2783553243
254695.33321264762
254704.82468798506
254715.6045044824
255095.26319430437
255120.38412584335
255163.82176874153
255232.08449142124
255238.75204330822
255253.13857819626
255667.87589509733
255724.76821296717
255764.29807404664
256103.31051931684
256536.96561830904
256636.499781713
257109.42787630326
257483.9036068312
257557.99300071027
257661.31420718026
257842.14229225973
258118.00103475843
258141.0439489373
258291.93575974304
258340.55705164513
