31.797874699225197
99.39841120710618
116.6886621803954
177.11099196519856
220.79500634687486
239.12426888886895
276.3834165067238
340.59380068788977
378.6304051581603
382.8081830266199
512.0972341334304
542.4419382630588
610.1512893064887
970.380172832944
971.486331704947
1223.6572664294113
1758.494359877883
1849.415891031674
2544.5878034431244
2615.9791238292532
2769.9621445286584
2775.7665302015553
3218.2320570124
3235.016158032041
3390.1005158753314
4401.975739833241
4431.296379967943
4645.192755809375
4862.20043661713
4953.650998002972
4971.009548378443
4971.39915006906
5054.717434402185
5415.237832115366
5673.71346074306
7390.72903512729
7514.313873671754
7868.043573166189
8248.518674045892
8261.698032028567
8263.373609090006
8468.753396953665
9145.901126630248
9225.261527140012
9465.312118743705
10084.480241620182
10209.119189637913
10448.453223313654
11032.863063151894
11059.934788867628
11169.351203587854
11323.687900127983
11408.437177942633
11779.966817322125
12185.974177416716
12403.626259603465
12503.84605316644
13208.417636590077
13493.17587405493
14018.644925190676
14266.077151190982
15510.752833956367
15936.481157882177
16276.7732816014
16308.29940520527
16346.948530321937
16362.252253813907
16378.897580085195
16379.275930476078
16393.413550372952
16451.775746145246
16453.910389175635
16458.21770085645
16492.894311836422
16551.256906623006
16552.930992871636
16659.386249594165
16712.033360396617
16720.923991588686
16746.67106946032
16860.703534046483
16888.136058483495
16987.471653141718
17127.980726992024
17254.838835987455
17274.36742014794
17374.824833904688
17378.356677036423
17502.796471398637
17520.621548849187
17544.026269745318
17596.37366911691
17679.913324389352
17746.610052135584
17796.11255625194
17902.02740593086
18178.55413950465
18251.314925795672
18262.631472450877
18462.218735552302
18519.0030348922
18635.922506570325
18658.513738782476
18662.25150557346
18672.547411004947
18816.59759652903
18825.21896158802
18850.873325147113
18886.85103453804
18966.55641527767
18969.385844517892
19072.610162178018
19121.80776847005
19147.905350447007
19255.359645445846
19290.030395283833
19354.172925180002
19464.421645767947
19489.105575005135
19490.77781685468
19510.002524383657
19628.5747509943
19753.13301189534
19783.45066736126
19915.58349436545
19943.38426245283
20146.994680875054
20215.707598851346
20556.478865428366
20626.764021128332
20702.801360009307
20743.475709646096
20804.25397257407
20923.73313381885
20998.686827698457
21066.18018858944
21081.797892684197
21140.393852994624
21424.269318174993
21469.009569946647
21544.73881593413
21613.75083706593
21821.10917948119
21847.876205668937
21991.360778747454
21998.280891253882
22048.70706533369
22193.808612160152
22267.618924903043
22298.32912710276
22397.61236115692
22443.297788332147
22515.960947766787
22611.77736499212
22622.361261325237
22668.73371066093
22789.937222765235
22886.006941327156
22927.384809048475
23141.69277288062
23341.317548077714
23369.939316068478
23409.531176082466
23543.23015040348
23658.407956174786
23689.93135798425
23715.73121683896
23719.054994527964
23861.777844333494
24179.396086432353
24185.021240859125
24237.910751709547
24369.515272948243
24383.50742084194
24397.523684193526
24596.7073458965
24762.586696795915
25080.979246713236
25219.903374936945
25425.196316564663
25462.19430963996
25503.208501081568
25542.940826196253
25549.169074805883
25733.025896680254
25750.644761526502
25824.67451363936
25897.59305172233
26057.595303536513
26218.788496747886
26243.724058678632
26248.625979350894
26283.12534919441
26424.475430732105
26506.03332786407
26513.221096635312
26568.046197624917
26845.219901446257
26927.80295448374
26994.1096896657
27038.191391097625
27425.035864675963
27538.8778861432
27550.608130357392
27729.96332232923
27739.483607720067
27876.195999296746
28148.89418551896
28189.746586754376
28332.22450566689
28424.11597485119
28437.72862520979
28548.815083046527
28867.779488591157
29068.529259228297
29223.24674358531
29415.62560553949
29459.7640672758
29468.525106765228
29512.670822797318
29528.916076108988
29746.621375877916
29814.707281496492
29984.57407118196
29990.30394202594
29999.281300883205
30420.851338724355
30459.088537460215
30493.797181667338
30538.14738218846
30541.395670019894
30623.778002137493
30659.67522491441
30711.18952495321
30728.97713712658
30774.530751524697
30822.62486067387
30870.603624402156
30916.18458658775
31137.115906430845
31248.74225326746
31298.998999552892
31355.70820677721
31357.308035437884
31439.652071093118
31456.579906568226
31579.314027307668
31605.749668767636
31741.705010376827
31840.607076657765
31872.526061709254
31877.08757000003
31934.649385211593
32036.25179786585
32084.088390905486
32116.069616258264
32116.922449621776
32186.60305490893
32390.20820764752
32393.840251411333
32590.08913725341
32646.97747758995
32661.284051184008
32694.927148357627
32858.082316512504
32871.820888449074
32898.667394377066
32939.19089180404
33190.93984304474
33225.29483158081
33227.108834766084
33279.92796628912
33285.86742220696
33339.1930367818
33415.2411925721
33428.50123459076
33487.78290399465
33564.3195917329
33629.802913913576
33874.24683837913
34083.20393262355
34087.922449705446
34207.37250090335
34254.51264548452
34400.756070041316
34539.61133746473
34602.708771055426
34705.23067591539
34734.10238785379
34763.24015628832
34848.657738155685
35007.05322796937
35044.71675927582
35066.87635944707
35111.41756614747
35147.24682441466
35160.801341722676
35210.477696950504
35365.948891345804
35396.04138189517
35481.58167874894
35512.27989683743
35638.29046956935
35674.89391120557
35676.49700623858
35729.276385326986
35872.08139434496
35896.307491073996
35931.35564208724
35956.21018584011
36043.207592422485
36073.89810008496
36098.87569705406
36132.88943373514
36250.07072403332
36280.34361205817
36317.64855589338
36385.37774667213
36516.62994009108
36664.082289671685
36706.26847707353
36851.397215946374
36883.22053943083
36930.71832747561
36947.48099353697
37003.55568211544
37077.05564170796
37177.99438766357
37183.30332289882
37206.87475654395
37218.97289423153
37222.083676447284
37463.750941745166
37475.172702532895
37497.50320583904
37561.320504504605
37568.23025556283
37569.25672653659
37622.20500358941
37779.63711700915
37789.16652878506
37789.80274019263
37863.90680436739
37886.484633392516
37901.47850069354
37915.93256544299
37928.21055576667
37937.31967944917
37942.4451728809
37958.70501209686
38097.21940575016
38101.416443129725
38115.55106738524
38147.74696332126
38162.148626229195
38163.98424889722
38173.10003779918
38204.20574044461
38204.42709266134
38208.08135022162
38227.69001159548
38230.22770359848
38263.60715180346
38349.59509708588
38357.63465417766
38359.747077791806
38360.49146856477
38364.72126856397
38382.54775797888
38392.10697254641
38413.252988975895
38425.50655088478
38453.04925268665
38462.986645607714
38472.783881315394
38607.79102231145
38613.79233603711
38675.64657796213
38711.19259816146
38738.78641370319
38761.486430033736
38810.79291688522
38852.980395209015
38920.200323880024
38964.279950571196
38970.247136004575
39052.410801062055
39053.14959895382
39053.98778002436
39068.01871501625
39068.66909111332
39078.53782759353
39102.63436865826
39128.190692844895
39181.0319613639
39186.52218507837
39210.15943548907
39224.49180043764
39224.62732754001
39259.3307807241
39293.32103684985
39321.4139584781
39349.269006967224
39383.52570843763
39432.99296638119
39455.347331520585
39478.94901930055
39497.6346774587
39513.67137657037
39533.69600688514
39558.21044798048
39565.85544085177
39567.16561469729
39575.628559715806
39608.488268190704
39625.305582800196
39628.876470479256
39629.380680055416
39643.64193002424
39645.540057549406
39689.05448600331
39707.49264510392
39714.95624467797
39725.48795021168
39735.18394035308
39735.7119931554
39768.239550011866
39807.29565192286
39825.467818737874
39847.639151600946
39868.91994656318
39886.81711001993
39913.55339756229
39920.43256582025
39963.24860611991
40049.37690969576
40052.59016394594
40076.85907059658
40101.63901950514
40108.969875766714
40239.985338474835
40253.47760530666
40320.98491863254
40347.72391451058
40357.78599858038
40365.906531993714
40399.59308582719
40444.59948301147
40502.013503234455
40507.37665978708
40529.656799819
40533.02825558832
40547.047720922565
40585.546160715036
40635.49258698937
40677.481901165746
40690.09229262108
40747.30609327444
40779.657289638584
40785.983309524185
40811.58351214849
40835.344317738425
40856.36649720817
40899.87444279157
40900.78835784367
40926.13869485607
40939.22144382562
40941.12618893924
40947.06244680987
40965.40102799828
40966.05559497455
40971.32437369247
40985.93186343328
40989.489371780655
41021.75620778805
41073.49239477547
41080.445306241636
41099.11330080478
41101.16169228776
41103.09709504478
41104.13256633973
41125.81684649568
41146.4200054497
41160.927412981655
41173.73238968385
41174.182136101066
41270.26439013641
41299.19969038747
41320.54865221633
41333.59386943543
41407.43754211807
41423.060209161165
41463.4101321725
41488.94924483174
41559.346279738085
41570.82351256495
41621.64804893635
41660.75730298333
41704.04478618633
41718.64759160132
41757.950219535516
41761.157829937714
41769.41137843801
41820.675294992856
41837.90242254132
41847.46139531344
41860.71911073931
41903.356511793565
41904.09821776593
41910.27014869674
41913.707112184384
41937.25999153926
41957.63869598799
42014.522611175315
42089.60926317374
42092.3942724544
42120.09128669468
42120.98792988054
42181.03227776503
42209.3964733857
42235.940884155236
42245.35223313316
42250.028519971966
42278.740296134965
42300.39781593893
42304.78967098173
42320.342538663506
42360.2799927523
42383.59359200452
42399.63675001149
42422.03106121469
42422.647697845845
42429.96772597346
42443.77998942464
42454.890598050944
42462.88699396095
42493.85303114805
42508.582710005845
42562.869116169415
42569.54593443947
42584.097405464716
42591.242466006785
42605.398231191
42607.81053923507
42613.333762784896
42673.27364275265
42681.333260677544
42700.60861232012
42736.73638999518
42751.62089965184
42753.61143023657
42779.27512910041
42821.39908124357
42831.67215551484
42861.44991391347
42880.04698528785
42910.70409790364
42933.39765299917
42954.19889239828
42983.29338981543
43015.08837983349
43022.85080845067
43066.69328614173
43098.95135435751
43099.30943578492
43186.131294854276
43219.846211854245
43254.73776567629
43285.32817185801
43288.51927432657
43298.35131554523
43300.64213670074
43328.1482177634
43336.854761591516
43339.77981875907
43341.452081467825
43375.90895927736
43426.770081623625
43450.840347498124
43459.54079319834
43492.51545659365
43499.58099687739
43505.04968174977
43568.0968955121
43572.88538194874
43601.12997316356
43605.32371620081
43664.47187837572
43671.02997855059
43674.64906047405
43677.50575589685
43681.08447198308
43696.15777403512
43715.72076342073
43793.4837254685
43821.89774198766
43841.10609918073
43854.56359974763
43875.49806969679
43877.312743507246
43878.646149693916
43895.35698290413
43901.15531965257
43941.65089765626
43954.48481716668
43976.74791758501
43981.71769072057
43988.10318479255
43991.54151992812
44000.4946552515
44061.7570610948
44116.18780476009
44124.282339786376
44136.984844605424
44164.79435105659
44190.37117373598
44202.86253727937
44579.92214839037
44798.59482980848
45883.8389486518
46508.91132320233
46733.62950878818
47002.532279508276
47003.6769584803
47632.86885394948
48967.94033460078
49015.50433828069
49329.36257251637
49391.079883341496
49707.85749888061
50152.76599182886
50963.854482227
51275.379332294215
51787.777913226855
51956.162558535645
52523.26099107484
52600.33630052629
53226.24480972439
53333.01797210936
53394.32926844616
53411.92783343177
53498.305023581976
53708.506301166344
53878.79395026948
54563.386365140046
54746.60719284658
55103.6044879163
55433.938267122474
55966.5361794452
56693.31846829888
57175.65434428318
57478.93868304841
58206.08356538263
58342.297964043144
58956.64657153451
59124.68534218345
60388.43075003855
60529.45781276109
61374.19857421846
61539.03778025271
63041.19241383535
63148.80604303736
63408.99372069003
63413.42933087371
63442.40894577199
63529.35145476426
64253.62636279461
64405.11840902117
64497.32075854154
64771.2514881584
64988.75766879136
65195.633766916246
65219.72857891063
65739.99190395007
65798.4526097857
65948.83582881413
66905.96157242781
67791.85972395039
68167.81874707983
68632.83325933076
69032.61207245589
69548.62978616315
70174.09172539195
70416.83522341336
70638.56624264305
71379.18701296856
71424.80635352783
72123.76627479421
72196.52529965612
72446.28370547123
73056.3775046386
73286.40462061782
73390.41718222202
73656.10854899981
73658.38582306323
73678.6115443665
73832.41279352033
73991.49560785637
73991.54753398629
74009.59136228295
74426.4173539482
74431.8467216199
74558.59610434379
74669.75792993286
74724.49330281936
74764.20656662402
74774.2118619457
74852.79448984886
75100.89891298718
75488.7153981716
75537.90849498005
75547.30276171926
75630.05529386921
75670.52648056255
75673.57942823447
75674.6905401036
75683.8153875807
75703.88806581208
75774.65023237234
75818.13593878305
75862.83268585832
75887.94492004851
75912.60749694011
75945.90275003662
75982.63677230358
75985.55261822217
75986.61831650107
76088.95187665289
76111.660302354
76196.34665650573
76204.22914987459
76570.05961881812
76825.75127499156
76909.31220878659
76913.72037080358
76975.40550491544
77111.37176563182
77265.76529809687
77272.70757414291
77348.48488812889
77350.6714308881
77472.59739034399
77524.12879837217
77605.8462483819
77749.99190057188
78093.89064030322
78154.53648532985
78205.61628139525
78390.23206879689
78467.49756587505
78670.40319291786
78702.05554347452
79012.38657776015
79207.5412897148
79208.22791985636
79260.94223720503
79389.38661774393
79634.80178018549
79767.57621055366
79798.14256027783
79854.29697400297
80032.93532118709
80042.59057833413
80063.8041217089
80195.31276097892
80346.1411807357
80400.20963141893
80424.32382588497
80455.39111433925
80520.94942207748
80549.67992841967
80584.18338660256
80590.72248128241
80627.93085205914
80702.5360024742
80711.05419346367
80794.9354315026
80899.93176272251
80974.16374954762
81003.71565779252
81005.65680798172
81041.8955261245
81057.94925503882
81099.74222379905
81155.79105180172
81162.68506587934
81172.5632038923
81174.93653039068
81282.65386532803
81285.16183401825
81383.70820213358
81389.9195976344
81445.25506800317
81480.98971899693
81516.64251716353
81534.30042680778
81546.62986196436
81588.7253088349
81602.44380067836
81758.724004525
81881.38469764925
81903.80217885552
81935.85466984985
81971.33520170169
81996.88574655971
82032.4900389581
82116.2809323362
82142.32075557645
82201.2623497996
82263.38791203687
82282.75310899697
82350.81637373558
82354.93876623783
82383.49396577329
82387.7070773294
82427.29323389965
82554.99069206048
82573.45275552057
82667.2220425306
82696.82603787353
82716.74325909463
82722.34013172961
82821.20248363962
82910.28306067962
82943.26797763168
82949.47482676232
83146.69800813531
83151.61426156857
83223.60898701356
83236.33303009166
83257.61610406094
83347.90767161608
83385.47018575485
83430.20962323064
83431.5644196636
83446.47608881361
83450.13246872756
83548.55169869686
83568.47917526175
83616.31726129394
83687.23489566839
83689.33935249444
83711.12272277431
83758.76281393612
83819.61433603386
83830.62997067654
83878.4767180198
83898.6167260433
83940.16393469674
83976.19302682564
84161.7057941312
84297.89437740609
84301.87384707498
84399.23778301387
84415.62818483729
84434.82202643876
84455.8044913622
84502.49103900463
84524.25442194023
84530.09798252206
84555.0597567504
84655.89010584123
84700.31784802055
84724.63672150802
84737.32825465001
84744.81369858675
84837.13158513226
84878.66305815498
84881.98051045275
84931.041626723
84947.35960326191
84948.38626238718
84985.12806395235
85065.51883306736
85080.74131842096
85090.78500644026
85156.28258829618
85180.59552659924
85184.88145998199
85189.507576823
85214.62638100593
85223.42471495336
85351.59924836164
85391.20612975668
85747.6085395417
85810.17383440098
85873.57466577458
85875.13842396856
85894.15063606521
86050.19219109624
86107.062286856
86108.28844569613
86191.65977544695
86458.29789585627
86502.89242559909
86545.0233170376
86569.5228839565
86824.02272443357
86872.94203630394
86945.62782130456
87147.45266893365
87344.50558172597
87401.53231267541
87438.82652529715
87724.23228570342
87923.72956405608
87954.23711355287
88107.81131929594
88124.51092291891
88685.47520720454
88842.57482358339
88992.76552308802
89019.0231278965
89180.99630046524
89530.43580384916
90625.3149246723
90694.05243412043
91850.7772381986
93186.81681453441
94026.8548100712
94276.23401793686
94373.43685297594
95524.48521347668
95534.48751344455
95707.64391071838
96043.78176041081
96189.59943870068
96306.37520213769
96841.78748303938
96998.96442074186
97014.41589649951
97400.01364629802
97431.00238320108
97657.58582873177
97796.92444944545
97834.17541927987
98218.99471589424
98612.05894598868
99151.80668883296
99684.6355652423
99704.66706206638
99968.6799244669
100220.41749965925
100367.59366789364
100524.19668354385
100819.26944446612
101408.87300454336
102099.96807453499
102183.1012690532
102660.88690906731
102678.42738001107
102690.93811030942
102743.7058982753
102749.63046292885
102780.68792842836
102830.47462119714
102995.36075463548
103194.04221660373
103223.29379601908
103298.90614646289
103350.94339881903
103403.8145467849
103426.95884106978
103528.22473377644
103573.87884701754
103583.01468430826
103593.43220526869
103596.60974890793
103649.58794401621
103829.95885300264
103881.86160059576
103893.22819048782
103971.52389945566
104003.86800896647
104106.28524666312
104126.65476154015
104157.24724013932
104174.93287511631
104256.16821973077
104283.1213432422
104285.58885558436
104285.89339404867
104311.81019247172
104558.98397509914
104561.98032513795
104591.30521582713
104603.20602839573
104661.88873495537
104756.2949140344
104848.00049848341
104866.99491876495
104913.57513408716
104944.84995725393
105008.82767971994
105114.80664967408
105301.72451046854
105377.58334696117
105474.57840778757
105520.61149788572
105597.36269224864
105974.61089584006
105996.58895021942
106000.43755262494
106208.10406353665
106257.47963404257
106430.30493477726
106589.40161162055
106597.0521631063
106693.862708893
106898.13365271302
107107.256391843
107311.6567986923
107360.48546135647
107370.40236283725
107507.15245751225
107529.49824104391
107595.1628279597
107617.20276155116
107705.62081816068
107830.03443583102
107962.49704495266
107968.01415636027
108025.62107214893
108146.16297962182
108191.97924211666
108435.39358523853
108442.78902643638
108491.64961551467
108498.89958068708
108511.36918058147
108519.71104992369
108547.0261233942
108774.73366219083
108893.26843246566
109035.3234902239
109071.02529117107
109105.31350653453
109132.19052267188
109154.83470681994
109389.48129549931
109424.7721626845
109549.1487413613
109603.15764980242
109690.60801097837
109774.2929751327
109788.08718740307
110220.15141332419
110239.7499469863
110265.53148760533
110535.20012605778
110564.21264412528
110606.96759431687
110647.49342517034
110673.9188528698
110744.329969619
110842.30200998863
110865.84867064893
110933.12855200158
111010.80648879646
111083.82097947772
111402.61351695044
111608.82292301649
111621.28862861532
111684.30372406004
111687.0502845344
111826.80067364818
111864.52888952746
111864.99195926942
111992.42522958
112069.40166907839
112167.91213854245
112171.85135821014
112178.40342237797
112218.47504484732
112268.55934290866
112285.58126198534
112661.90064216782
112705.55232005913
112893.47391592627
112919.98185866297
112933.99339253054
112955.83276846244
113113.30495735753
113289.04764042863
113304.41880260922
113371.99583061683
113381.66568510997
113547.93472582739
113583.71236613825
113597.39579198392
113624.97306248557
113651.02424780375
113848.73109280133
114025.11875457776
114048.77982798229
114060.6378163108
114251.34500296428
114332.54230058525
114489.0497929221
114512.69850747848
114626.30166201224
114663.34909014273
114737.61682898559
114766.93536220814
114918.4484410868
114944.79720149789
114950.99214945892
115025.93814090423
115074.34076956713
115076.24515565122
115171.67878047771
115201.80440323503
115300.50646196595
115391.08375370907
115466.97751358934
115568.74127805734
115660.0281953562
115893.01350377567
116007.98131750908
116220.7729709153
116267.30919746913
116359.77999049188
116533.79769722982
116704.27266920716
116953.54802334742
117075.30101923992
117141.6473406665
117188.58242370225
117207.48067825919
117314.56345799539
117378.08808752798
117395.79431658008
117398.16126551545
117418.64518088783
117490.90602560654
117743.13443044016
118326.42471052852
118376.02134176804
118413.81548409068
118454.46129636385
118574.54626202302
118630.30327853872
118667.31162162495
118702.37322603185
118875.70482570697
118992.52909796845
119017.10379474178
119168.55457974438
119207.63513806563
119246.53965898798
119274.56030985503
119291.01811374782
119318.59561068469
119399.9630317325
119448.05765321749
119552.01368645485
119723.5364171571
119810.63505977568
120133.22278382539
120169.12632332402
120328.28119082918
120333.85900653203
120363.81301116705
120380.77620593386
120480.03663947628
120563.68939424315
120617.8335450489
120625.23469008316
120685.00376339268
120782.60857387452
120834.4131184355
120878.77674417921
120880.83677884578
120894.62777607585
121079.86556798767
121087.09565817253
121107.14301556462
121212.85290529362
121224.38941782711
121272.72177381748
121302.14467731757
121344.15274935422
121352.00933211888
121375.98373766392
121437.59736012449
121498.811869323
121523.9434811605
121735.36375377241
121926.02255886176
121937.73133223574
122153.3128939068
122558.9792583615
122640.77435615566
122906.35078826742
122938.80019493614
122978.61379624561
123047.73024561036
123094.47832166374
123203.20635841326
123252.24548653985
123488.75475143996
123760.23601917403
123842.43928868399
123923.21695107629
123957.17185216653
124007.8840325003
124027.20900690275
124038.00931939122
124066.59647008171
124081.66447734402
124082.26061857457
124092.94906093276
124118.40280350421
124144.86848742544
124164.13367034834
124177.04543601836
124192.36522092565
124223.11089610922
124267.96235434656
124314.31030992497
124318.91170918648
124324.07957900269
124328.17551846834
124328.30372836805
124330.07013643943
124333.02910199758
124341.79216165867
124362.7380665664
124371.89280214478
124399.92421975324
124410.3297577113
124442.63787672613
124504.43595427406
124508.3312558058
124513.76272815392
124522.85896594293
124539.94611041834
124577.43063421943
124588.83264666473
124632.34935275097
124690.66490817851
124695.83302573612
124705.03883991725
124709.35477426436
124747.54964292957
124757.87266289344
124778.30598125556
124795.33776868995
124854.78871026728
124887.32717172508
124901.77352564839
124903.72722785466
124934.53528031107
124947.12975481749
124950.14688756996
124950.79176073763
124951.65663218393
124980.08736023563
124990.59413123684
125016.20272422256
125020.21290650581
125041.29560365758
125049.1731180612
125063.2529440964
125082.21892559675
125224.19959662498
125252.69943225977
125253.24789284593
125308.6470080697
125315.04670855713
125333.89963029491
125345.1734023742
125356.69037158514
125357.31168055712
125366.86507741676
125385.49832431617
125438.56189939032
125459.31287949876
125518.17583249298
125522.41319183321
125552.11123920104
125552.16775440195
125567.28384796146
125568.55428197485
125577.78889555068
125644.34238771637
125662.51048131999
125704.7971380059
125705.37200573867
125715.05026492634
125769.81532347327
125794.04998487013
125851.21097246796
125882.89429208753
125942.76446229851
125943.7611470779
125944.58049272958
125975.4413440612
125991.04768030837
125999.48874715832
126028.92545068022
126034.20518261241
126043.11623447618
126065.75133813536
126106.07749075576
126119.71149490826
126140.64363490365
126145.40491105866
126147.91903208196
126176.91621917952
126188.21134692337
126203.06555293674
126220.30554779018
126287.45011576904
126308.53834460129
126314.04830998505
126343.42529147235
126352.32653926732
126357.97636245753
126371.50501729302
126375.52833379834
126378.77726084867
126389.3062429475
126433.71791139463
126439.17125284387
126439.9733102184
126442.11735324297
126474.0836192029
126485.03275923413
126531.39263096527
126531.87623646372
126547.66740100281
126555.91889482911
126556.09512851006
126562.5813074244
126599.92665631333
126603.11781534372
126611.20335385494
126634.93702715618
126660.15461052628
126662.7521278553
126759.32997561304
126760.0144822319
126781.77432003466
126789.20241050125
126794.30004514765
126796.05086260149
126799.38698100456
126833.31210434125
126835.64942342203
126840.85681481427
126893.35476103864
126900.39019213722
126905.6870241701
126934.3730864136
126954.21450087136
126960.90856433837
126972.1668421695
126972.8973519911
127013.82341445115
127041.96939867485
127044.58171261454
127050.78377319421
127101.40923349561
127185.95780929367
127244.69524236326
127276.04185105868
127327.34702654777
127390.15049877095
127477.92371885301
127500.47885264162
127503.45677397362
127529.37917208143
127535.96513961394
127543.76015831085
127594.6358184058
127614.56422842
127672.18435931351
127704.71335367748
127717.30783722363
127719.4377820238
127734.85911328753
127743.37593009387
127753.45832809371
127764.50451492867
127773.85672376468
127778.84034864994
127795.1890966875
127899.42412295283
127904.74877615953
127928.93075894637
127930.4415276621
127934.86998756324
127983.94215576557
127987.47911139991
128004.46305589168
128022.20485055017
128048.86830423164
128100.24394104851
128120.81717355555
128155.2986371766
128164.44008827957
128168.05007400784
128182.21408119894
128193.64236988573
128204.64635404173
128219.5011707185
128236.70301199229
128256.58039626945
128268.89827118536
128274.29998659855
128287.18088718236
128290.95417868599
128315.76117749687
128323.42391322587
128332.57907567524
128341.64039730618
128344.32049223196
128355.96734820955
128363.76790337432
128371.14966861079
128416.63415650757
128434.27172831862
128435.95912885421
128525.82419875523
128550.82534332894
128552.80815590412
128566.14949363006
128581.74022059204
128585.92035720067
128590.01333121436
128636.96874084132
128679.94412763833
128740.27990297248
128756.06487839298
128835.50095033107
128865.42276828829
128879.8316115323
128904.2988210246
128929.45797503201
128958.39400371953
128963.55989994195
128992.56531445665
128998.58260173126
129025.69263705079
129027.46960628194
129049.04083077074
129060.07441054395
129125.17345193423
129152.91941532807
129180.88579609564
129195.47741411079
129262.2265690104
129312.65535020511
129328.03319577417
129339.16402061426
129375.86401423579
129392.39552224468
129403.59407620085
129415.8933363677
129430.88057828367
129454.86383810214
129475.6548818092
129532.97314287454
129534.47588001433
129568.15422078603
129612.8477597344
129612.97365688381
129634.2960639822
129648.89042561997
129664.92175890683
129668.42631859209
129686.35537043039
129743.59436603474
129745.26764700736
129754.42191067948
129789.1149886903
129790.86678831081
129802.31438509852
129803.12034500159
129848.3714250573
129861.42241740419
129874.91285569045
129880.20849406804
129882.58113496122
129882.88201519585
129917.03092388621
129933.84915207881
129962.09767096688
130010.3355825498
130050.16007305792
130067.26965008807
130080.04298603762
130142.08231340695
130146.38088048462
130179.12776148353
130181.0270918187
130190.88725475158
130199.8682616378
130201.98140374356
130240.78924016719
130263.61775874897
130286.60220402165
130303.81065056818
130349.35526788607
130363.08344021424
130382.67909314812
130407.16353346405
130474.4802099845
130492.96219152916
130502.63800914337
130522.1466360259
130545.644039308
130550.41956575212
130563.73061766701
130768.02286434243
130922.02949297376
131592.83564149402
132510.0223134016
132963.4057700227
133032.75917683364
133198.39751109632
133929.3161671492
134693.29731700994
134828.0613887784
135613.92275116575
135848.46984395885
136024.77968301965
136292.1440423226
137637.52623305185
137936.61761301596
138242.64832320367
138414.42754185607
138968.5894952989
140148.0479615934
140288.6527290224
141293.56412320476
141319.37989786273
142225.0578520628
142266.70897635276
142733.27906971663
142809.02185763977
143935.1749713942
144480.5006649019
145454.74620176296
145546.5665684544
145613.32566912545
145877.5744931592
146868.65873105923
146949.27470702017
147444.15413613094
147678.88116881764
147958.83330568188
148151.44583684325
148677.6029998989
149791.95061741737
149841.05517385638
149912.3998966682
150893.44169103235
151136.65220485808
151358.70605563204
151673.2827105829
152094.23241740203
152222.87701584277
152377.4802094972
152438.02191261319
152463.14939032396
152603.81100004696
153024.24039017246
153128.2781783043
153207.13603447768
153803.83942273736
154156.5437680178
154415.4407795857
154521.38141928805
155569.9090501535
156199.51346572372
156446.53063526814
156789.6770397522
156855.4932643994
157073.71071889848
157086.4482821663
157265.22598011862
157298.84455907939
157629.13243285735
157748.61339890416
158020.14953818207
158152.00420439112
158859.5461788256
158860.13997354315
159312.16365793196
159449.22095144045
159753.04183398664
159957.16178534442
160051.54006212536
160094.81593516193
160121.00927307416
160127.83106802645
160190.91375022684
160252.5997892745
160338.8138419473
160410.6909727807
160435.16096015967
160831.73236196517
161019.083558282
161119.55922900198
161265.66321673157
161289.55975235687
161301.5818962811
161409.48240177467
161501.03298474086
161544.63244027545
161566.69105941494
161617.22337600938
161648.8442552965
161674.0729495701
161694.60255243292
161850.11230427786
161945.39969315584
161971.4269688474
162004.58971658652
162062.42875925952
162079.9156497377
162372.7032897263
162422.73307927058
162458.28821109416
162479.28477860254
162497.22996213997
162565.49847380165
162732.39368036343
162953.95051720872
163040.44019547873
163109.58788097836
163120.47497078707
163141.64426581582
163235.72276884725
163314.02964296323
163371.3402894488
163395.79239810322
163452.94585541848
163482.69817338328
163568.30256798828
163692.26566219627
163750.15933691524
163755.61239990973
164108.8729476496
164182.79980950293
164216.6362290666
164265.1468935209
164544.1802622343
164734.99961044054
164949.13808976716
165152.0710029967
165233.39673125575
165244.01068914527
165253.28612307485
165324.15886108376
165484.56543608732
165496.5828238846
165523.9980296617
165713.25817562648
165845.57538302068
165886.8692286133
165887.7809685027
165892.9706524422
165990.79389579812
166139.72711730798
166165.7467731923
166326.05260639027
166390.37247616643
166391.903688818
166438.43631301125
166491.6373120883
166573.8865468728
166630.53799627261
166685.79391557458
166852.64887155403
166992.75213705294
167050.06667479445
167055.70027406648
167075.02096901764
167082.31974654668
167101.17576059507
167117.42836887302
167137.61786246888
167175.17135023055
167202.93583053994
167308.0340759873
167320.41763040377
167383.3256495271
167444.11722229165
167450.16831832612
167474.7092078498
167610.60673179524
167627.62573012925
167633.92903198657
167724.4036610089
167818.949749002
167904.80775555986
168099.293502502
168150.1476097058
168189.72412641736
168338.45825126377
168347.32415665165
168415.4830250314
168561.2496597993
168562.65121780857
168575.0580477544
168593.6210845271
168614.90170602893
168641.18853602023
168879.37800593977
168890.02462635096
168901.8348309092
168919.81655113163
169063.8747135658
169166.70253674054
169232.3897613922
169244.66639315488
169258.99218432626
169297.93492240764
169357.87302456572
169409.13222317124
169448.50865629775
169452.6141467712
169539.0167502511
169616.74232091336
169684.93029485576
169705.5804256532
169753.33466942294
169858.8452830416
169877.04115939123
169916.5053790321
169923.071416922
170066.0255670703
170099.67728893552
170123.66806709438
170136.82479843165
170206.89484306882
170215.79987837907
170264.933580523
170308.27862919107
170311.24285629543
170335.85120627616
170369.76580649582
170443.8767018527
170454.46772587864
170499.83736096398
170525.64513565908
170546.10957784366
170551.15805179413
170607.75347181648
170618.89853187522
170637.54886939516
170640.02118404885
170701.19038319943
170720.82785423845
170725.57355498616
170755.22370228654
170778.1928160995
170797.1483525378
170815.5689497338
170849.22031758144
170854.19054240442
170866.71056818726
170911.2909888976
170963.7909265614
171111.32183966576
171188.31011126307
171202.03631275264
171241.58189091276
171252.648844726
171284.61678376253
171324.94661107997
171361.50521556978
171376.07555634854
171493.18704898347
171498.01309274317
171510.6703328399
171527.1471426168
171549.70944028348
171558.72851055898
171630.89789069162
171677.04801953112
171682.7168073939
171684.36475544496
171691.1611743067
171699.20013896347
171731.32296676858
171759.7976657637
171776.4499748372
171825.20380011498
172159.31628388283
172462.6609305208
172529.37894263054
172659.82376854302
172703.9365641386
172812.8049324339
173045.44963676267
173047.08253641194
173081.1246938526
173251.3167505113
173424.31283645102
173506.00819725043
173566.09165172922
173851.74752004218
173939.51135752743
174486.08316880197
174910.02835712882
175071.1687698676
176136.80332069227
176185.18625214326
176333.85884940228
176980.01063835566
177049.43588206611
177610.34237763708
177946.64629600424
178692.6359360584
179001.8986111704
179189.9115674128
179199.02607768466
179495.89723633524
179568.50061046064
179634.685574741
179787.17656186043
179993.86937232496
180041.44784857053
180444.7207121509
180539.5576536764
180720.45238433138
180806.97210501946
181029.4659167338
181236.4513321916
181351.27608923646
181362.06698309135
181422.46025364575
181528.9134845503
181572.7514392452
181933.27206278982
182169.6110788235
183153.8699407597
183233.6354103094
183641.12233624398
184583.09304271382
184634.60122794125
184792.5953049424
184856.15052642877
185340.33542237876
185453.76246982196
185769.4163226847
187178.78361307352
187296.59383103545
187488.44783731824
187969.91923376685
188271.76924910187
188352.1049675835
189088.25687798354
189240.3104356299
189286.59169737386
189314.36872502606
189380.5580134691
189444.19080058153
189520.67526694603
189580.19686546136
189585.90337520448
189681.2759152939
189766.72560707625
189828.59736760607
190018.02948180755
190053.517495742
190225.51553235366
190228.07658633092
190333.36174025905
190350.13051757033
190389.78537817494
190635.2600499225
190820.93085032175
190861.04040400297
190910.43947395697
190965.95864085754
191179.13822888222
191245.57050850458
191364.86287289852
191375.8745781753
191433.07459652156
191692.56304633617
191954.28590514703
192026.55653749284
192107.46406466412
192195.57891757393
192199.32788276524
192219.9100596984
192249.14872849148
192436.69185304118
192627.34092169965
192630.21488578894
192633.44694543103
192738.32019997804
192738.628508306
192851.48574748627
192859.31572871163
192909.4066917688
192945.90219256456
193320.3684264255
193382.59598173885
193583.92830316068
193663.2453139585
193780.87033753685
193799.3348955048
193845.01080597827
193869.13507455436
193872.0428234264
193873.6429143064
193890.43194015484
194066.02071376634
194068.46248918705
194099.12892163533
194133.18058559913
194175.5023942837
194176.2878542635
194236.808488103
194237.61333540565
194434.79583550963
194448.20370063715
194721.06912204035
194722.29068482018
194733.52181883028
194853.7643331974
194854.26172142773
194929.79208245137
194952.8863773412
194964.53923193956
195079.3004223326
195170.00819013658
195240.9262143748
195316.73867074685
195371.4684449005
195555.43526149628
195669.76174589148
195721.05661078583
195827.75416627
195850.0245390322
195954.77681838436
196020.66030012388
196046.40190228695
196134.97625168637
196220.7568115926
196224.2675598679
196229.8447966164
196258.56394241704
196264.65223091966
196351.2915468117
196534.32012009207
196585.10664022618
196632.65081950033
196644.73547989194
196899.87553872858
197193.02717518754
197203.44427588032
197293.49413065595
197294.33035558576
197458.59851701593
197562.47406552942
197865.7827389992
197906.33566120762
197949.74848243513
197958.089205429
197965.75875702125
198084.73555868957
198490.37792306827
198623.15910715025
198626.65819663394
198627.86142429154
198670.86321276877
198690.45036724492
198776.18482143147
198880.36459995573
198939.14055193245
199073.57198192202
199225.07933458354
199253.90515179787
199445.900556249
199465.89294907099
199614.54327418254
199635.3715144715
199711.68238619
199854.08144044012
199901.57511218145
199992.18154775485
200424.5024879081
200443.29697433443
200447.4964787676
200581.5921585371
200663.02493960623
200788.37045538338
200898.377237418
200960.94716251007
200995.2946210633
201096.21590029655
201226.36686088616
201260.0978920259
201351.3937060523
201352.00211349982
201368.45845792635
201375.35224570567
201389.8837018577
201392.555482876
201485.59887690988
201543.05734768548
201604.05187653567
201751.86917421673
201757.38683220092
201765.78314423581
201768.52959663922
201789.14142598055
202255.95828078644
202478.87749430316
202550.83139862504
202583.45257469322
202649.73567177658
202809.66150208912
202917.30559051875
202923.83842428663
202962.37886097006
202964.7983094975
203080.68095413304
203193.7848985302
203343.85212870606
203354.35136398723
203428.80962232873
203488.56702901263
203607.36760685837
203618.17314872984
203638.94783225935
203708.47662201495
203767.93933224055
203811.18207739558
203884.76976170286
203930.688139207
203964.377789999
203985.50883286304
203992.99201819403
204015.55367086746
204110.0163515945
204259.7031628458
204261.98430582957
204378.6351388529
204387.62517810703
204504.14538822384
204639.3899004675
204694.5721634612
204729.0621258368
204925.54136467772
204944.62017314674
205081.6571370017
205084.9766266526
205100.16826797687
205102.04373319558
205124.52754417446
205125.08396615292
205221.17699688007
205278.8048856342
205311.2814926915
205342.21284458938
205643.68469575705
205915.9239122196
205970.69413933557
206392.4415599904
206465.4717208883
206477.19970902568
206615.2652337705
206665.09861232422
206671.98977414556
206834.6071678721
207003.32155803355
207089.7063772238
207116.1130831443
207128.2638107648
207128.80259996423
207164.82909035208
207170.26582870452
207221.11499124274
207251.3120905262
207261.02123399987
207320.7832783602
207360.00427929443
207445.57436753114
207647.86510816682
207683.77463149108
207698.7413620564
207773.02528031045
207956.23652337317
208005.62474546742
208368.30440273503
208576.0848568086
208653.7968668486
208775.3505253885
208781.61709084315
208883.73964091283
209055.63652109864
209134.69080727504
209164.92257097765
209172.1601941978
209180.79506261589
209220.75678201448
209369.4697818484
209445.4253565776
209560.91594366537
209564.74936130238
209571.07690766262
209636.7488098758
209774.54155334298
209828.06563583785
209923.266191108
209944.98090098886
210140.654212087
210317.1646967287
210325.14303859026
210386.36946636974
210418.7864815639
210437.84427436301
210444.3013937471
210468.50756589678
210533.4592541169
210606.71702941792
210624.63213895189
210664.8464781217
210671.42557768026
210675.05972379266
210745.54140006012
210761.93553460485
210764.52610385176
210772.40536707983
210784.2258189369
210798.32513309203
210829.09347590007
210836.14034258472
210841.00997649596
210885.04500685266
210889.12413204872
210941.0749824581
210958.64199760222
210965.7021322006
210984.8319818583
210987.39572751132
211004.85946738845
211042.74162737277
211047.52148384508
211081.78403395196
211084.15380867815
211085.44140678179
211087.9938510229
211114.9149733246
211179.17679106462
211222.23711617
211261.17115646036
211306.07519128016
211316.02841726388
211317.62863688613
211390.83889391457
211430.54677287186
211432.3875296935
211437.26744980857
211447.73551883604
211451.20333646293
211495.24987958305
211503.60687375139
211560.277939235
211574.41613277668
211602.3556166415
211651.87385401918
211705.7457938427
211706.49617685558
211725.43763431956
211748.44752327696
211748.9499807176
211848.99826315744
211860.54588042956
211865.14100480944
211879.37617275512
211883.52606103578
211893.38356795633
211901.90821229565
211903.93476924906
211907.07246630918
211939.81895133675
211989.84939132552
211992.22871192326
212010.34405375962
212016.82948446105
212021.67969860375
212030.55610807863
212034.88818226868
212069.58812488703
212138.1228437943
212168.1085446147
212174.89112099513
212182.89034620946
212184.5489575533
212259.01966732074
212262.07964569255
212267.7101679147
212295.69547836896
212301.6388380255
212340.18460600352
212369.9418510216
212390.4533632785
212403.09084612544
212452.6162070738
212484.246371761
212491.9068258034
212495.17212060528
212529.4825131759
212544.07613545793
212557.32485677954
212559.67001754063
212597.56369873844
212607.03951470891
212612.40680907457
212628.53628151907
212643.60352896075
212691.38080545922
212705.6608843637
212774.7239969097
212849.43541322168
212907.19130301068
213005.56961248713
213039.2439149735
213044.1538404156
213076.33671315928
213092.64505610464
213128.23308706604
213177.80462592506
213265.6606371457
213289.50209219116
213310.28322352408
213352.1971293587
213360.76110340632
213361.90784934777
213415.57036599348
213416.94285449307
213440.62187094978
213463.57976586136
213464.6920861104
213490.69821620925
213514.0628465582
213531.50823365437
213596.6171280422
213643.65121162197
213691.1032991423
213720.83958804916
213739.78984545698
213891.80630468245
213947.4602706952
213948.56403983635
213977.12407281532
214000.02272940218
214008.89707092982
214022.00807032338
214023.7593818513
214044.03468598815
214049.05955204964
214063.50649974856
214085.11263488734
214105.74993609395
214159.30009325617
214185.16288733957
214216.41638226403
214226.27175715927
214233.97499007982
214261.213520528
214293.9705621822
214304.32497416678
214316.19907529472
214319.82267624576
214319.85796095262
214325.4685051087
214328.46137008036
214356.92160858065
214386.5191837863
214465.96243375115
214496.47277542646
214504.85715624984
214507.65843333837
214555.95214771858
214564.7339090292
214624.38699772963
214657.4114590056
214660.66681762674
214690.07916876438
214690.26676386112
214691.71415962433
214768.60438957476
214775.89515642196
214795.94642599806
214841.18348240896
214904.0980777832
214942.2502114185
214955.70692773085
214961.0202327994
215051.9688945346
215057.81429200922
215074.18926331063
215093.94185018443
215111.32320238499
215114.60472267793
215115.27995789683
215179.39957616315
215201.62591408833
215222.68658873613
215228.8386991653
215231.15766260846
215246.04018392393
215259.78195454378
215261.44652051586
215279.33864215895
215319.77013933935
215322.99271184215
215367.54332487157
215450.09442931696
215467.87162334844
215549.3985855467
215557.72337194445
215565.1349669531
215573.24194524836
215597.96170661878
215623.50433522457
215657.16866204914
215708.1376535876
215720.47979581746
215733.86638373794
215748.0372631675
215871.01625720822
215874.66989678616
215899.47145581874
215929.48291259867
215979.4420783003
215990.8771033008
216004.89272140662
216008.3759575094
216011.3365831104
216050.66510475276
216087.8278253695
216104.09844717366
216107.58305372618
216150.18079318223
216152.5749482535
216241.0746960224
216254.15778727527
216263.1103100548
216297.3834334825
216323.4507277386
216357.9556384275
216367.23216822965
216370.69579312496
216410.26888585492
216418.7369248515
216421.548880401
216422.4038976633
216438.43556260795
216474.2409092207
216499.37867308932
216508.22445311988
216542.9883943778
216557.4917014561
216600.98944309377
216607.4721116946
216608.26745672183
216612.60721363203
216619.5965453542
216637.5762279864
216689.47371174482
216697.2051922849
216762.46684384134
216805.3757049459
216858.57072030814
216863.2081622501
216913.9510555993
216925.76615423063
216930.3042205351
216965.20169518283
217967.49934398316
218409.1035690641
218484.10055270692
219637.969340062
219735.14079375338
220219.9626825276
220254.6687482169
220413.95573670795
220538.87489396776
221763.00632103466
222487.06465798998
222548.82567643418
223067.64125392973
225209.3501052502
225260.90970975888
225293.75454117387
225294.84644751518
225394.09548754274
225473.37780612928
225790.1693943072
226348.20880039764
227694.3232975282
227768.67142395762
228481.61966374374
229644.16211402134
230109.10045451185
231114.6809725348
231549.88443982977
232105.88645271928
232255.51725069742
233204.01826788698
233613.93344372563
233829.8544010948
233861.58420592494
233862.16762996418
235110.1498196032
235241.9074753162
235265.41388896474
235679.02506741844
235706.1049066246
235750.18373107002
236270.5881161619
236798.98885654722
237343.6038161362
237501.10178947143
237538.31737228262
237654.3585218701
237727.88955974975
238734.93793519758
239355.2203927972
239427.54956431425
240462.90710948288
240504.78399328125
241419.59730983793
241449.3865261374
241963.4365659289
242368.03827507517
242592.82522558852
242648.13993576984
243185.87947891623
243308.72602997636
243530.71669355303
243744.2917158809
244271.93731791514
244645.50142751646
244847.08671716868
244951.5476466184
245218.33279854042
245306.78000917376
245541.13275368954
245643.0660903272
245730.3385373546
246732.95328607812
246788.68940984778
246791.94660540466
246954.98871876378
247087.8218241809
247224.23947471005
247230.59108073276
247267.18834839246
247302.35151062417
247346.66112256283
247521.20366021048
247529.56839100062
247546.3188397515
247855.1926284018
247928.23441672508
248034.80800819342
248162.81591730873
248164.87394369667
248450.05642909085
248454.40796400007
248493.74306712227
248540.3189045332
248560.50694696454
248665.53281704697
248787.11822987063
248955.14507529116
249055.03525512177
249056.05042941135
249264.56291466433
249390.6928376502
249546.39888009173
249579.2848427574
249670.75647536278
249954.2157981026
250049.33261907863
250130.75470458658
250145.45545610518
250148.06674373688
250184.44755255262
250276.91007178047
250324.96583986728
250386.88808064288
250446.59632091847
250454.324409083
250543.84192000874
250581.93139547115
250623.40805109413
250685.18985902
250774.7089024269
250862.34299144783
250977.29065359206
251070.15213372387
251132.35635384812
251138.84439517584
251210.06065201553
251233.7123213699
251275.4110559381
251305.04641336703
251473.69207454094
251522.1824884527
251559.98805673636
251627.19321606052
251666.08477699888
251841.15401532932
251897.8323703832
251966.55013804976
251973.371457792
252064.34016314635
252097.07067631691
252241.31695106695
252309.71093233683
252323.724078328
252339.9573730748
252358.61409533693
252442.3691432913
252564.14126736624
252571.04653474668
252587.834643705
252635.63463017214
252661.19985978393
252680.77551767888
252739.66370474698
252795.9703091227
252859.72643048305
252863.08799412803
252893.3124180379
252937.4947726286
252987.6904059209
253010.53569171779
253021.75074282696
253082.1768206571
253249.40667511945
253311.2465282302
253315.68809089944
253340.68746436085
253358.7540254754
253439.41618466662
253535.23038025957
253591.86889393558
253607.12206292845
253647.32451816084
253712.4242761985
253811.37179551792
253841.9634528012
253866.80282302192
253908.45268490133
253909.66309872258
253974.27374609263
254002.90497174842
254003.42693795485
254018.99834749103
254033.8742090033
254057.67382108566
254085.94089221553
254155.09088945802
254176.44586487982
254259.3954711571
254264.48528134136
254339.37507612418
254371.73678501713
254442.79943897037
254479.18374495546
254571.86257110807
254622.11905443144
254648.09837911325
254742.82249010168
254743.1508274681
254820.06399017863
254859.37959915138
254932.8231246618
254974.36875427506
255087.09214608808
255290.52095805862
255338.56332857924
255338.5752147717
255341.12014051457
255460.98000700417
255487.25348678572
255542.64549920603
255591.94272144593
255598.297154327
255603.40462322847
255683.39298544373
255690.12599016484
255699.3362365897
255711.72395038945
255765.92914706352
255860.36196001136
256078.18106682785
256109.2097410676
256183.7831526192
256249.26724470113
256262.31994203775
256339.03280036827
256345.73133205518
256419.55782833492
256421.26613749447
256421.3471179855
256439.77868208068
256441.80748004664
256457.56966043584
256496.2035614056
256542.41559965943
256552.04507767054
256594.60719429038
256601.6201913091
256602.12134412772
256609.89796339942
256656.1641936042
256687.10961967404
256692.86964134115
256711.80441078485
256769.53951067865
256787.29634070265
256789.47826229007
256796.0839067768
257005.33380959954
257051.23660241615
257078.5114495529
257098.9502109758
257111.552023487
257141.43333232726
257200.58789695025
257245.8701673383
257323.3772689047
257357.18056362626
257420.83221082916
257449.9898345553
257511.54534423066
257632.6005416832
257745.51488734182
257754.20308373592
257894.33354446973
257966.437901219
257976.49836280936
258036.98362095017
258108.21872896154
258113.20772937982
258323.12402236386
258334.18386590318
258495.36167314168
258588.12182418007
258589.24347879234
258627.4108464211
258736.3949127461
258888.48669678735
259020.2820521929
259058.42938429507
259065.510603566
259084.64906285814
259088.92913037352
259141.73309913024
