714.5451976020331
1034.6119976820478
1362.4144385931731
1388.1786816417625
1885.6419511740664
2153.538434708957
2354.4279024867587
2764.0475303879957
3001.152627154521
3082.015409287643
3262.1192060266326
3446.016726425915
4238.253462006573
4283.478709381293
4321.3968946989835
4338.511348985298
4537.221008392136
4768.54015619094
5190.068786659508
5304.93361741822
5723.4302368418885
5844.015023430117
6659.161572576837
7343.865844601983
7542.0644019933525
7550.976857487738
7568.666815461846
7606.246906236659
7633.833206756745
7709.635685452951
7726.224125462658
7755.822342392986
7791.272968366965
7818.921088519598
7845.11719154102
7859.028943055484
7874.4127794628575
7883.010399843947
7883.469240109528
7906.19243178753
7951.76108404785
8011.038833704937
8031.210775255795
8048.8898663362725
8093.541578318871
8096.090728176231
8097.003986936973
8124.411799066623
8193.436757006852
8216.807808543208
8284.260128377287
8361.311583323813
8441.403617030795
8444.186393924894
8448.268426872026
8527.984574266322
8532.553596704645
8614.443407568877
8671.532535216968
8707.462000751719
8707.638592300355
8758.774122660408
8797.35204841761
8894.955865383643
8910.747533393394
9008.505161321029
9075.161855083566
9075.82379293352
9118.371363088949
9126.860407359738
9181.274079445999
9269.74751094336
9286.168872052336
9300.75914587777
9306.037203672971
9319.120606567802
9342.387147672634
9347.934948145157
9368.041754622664
9428.98983162831
9458.464372149663
9462.388291457342
9548.650140950724
9556.212086727512
9583.652256786876
9599.446791099374
9654.373664929783
9672.927856818396
9695.791268166133
9700.247318028194
9708.437040262746
9717.66665079157
9745.615487919553
9754.676897781217
9792.036006371667
9818.229051732329
9932.881624001364
10022.939851943242
10050.357760439536
10169.82779522605
10176.07111823761
10187.544045435603
10202.685402536086
10417.039443325519
10424.623522169106
10433.469143347527
10447.183017415733
10484.487897886704
10516.01083209174
10518.52042498682
10523.401416199242
10534.810006111478
10541.118064414557
10558.390047113233
10567.458367642626
10577.974692689137
10595.38003371445
10610.976908117716
10616.660816303924
10629.05592290068
10790.279427769294
10835.13965076498
10848.074827143302
10888.595382209469
10919.713739817942
10928.057222569729
10929.048806733166
10947.287875842898
10959.566386510473
11032.484619367126
11047.663696124693
11065.654100683916
11093.321570336455
11109.342990236233
11138.392808018756
11139.916135956322
11175.635910727186
11292.715630169196
11292.9302760601
11326.685075526259
11330.941680042
11361.316107858978
11407.36652097611
11449.828244503162
11460.823422184589
11511.615732281443
11574.53084445156
11635.274417566878
11733.013170986576
11754.422299417281
11755.153603773899
11799.360167118086
11802.590059745695
11812.239941699212
11833.226379173935
11834.497042151848
11917.484507623807
11947.583948399426
12008.482714874523
12038.1303121332
12070.702657486476
12090.700733580406
12171.602683461815
12237.943670140856
12261.077995153697
12298.861913720786
12336.171649232634
12345.509598200737
12370.050225359451
12382.73786881585
12404.963850752998
12424.362309583463
12452.440561940895
12480.235872569649
12481.62653525269
12579.255051087459
12593.32477985845
12601.69835388826
12686.424928305407
12747.286687373853
12784.403349612803
12804.291697285009
12805.177318298138
12814.268575573906
12844.289467328617
12850.667051534436
12918.074814622109
12922.780912668914
13050.91556205836
13058.916757937786
13105.044211854518
13157.41508547494
13181.03103766509
13186.45872914333
13331.049033285988
13344.36379523303
13388.669365248468
13478.236500133125
13482.404951663506
13512.820189914564
13515.128485876596
13518.022317455174
13525.921184121222
13574.201392611243
13626.16223885328
13641.65064646324
13642.746681752948
13682.514633662095
13740.253860871071
13757.810101416913
13774.145532050405
13789.750812233651
13792.75530192277
13880.470892640908
14001.627443719917
14100.614370901372
14120.211188875557
14138.586990470085
14144.247133672501
14151.844023881175
14165.85433515803
14180.47734716995
14219.173402494329
14225.44953507743
14240.905202220287
14308.055616357336
14326.545202388117
14389.53829598338
14408.159942781645
14474.381675038208
14534.89072115325
14582.900780603615
14594.972216716138
14629.854342787234
14713.418261020806
14717.164050987041
14720.225338825507
14813.181368899168
14825.15373399583
14872.210580224824
14875.016103370563
14884.370198892502
15037.274782046201
15061.359248365197
15075.867604991641
15076.420356697345
15157.139102330118
15188.775072098444
15190.561352840235
15199.431545917914
15208.417454748154
15216.626291285502
15248.980337806179
15349.687857441324
15411.160733690705
15413.709416393798
15451.081727294675
15570.403860854318
15575.001186549207
15649.867114456356
15653.57565497722
15664.319740203295
15704.819331506384
15723.391255844488
15794.115301356513
15830.639874299122
15927.127598836758
15964.335198503248
16073.638199476958
16080.974465262603
16083.926118800355
16108.080678243286
16236.358208725836
16253.842647437332
16321.400320037052
16322.0757061188
16419.76679000856
16446.164980046815
16457.69485594334
16465.47339833231
16483.775266954814
16520.41094004398
16528.175864295226
16554.55956363062
16618.07476851815
16638.91300119679
16646.29449477342
16673.69154305424
16730.316210143425
16759.99002200458
16770.22426626018
16784.314979136034
16790.675740530976
16841.733765905632
16860.171726295084
16883.148936392736
16946.79021473776
17040.975845095567
17043.274343451983
17065.63426487363
17073.642625728065
17096.087033897256
17118.77211250782
17157.28347294017
17201.958577146997
17256.412847095748
17269.167138827415
17348.67539406522
17373.687760249424
17389.629740528297
17393.772965222175
17396.609927414163
17401.175038944195
17411.630707318553
17500.99800879751
17509.67464065597
17544.655351091602
17563.494032423834
17624.928830898956
17656.1309695928
17691.17165763311
17801.949319491476
17907.373410329943
17965.934216976264
18029.58671232482
18057.10245699019
18097.385290685266
18110.24687177311
18159.53504203496
18164.855717363254
18206.81168657029
18216.32716364974
18260.867946111004
18267.133080683307
18270.272962003593
18307.053485059158
18310.40950368804
18318.18602202039
18349.412766005036
18404.199713847545
18416.68620831518
18428.705838872378
18439.358891741656
18465.529165593412
18467.169868068886
18497.81408290329
18560.681619467963
18602.08256618278
18605.668721236776
18629.085744193893
18667.840296276958
18706.743206779804
18721.072050918876
18789.915314129048
18883.25762622542
18886.595563657316
18887.233486252484
18894.53649108053
18908.38799641244
18925.371641298512
19003.383001121736
19020.056594530342
19023.747365869178
19064.346907608968
19068.750868702195
19255.99453927632
19509.187740956935
19611.061302256916
19649.319731012114
19681.51879760638
19722.694934985004
19729.65116110188
19820.114244091994
19827.778788313684
19830.159408815216
19835.495815270435
19861.67189897833
19878.043964848297
19895.589649197467
19904.014398950665
19938.34374471503
19964.42567885576
19975.58077228539
19977.00585677256
20001.368491940564
20031.887956204566
20067.603689657608
20083.46143256163
20132.356422726632
20221.6361469693
20232.943316134842
20272.642246410847
20292.69507567136
20294.875869616237
20354.807368864345
20362.79424898543
20398.210354907256
20443.320311911928
20444.958604567146
20447.554830737903
20460.468532391038
20518.021669233494
20541.319866139453
20544.556717841693
20559.209214415707
20580.257415901608
20612.950479985622
20632.012770925467
20662.01385859128
20679.99011729513
20706.932518390327
20774.358320141753
20818.058381319992
20827.425676377938
20843.812431281767
20853.403077864463
20907.670191193065
20918.71576948062
20923.915166114457
20928.734567841773
20946.53876700522
21018.71056773698
21033.39954914839
21083.64760800032
21088.96531962113
21094.088211611383
21106.235607766943
21114.24934642604
21138.53509078995
21147.23523180885
21226.57490048915
21288.950945071098
21320.66039496216
21355.99341140624
21360.63671319539
21373.212425007154
21408.998925097207
21431.91692159212
21444.033646892047
21460.975902606006
21581.93641604107
21646.83750617607
21657.6359479355
21686.5251893916
21693.576421748705
21739.46122038645
21759.96254354496
21772.226486442294
21788.00486050492
21847.223211419026
21919.361172694615
21973.975602440252
21976.21234669754
22055.622744398574
22058.313191322337
22168.938687832506
22177.485399364978
22272.862806133217
22284.626455144607
22319.244889489917
22324.13724734239
22362.073772993102
22414.8510528578
22457.191274796405
22482.7133774955
22538.22371368669
22567.308143446262
22580.629289219414
22626.970231138457
22634.02059868677
22651.570508910314
22687.294780440778
22709.47626755552
22750.090172641147
22756.400946788995
22757.644964199422
22778.060765639115
22807.921462935803
22825.49377537455
22832.604871218253
22834.31890040626
22852.2319924788
22860.605877604274
22889.009869592584
22928.87332380643
23013.533585772846
23138.432287052325
23151.888430832187
23166.61964989827
23170.26015130342
23177.0051949949
23187.114613793565
23268.688045881296
23298.794829115566
23347.97500806484
23425.80939675579
23501.712357232143
23522.263490775662
23528.397081667197
23553.67454385204
23574.21612475314
23578.57981015081
23624.867778507698
23659.26869509502
23677.121255189715
23692.36932892982
23714.42948976555
23744.813964562032
23789.104965687413
23790.004741533146
23796.04939548278
23854.05109504241
23854.908666859486
23871.735097320463
23927.4525636977
23930.812609819972
23940.226935566396
23995.639354352144
24002.488762286295
24098.09797348297
24106.441387966257
24120.755035164937
24125.797313313255
24137.01759264043
24254.923216461673
24316.434591984234
24330.92794262508
24381.23261365545
24425.20587989165
24496.765808210006
24509.410706848328
24535.523695434942
24628.65773000154
24772.991754517298
24794.124673959566
24798.726751148537
24814.363567253065
24880.70101830771
24920.163067595913
24958.140137948118
25010.098241584656
25030.76949370328
25040.68036541024
25045.31003497544
25088.828362064985
25098.637211967256
25104.236774901787
25161.18482997645
25179.53144994944
25198.860771271506
25224.196427702354
25230.93145676095
25281.231407955733
25291.544180779954
25297.355514414365
25309.180463176486
25357.05207797272
25387.131319732947
25473.03922502254
25579.9450778478
25603.89090228291
25614.107187790058
25616.84812140918
25652.395741055057
25733.011454685548
25750.802047556288
25803.016336172153
25862.40683396606
25865.332977406066
25888.7173566853
25921.601400659747
26090.947220874015
26098.599373762198
26103.83043001453
26126.08106045343
26166.626194516903
26203.38872883879
26219.723682183307
26298.834303839114
26303.607461726857
26320.778734978085
26372.35020944951
26384.505265702297
26469.428732970864
26487.133163810966
26532.537344984696
26532.90675809888
26535.719532136427
26541.09822296893
26567.01218673956
26605.5684061554
26617.601926033214
26620.385086935603
26684.132101478997
26684.78572256789
26718.895140850866
26727.525198737243
26783.807061755135
26796.679829716755
26808.552989313666
26948.519632494972
26960.27391161194
26985.195775591357
27075.227598117228
27075.528193929378
27092.526439332793
27131.779609109693
27139.631580670768
27154.780802138004
27159.76062255768
27205.274049398755
27218.682952641204
27223.125953396455
27261.84573871945
27338.133913384776
27351.25623996395
27354.66001936404
27388.352643520626
27430.059392445328
27435.575969218207
27436.982889646028
27533.326411005728
27561.41537599845
27608.62855471062
27608.803492400068
27661.20661411138
27703.17349918492
27835.478752312043
27917.6337476929
27961.53665544108
27996.313191095618
28012.559398974096
28104.319572082797
28287.829572488306
28442.797850011935
28534.017297818973
28708.45343146896
29536.039846603548
30889.509699725415
31931.080724599808
32212.943524590915
33048.60068807773
33072.86829746048
34146.31495075881
35016.820371118214
35883.49729259213
35907.84171590677
37028.57836514825
37042.57696118639
37137.70092967636
37151.97383310676
37282.68208501953
37335.64273827078
37388.360205597375
37477.3214222307
37691.68764393397
37934.448164807785
38529.27218442681
38708.79722891768
38948.44160527667
39016.062463842274
39032.43776228467
39076.180504228505
39176.34513727488
39320.89394751263
39507.98283724974
39642.44983941329
39684.021181442164
39687.30091026107
39736.096576606375
40093.5512032085
40099.217540905454
40103.1028450819
40184.54121929667
40489.09097813101
40496.47719128878
40640.42100514861
40728.48340241579
40779.629505029436
40851.18194555269
40948.23772125728
41039.18366773512
41313.62848241446
41400.195236093525
41403.60810660826
41422.38652937065
41458.098599642384
41608.737219343086
41679.51478458322
41917.964592100114
42243.82696917777
42440.08580036786
42588.517191885396
42752.83875191725
43811.090602064134
44889.332698671584
45428.585566879534
45532.550214137445
46174.98842661959
46739.42785445161
47321.93118594246
49272.177366722266
50021.450977184955
50736.83966730356
50938.203037876614
51317.88950207522
51430.08810515427
51457.87548580791
51712.28157604826
53943.87752139981
57022.28022315176
57436.50399447859
57916.36449536857
58882.52406971813
59275.30397453882
59781.860237905064
60752.44347636715
61343.87242542525
61608.873499551555
61630.89629299399
61719.88741191157
61740.3632013529
61827.62391331989
61885.428625602144
61957.634204528265
61980.85758093459
62046.80834364011
62216.11909888616
62244.359719480264
62280.126225354936
62482.08685731034
62519.71983079095
62533.77429565882
62575.19032053548
62615.62540380667
62622.54822521569
62807.366393135424
62823.18902966308
62865.54155755287
62873.26707903694
63041.265209097975
63059.46694559181
63435.6885651785
63475.116971065465
63595.91639812912
63680.31012338209
63765.83817959224
63836.638798059816
63841.49467538764
63843.02689379613
63907.48537361097
63930.78096178546
63971.614999438825
63973.57308999627
64112.14019273513
64158.634318404016
64213.55034686457
64220.644641214516
64268.5661149738
64303.45291114759
64405.1336407082
64418.5668023547
64471.16331430135
64491.15863446821
64748.697658564255
64897.83907042664
64990.33342979863
65000.1222388132
65155.49453827806
65167.73884803755
65265.76719805395
65426.52764201141
65451.214839720364
65488.43117704588
65553.62152404049
65690.6170852625
65694.19096132556
65744.49215344072
65758.29477016188
65861.38284542754
65983.16666243742
65991.79894697222
66011.34184756993
66068.00539430868
66185.24209411288
66198.87259530426
66256.72990304213
66276.18885213086
66440.74468646996
66465.29520543627
66603.9185718693
66678.97740707533
66687.78568019741
66696.31220344325
66945.3750906485
67041.44380582125
67191.17762215227
67201.67046103733
67268.34090700293
67328.35535144806
67423.7777553499
67510.96206301173
67513.67612681717
67554.14208545056
67580.72154066652
67646.7477449991
67649.25629989782
67659.39951614513
67672.3335775266
67685.54020679907
67712.18016793298
67716.87387637692
67814.39798611306
67817.57702819911
67822.06088732256
67834.63398361337
67843.81887179783
67862.76004717297
67889.56083742509
67912.98597961343
67916.64249987112
67927.6241787341
67937.91862058495
67982.16815689059
68056.42786111988
68060.56556146186
68084.36632972102
68130.6286828251
68134.10655346744
68143.85732297848
68155.99302566423
68160.40209694469
68164.46048959796
68170.49463727069
68220.07988183592
68241.67423147806
68242.06185547008
68243.34679053488
68279.64278366203
68335.95415386691
68338.47189203708
68360.3169035897
68393.07600486388
68407.07635062242
68412.4056761439
68421.96237306583
68440.7480715789
68450.38774118491
68460.07268556119
68483.40744161009
68484.11538452483
68540.90384500759
68575.13423379826
68610.61572877866
68634.54376446237
68688.33858464468
68736.01328164029
68746.14193864678
68760.56953228978
68764.15549612726
68774.64382139074
68783.61726001518
68811.88294545522
68815.90739067624
68849.82062044776
68856.3566240574
68858.35574195214
68887.94380827382
68891.87713502377
68931.62780365163
68984.11607645293
69000.61752666307
69011.39845903665
69036.35602377642
69921.06362817514
71887.32635360288
75895.1430209755
77421.64912793037
77692.05445884012
79791.86223912897
80405.97703148004
81979.08339926199
82026.30464275033
82096.02254458834
82631.39271047809
83422.43915197079
83745.69433833283
84163.39316678274
84174.65233528166
85056.35230006538
86029.29402330404
86245.60014273402
86469.498331903
86530.1774594454
87125.12099154835
87468.59190925087
87592.20625384302
87876.33585735635
87973.62272581675
88143.27984171372
88158.57117777005
88603.34396271741
88909.1703118593
88929.31953388784
89278.69059025287
89490.40760328373
90620.45460937178
90638.5578684635
91037.8852541839
91126.76603058226
91182.94801604353
91380.94590380196
91574.63900417094
91827.87374949174
91919.30201712949
92359.77032352875
92685.09794688137
92736.37765084616
92772.42466853576
93799.96103601604
93909.05635653215
93917.83340768114
94104.25588307819
94143.45256162115
94165.80941309642
94182.34952532897
94206.23979733922
94270.21721916199
94303.52328509226
94305.35342854308
94342.23243300687
94482.36077313634
94494.0111037632
94512.75351947895
94528.28868749719
94547.96349348969
94640.50908604277
94661.97458532338
94687.31748237796
94703.81220956228
94711.71752522887
94783.81802312916
94788.24179360743
94829.34969051514
94832.39823949146
94834.95787661074
94866.50640960413
94960.20150743745
95005.06417563904
95011.18556591765
95079.80697486598
95118.82445555078
95181.62169651366
95229.94222285022
95242.78891408333
95247.63056663782
95326.54757684383
95375.12337078039
95379.16080167682
95448.4094958116
95476.33242706566
95481.10542942777
95549.81426060127
95551.04626727384
95571.28569730674
95608.10008555834
95624.02292024967
95652.33132278072
95672.66709813545
95710.79008543625
95716.57337699071
95742.8949723698
95768.53924326065
95793.31563758773
95810.72025508099
95814.98448753075
95827.13737971394
95887.9765783055
95912.68158045897
96083.99751440714
96114.029185352
96163.94781383507
96166.32798176861
96168.20143042957
96192.4711913193
96222.49776659471
96229.92130152653
96459.95383915724
96478.8443252928
96491.42349121522
96507.98254263509
96557.7106714462
96602.21327087037
96623.58424579259
96665.19493272957
96718.35151173903
96796.75482239791
96827.216682807
96827.44451682683
96883.28079113425
96912.89034547223
97007.0675505391
97017.03250446188
97028.76670798878
97041.86718149084
97162.8857609145
97166.36064602973
97183.29432804161
97204.42650184683
97212.7445110084
97255.73359848559
97310.97944561926
97323.16392703395
97361.67357583295
97380.0878872205
97409.93329698381
97438.84619180161
97503.7796849697
97511.71529428953
97550.49314244959
97565.76530693453
97619.94354298685
97644.04776164866
97655.06672000635
97665.43719596387
97745.77635133995
97760.77058802624
97763.40991504298
97815.72726700283
97859.25556590139
97863.25731457335
97893.92994436162
97974.1395671155
98116.87704737739
98132.28736131432
98143.02241683916
98180.8377901759
98188.04403029085
98220.72590544887
98276.5235688772
98364.31291293798
98376.56897515811
98417.4897892346
98444.76320197925
98449.11045276452
98451.04085833662
98461.94953829821
98466.40780719073
98491.26087110915
98538.75512275627
98576.22155575863
98611.60747020566
98620.22038807678
98630.69845049115
98641.68399504079
98642.68420801942
98661.46262494882
98763.9401249704
98796.39511628995
98905.55798757556
98915.31092346797
98973.29884980584
98994.32788064134
99001.79128955938
99019.9177933445
99064.2072745487
99070.04425491343
99090.40723622203
99154.42939127515
99174.58587821
99191.39906730001
99231.02314726362
99232.68386804187
99237.9968967668
99260.28368994428
99270.74109457407
99278.04731469495
99284.76917822601
99302.3484456453
99310.61136591565
99358.79616867869
99425.04144540592
99441.07192454179
99464.93400310018
99496.33459902085
99543.92196917105
99713.97591152355
99763.77912473821
99831.9540452213
99930.77541928383
99930.91838959816
99940.50635880126
99970.10778233556
100000.65646085503
100006.61302553133
100084.4042928234
100116.95542174471
100197.51275353975
100268.17997039517
100337.8396330113
100350.21971408343
100355.51752766821
100379.98915168545
100391.02768555848
100402.9065384167
100410.72283555634
100433.81353384005
100455.99518814379
100515.50146896175
100567.63045254326
100592.92630611619
100610.44752026879
100612.11833268093
100638.24194463844
100638.96988941108
100650.09328637806
100671.45993480104
100691.02469106812
100704.27138531132
100806.00510686208
100894.53994305096
100996.24067393267
101010.63798687616
101026.33568168846
101032.756044306
101049.70652182696
101072.09087864023
101177.08869363989
101194.50480743415
101211.59240122863
101232.23506138664
101305.53413932661
101343.33245747909
101364.23006565201
101385.92405244513
101398.63449835482
101429.08116045073
101511.41956862912
101540.7184419461
101556.9497465463
101558.25255655374
101637.18529124142
101689.28624624733
101692.37866220133
101702.70778417474
101791.26029984171
101799.09580937651
101834.69503979626
101843.45134355825
101932.87706853058
101938.83314024052
101964.90748200606
102048.3782570994
102049.02017499985
102066.33826224126
102073.92874923728
102097.68440649097
102119.14990785439
102119.85711197591
102131.875585712
102155.02623336388
102184.09774293691
102270.06582173296
102311.98279816046
102405.81412490632
102432.55204958179
102440.41519618769
102466.0373284225
102555.64798964477
102578.56280043133
102611.42584935544
102726.5499056929
102747.00653896705
102763.92209472894
102875.5911482424
102928.359149064
102959.0931984962
102959.2515635479
102970.0463576415
102994.23035448331
103017.88002827879
103044.61582379263
103080.24940207606
103081.28055937239
103089.61875708937
103147.53810009066
103160.80575543732
103210.21123098231
103278.96514297603
103324.94342554231
103338.95454800359
103385.73393621294
103390.22273463548
103405.39525669161
103427.37795778313
103432.23729873785
103446.0224222868
103469.67401301218
103471.52615389567
103483.8599316256
103535.8571111453
103599.73470578641
103686.50944127557
103693.92301671291
103771.9762153093
103790.25672050093
103800.66548934736
103838.19123334152
103885.19531191014
103895.10922070488
103912.79947981243
103937.25418219244
103940.5091667416
104046.06404204351
104056.28405649659
104059.71741193232
104121.63418925379
104123.11715753426
104128.87214850748
104134.3655450427
104166.9165601925
104176.89931959583
104178.54573912072
104218.5710407887
104271.53188810962
104286.74258663981
104293.62192883402
104296.0175575082
104302.0433646688
104304.61719721697
104341.84077828526
104345.86536438826
104450.48031402005
104477.79011423606
104511.19285356315
104538.23299743637
104587.35929890862
104601.54584193327
104616.56607611151
104630.17823217114
104693.04802987428
104734.64200315869
104821.20266521555
104847.73789776796
104854.74957222016
104900.1993572253
104974.07526275946
104986.5956088989
105016.14804993347
105037.67160105627
105061.64584171382
105079.72905882368
105107.97668954422
105108.93533133129
105129.59036409565
105141.57989198648
105172.02740734357
105187.23650042189
105226.71119687479
105252.93583901192
105317.72661384122
105324.51421869223
105366.8394555287
105380.37677267443
105404.06757848596
105412.957735732
105420.1752311993
105429.7854298199
105497.89568489075
105528.63399293693
105540.02488342627
105569.33523504307
105620.37768116225
105657.2381371624
105696.8511649612
105699.48555826058
105713.85431715584
105747.47959500125
105751.09177882757
105771.99597908881
105812.25237111881
105824.79035537306
105833.32212024374
105847.14727210008
105858.96332799953
105861.51722848041
105872.72725967182
105894.75262215886
105895.00899697345
105948.67005842546
105955.46462140519
106034.18230558431
106091.81597489395
106092.50638127892
106104.12900130848
106163.15753060902
106218.14626594691
106221.43985397392
106241.86946376594
106284.86502627266
106312.7495602038
106402.52990322075
106418.16634978403
106491.62695329922
106539.88153203535
106544.6198435016
106560.99968382827
106589.34870763088
106659.31259921251
106663.30349918909
106673.17066730846
106679.79084255605
106737.90889658668
106866.86149354735
106929.37860525207
106940.1423702556
106957.013224588
106988.73794736224
107042.14655344737
107224.64942435037
107226.80225199966
107245.01882386433
107247.87947772988
107250.61068826525
107312.59260502212
107328.95874726854
107333.93388758
107393.0882216562
107397.79952605799
107452.93867083937
107531.11595101781
107557.73493201358
107576.61401237732
107606.75806632449
107638.17436585354
107658.94311664658
107684.45653017101
107716.78096770507
107885.83340238722
107896.81826859261
107944.13198129981
107966.98416452692
107981.93128111634
107988.48496195226
108026.89044235925
108046.94855568784
108104.98098890195
108133.88517811224
108158.47394892605
108216.92898412929
108239.863420703
108242.94421825287
108310.45157896481
108367.18893725149
108389.48520298513
108456.07550716822
108527.39829612104
108639.5336026247
108783.39614055882
108856.84196522836
108866.03611032636
108877.95630517707
108919.61773885488
108920.67406219219
108942.12080534287
109037.70410078156
109051.99817253428
109054.72675306881
109064.96893008967
109089.9265131228
109128.89548271766
109181.61389745664
109315.8993815496
109411.62925185719
109463.28446733812
109468.77460662487
109565.99738813292
109569.1659747877
109583.37353080275
109617.23649557942
109625.23632650422
109671.43874719857
109693.61972400939
109731.4096072571
109750.2522246715
109768.46372869935
109802.21055614536
109847.91678933703
109928.85741314644
109939.86427777515
109940.05289581452
109949.34741180028
109955.54257384512
110001.64806115741
110036.92076919976
110101.21445858275
110111.92160227246
110128.10615094085
110134.58445913868
110158.81441586046
110160.82489704755
110192.85986399498
110196.34105400032
110211.22039244168
110228.70313767236
110249.00034652803
110289.48355428368
110298.32821162227
110345.18082372216
110368.69734829146
110369.87221332052
110406.22546792534
110449.37471122447
110449.84007651758
110474.1545699123
110563.81904408598
110609.04489201153
110652.29432801346
110687.22453991129
110730.95221716803
110763.64930879687
110805.97320603998
110814.17354991628
110857.29245636742
110866.33112299856
110914.77654416276
110959.67229159625
110977.69106711021
111055.5327933782
111069.65093265547
111124.80424320453
111166.3977655042
111174.08339319503
111206.34146754406
111251.43472682005
111290.70112780009
111344.12920240457
111354.95343714378
111409.1072041237
111438.16401746147
111501.39974381264
111532.75588998792
111550.81353070341
111636.3423998555
111726.1882661102
111759.77087881374
111831.89069416537
111904.59023565848
111930.84123982528
111947.88100042597
112072.72440270538
112182.25482338849
112229.50154950297
112288.98154917844
112293.13725176181
112314.77932804968
112353.7373415713
112451.57879066527
112458.00362725208
112460.04960846003
112487.84143182835
112501.2201909604
112508.2778640631
112515.30761051187
112580.15440521589
112583.33187641815
112593.86987498468
112598.49320360323
112720.53596826862
112732.02428922326
112766.78938328882
112906.32358339464
112946.40633782206
112956.16995456195
112986.14402109978
113006.32844579592
113055.51122408117
113109.62808171113
113118.23081705518
113203.77379700099
113212.91430020607
113318.98483566084
113352.88296867548
113388.23209672756
113398.52439116308
113423.10297992271
113467.15123341355
113493.79265594573
113616.96452954385
113635.11121295248
113642.02464239154
113699.68660723024
113732.31829511786
113736.12965322052
113806.9431384488
113813.5020810946
113849.36713453477
113929.30548023738
113941.61188496643
114022.26898954221
114085.44040178087
114128.09723599802
114140.9759905596
114225.89155934018
114245.34486384218
114257.00853255835
114379.58463388549
114379.91790586404
114414.54198233022
114422.7354187564
114452.43231122242
114614.45381362425
114931.11998340621
116233.43188371937
116720.14137269587
117070.24691198656
117392.4234490756
117444.49004435279
117445.19596139621
117518.52588952554
117788.72628873332
118148.07640239388
118736.9825965542
119240.98433216676
119465.99203805988
119611.3994439906
119729.82050150751
120514.16891854836
120631.44371883835
122495.633061556
122497.9187321781
122915.01878649647
123041.32370310026
123170.25632615792
123220.92878998033
123594.8026563221
123852.24290629785
123974.69215002164
124151.21993865367
124189.72297368472
124685.73215029934
124804.72933453353
124822.42716354085
124886.00859593757
124924.25764484823
124936.98033700313
124961.7609428425
125018.4503644949
125062.03850216934
125173.92502979416
125179.39007341028
125508.90196773723
125793.79830348413
125930.00424203536
126427.45628786643
126637.04076940741
126658.916296082
126745.59169693216
126894.65326001737
126951.9838620427
127175.14191776651
127363.68281953846
127516.14447009139
127768.80130571596
128260.42549883989
128281.77620242153
128930.94414388611
129364.68642160365
129574.48455307426
129730.56429776474
129984.20446102356
130476.3785979478
130534.43293681958
130743.98669401603
131664.64455081755
132198.63026197505
132430.6374859868
132484.1623022371
132856.89274297244
133069.58278982586
133303.68929581443
134559.37168111277
134683.1359516294
136174.5129259264
136234.83098651413
136589.96621246144
137417.14765545653
137718.22976191796
137963.7030887209
138032.72666790165
138036.12971880168
138759.8059393619
140345.37871319725
140842.74488703307
140898.74567138034
140942.88987736317
141165.42201677107
141826.8077321991
142786.24007724156
142935.51988266967
143674.8039281428
144224.5007024393
144517.12595033945
145128.57448775557
145457.03868263896
145779.963507592
147156.03603892168
147473.02303217043
147583.97944937253
147732.36208826673
147768.9505024429
147936.47011790783
148127.9543963874
148143.98722654532
148180.10985449696
148296.21713806945
148326.42697119573
148422.4962138485
148606.1119136468
148683.5150854884
148692.12772593801
148746.92691967258
148768.63408755127
148787.59423581342
148886.91789751156
148979.16247310032
149211.09867833374
149243.87479030667
149283.3983847579
149436.3213475031
149719.6142669178
149868.248959078
149970.76227350507
150049.1722492781
150286.88176129808
150302.74035833857
150322.62187264895
150323.65590646354
150394.3170008577
150398.2272730032
150421.80608612183
150423.94799315752
150458.0457092087
150520.61245384096
150831.01034230134
151026.15543051358
151035.46800996937
151180.0787276535
151186.81415163446
151199.7006648489
151260.71652992014
151345.46978457895
151459.05571774775
151771.60890362208
151778.36100094378
151837.74038843077
151862.4482307357
151875.1427188871
151949.72522947827
152024.90807335905
152081.7976718694
152182.46613405008
152293.99902949252
152872.4462306936
153225.3279185647
153287.92418387625
153293.8066771563
153664.99249445013
153728.13867537066
153903.35488719994
153908.7387419323
153917.17514433607
153950.75304325658
153961.68619205535
153967.1905304009
153970.99090886573
153979.45781025733
153983.90527820872
153993.3490981952
154016.26234598615
154017.1038784079
154039.15837777214
154057.61563474286
154077.7025654174
154105.83139972045
154108.51645457046
154123.3511911047
154174.69588066323
154217.49260313815
154221.3509604769
154229.31537174864
154235.49580471066
154244.88535764243
154249.08737623377
154255.09868023734
154325.05057200737
154325.67284577334
154336.8216151595
154340.56878397625
154352.82107698126
154354.62781214406
154355.04753843334
154372.40430812136
154409.12603031826
154423.9536703347
154444.66545730736
154450.64394597127
154459.97517573723
154474.84585571347
154482.72270917182
154507.22707422124
154534.7599517458
154541.04287376738
154552.48683202767
154574.2153705875
154580.38747726916
154580.99498139764
154589.1837422336
154647.6110569615
154674.49727210857
154702.64526605158
154705.15337482584
154724.59234493243
154730.0911988424
154753.15801184677
154774.78350183502
154834.48309342255
154870.67745426932
154872.5271060111
154894.55210499017
154918.7869020478
154970.71113648586
154989.34768906797
155002.8811272534
155040.74717094432
155057.40277547514
155102.52888633538
155120.7425388939
155131.41850569163
155166.6065447132
155192.2623838666
155195.4716811462
155196.52922571296
155230.60510475587
155244.46187973593
155265.06941192865
155276.44973516354
155283.7493147317
155325.7994035635
155345.27253599887
155345.2967700432
155351.00312746927
155352.91182189801
155371.23544925393
155379.61515580787
155441.97019587713
155447.0288260587
156483.4655441586
157234.15112477506
159498.32238167975
160758.15726140694
161523.00534957513
161523.11133142308
163053.43877597043
163278.9508051433
163509.5673012275
163866.5784295979
163878.44914769434
164556.85132776634
164975.54922891382
165093.53171458698
165430.0189920366
165531.61038474628
167748.33472165593
168319.56950853413
168565.9816431105
168588.83878547227
170245.0517184752
170455.9340297271
170743.44667948532
171785.1739782847
172622.3603255268
172884.2559863784
172914.1654086332
173486.2003211093
173822.6400213451
173882.84180808967
173988.18930504567
174135.4149424397
174148.05540495153
174183.00009317257
174363.2806097837
174490.77622807946
175383.77867775146
176156.77097302323
176324.21251790473
176835.72025762766
177049.87916442892
177135.56950311468
177607.11247151566
177691.9644997538
177707.93782227417
177811.57238014985
178070.875047167
178300.69959361784
178443.54059710738
178466.7785790862
179189.82701092234
179365.31732732186
180007.39024558177
180317.5756680375
180326.0357327892
180363.45896820922
180394.48371731405
180420.8262426039
180443.8354808444
180489.7586555919
180490.51979720293
180514.58750697534
180591.17301324918
180605.45629171858
180618.74394961348
180620.1684876504
180712.98034469434
180733.55907156225
180743.95443570905
180855.5518152228
180899.95372723212
180933.08529166863
180997.16667608585
181015.99674887062
181021.82136114844
181029.08223197388
181050.92431291487
181052.5282640423
181100.7838577754
181121.9228573821
181133.25356526257
181151.70780443007
181297.51652407687
181338.85747890463
181547.88396985768
181619.58872303955
181665.2742998972
181683.7473479473
181690.6453012961
181690.97537121017
181716.46678915608
181787.45795022944
181821.84898215003
181877.97024483918
181894.37263024237
181906.772727614
181917.2998642407
181935.9739164115
181963.48885676792
181973.10493063024
182008.46017481046
182010.68551185646
182033.13433355215
182100.57581477164
182112.62396519893
182123.35636659415
182129.04180992776
182136.92181068845
182176.287580381
182183.69093030583
182189.20007551994
182199.87061166426
182215.94392428253
182239.3756048694
182244.34184937377
182270.67988260288
182318.6716921072
182337.1901550762
182343.89273227507
182379.02824086766
182380.14343711667
182402.00340741442
182416.59687896736
182465.87648893613
182478.41768243015
182567.55929701263
182585.4212015309
182611.8177637884
182721.0512834984
182760.54947083598
182822.84031220005
182827.45242521545
182833.44726381174
182867.35162256044
182941.06953388063
182959.8669129117
182961.46962578193
182983.8125887536
183024.49826450564
183068.33561964
183111.7336200352
183124.70869107058
183170.58291637062
183179.01880126185
183199.63025231345
183347.8189985942
183408.31641528654
183484.45039153312
183488.65897087663
183534.00672789992
183564.41924342292
183583.78141666215
183622.1296044524
183712.79119846004
183722.51717023872
183731.7646160697
183760.4347787304
183763.44472853112
183825.92393832016
183910.13292903686
183915.29337680258
183930.23365336072
183972.2222150399
184022.93220107435
184055.4337911039
184085.6313270511
184119.08009989085
184134.21195088187
184182.87014933737
184224.40889469284
184226.62624352684
184272.42609365503
184334.80438367877
184358.37063164206
184387.97970266565
184388.69926801528
184426.37309980224
184484.13309765796
184491.4937258819
184528.26293680235
184561.5874065448
184567.40985583654
184570.39116830193
184574.2520481924
184597.29068546102
184644.58710567403
184692.20471609622
184715.04762774406
184760.43045911693
184795.7272530314
184796.17537475692
184856.37695425015
184882.74617511968
184921.36452634717
184925.89882179117
185047.58894696442
185061.82834376494
185084.47877725426
185103.02051913078
185136.48812245973
185140.09516248052
185140.84972958284
185163.10718682082
185183.38637246733
185260.31544861582
185281.0019060737
185297.12502651842
185392.33491040856
185400.82866433045
185404.3500064502
185412.46572503008
185469.50566285002
185477.67708734708
185519.11108721732
185558.73636542264
185560.64570325043
185600.05494694627
185626.88762711547
185638.30865781102
185875.7062893672
185946.14256534926
185987.6883355131
186020.9942859368
186050.53883913558
186103.53636391798
186111.36046798155
186196.6185474937
186257.4238565502
186258.09472131074
186258.94365951815
186317.2018941242
186333.69743188625
186337.62622161474
186339.1975064162
186498.03556767298
186505.20365185867
186505.533111336
186513.97567423733
186567.69752868632
186620.81139874054
186705.1732212334
186785.681417276
186793.18544296338
186914.0463620412
187007.57831587794
187058.16041125474
187074.43809588568
187118.65631335462
187130.70855267099
187205.66997580082
187249.7448877361
187255.0628974289
187337.47146909774
187349.02058125407
187460.32882271297
187503.77606032306
187509.0097717358
187533.63252813678
187538.99356845842
187593.11229711206
187656.634475959
187725.9377834206
187736.868823079
187746.09750244682
187759.32821627895
187764.69765346614
187879.62129337285
187897.8755214509
187943.26124560536
187998.37982901494
188007.6700072235
188009.65527021152
188026.36989575106
188059.5620037691
188066.06916053823
188070.8650811279
188238.15371174624
188254.7182553452
188322.9408796487
188357.91465765628
188363.58409818204
188377.61399974482
188419.3898348418
188425.9732618826
188481.4267294783
188506.32312044228
188514.22552290917
188514.73660048883
188515.61302529252
188528.49218752948
188532.5049309325
188535.4485210205
188541.82813528576
188546.17602460887
188611.61996242037
188713.21532260245
188729.70073306476
188731.11012550053
188754.04916107285
188790.31951243812
188818.78124640347
188881.23736073944
188974.34130913325
188983.608942173
189007.99523377197
189017.26869824447
189078.07593674975
189089.55724698966
189122.6402231049
189140.9094443197
189154.78684025886
189188.8636300327
189231.25207303834
189288.68867890304
189318.13709503514
189318.4940739609
189329.2402045972
189342.97515697882
189429.7426589476
189446.68999934202
189484.83955450068
189594.66721009268
189634.33124301673
189664.26171288124
189666.00113663333
189721.1829094441
189724.51707068548
189725.61474598007
189735.88268260445
189736.62550644026
189784.7712398513
189898.87697986784
189906.13142699644
189937.47246577594
189942.97911673062
189972.98401742653
190035.58506593152
190068.84275957927
190090.6044540327
190137.06424361287
190211.90332066003
190245.26555368226
190297.13639093694
190297.54858839355
190326.30283205755
190349.30231351889
190397.95361914104
190401.8734504139
190513.0616102566
190517.98202570796
190524.09968553536
190617.06933309615
190627.5482701972
190632.70294384242
190662.91393312096
190721.78072630626
190736.7808239495
190757.55671364718
190761.43253140157
190803.10015236167
190816.48536162084
190819.88216883407
190835.26053442876
190939.23643024915
190941.62389047272
190978.35859937675
191005.51062121382
191006.40185696053
191010.3716122995
191031.56465866178
191084.04158203234
191191.6007793423
191254.69479982601
191259.26894306345
191266.78926898466
191271.5836949794
191358.08168332715
191372.85096400024
191497.55385618046
191534.18971783738
191535.72076084532
191597.81643747856
191802.19676597638
191803.07692431533
191851.9700844532
191853.37119268646
191889.32427848698
191908.55442692092
191950.1388472483
192083.63609498375
192132.06442002114
192181.9246661122
192217.81628133883
192244.48854029685
192279.0381695202
192340.17774502578
192340.3265758108
192362.18322129507
192398.76076413319
192418.23953735965
192436.65099615106
192469.04265184965
192476.60121758477
192481.14339446762
192521.76342388467
192541.75519327872
192584.84157670094
192595.98598255764
192657.87265342468
192658.64782831995
192769.60878657523
192778.67973033845
192795.4004919649
192811.4417948589
192820.00079443
192839.98887294828
192853.03429166245
192866.09030619208
192922.7483853402
193031.52863399766
193101.02170961088
193141.41128727782
193183.52706908708
193227.5101982385
193311.20526945568
193374.52601952702
193394.08607905474
193394.11553809894
193403.59039854328
193414.87638676056
193444.22097904945
193550.3073439844
193566.35418365253
193577.26167568975
193588.80307698064
193617.99354504782
193628.11421646102
193635.8928836213
193671.40196586493
193705.10974444
193713.44954058973
193744.2206699974
193805.77418345585
193811.870886385
193872.8666731305
193899.35462310392
193903.7356355965
194007.39669667828
194054.0799676726
194068.8275548142
194144.8106773778
194162.10897185185
194179.4012361585
194292.97984342178
194308.79665377233
194376.90552588782
194430.77510044043
194497.70132754074
194528.117263601
194532.61560896228
194634.06593412702
194656.10450736925
194727.55335773568
194739.12199741363
194770.95937253023
194943.65910768564
194982.0640372855
194999.8715220968
195008.63014379033
195092.604124028
195116.4049689512
195133.2072383684
195152.2488144005
195171.41892636608
195197.49620760547
195216.7197536408
195302.94057968748
195309.04697878452
195332.74824081943
195377.6098298161
195394.8217291614
195442.47382278813
195552.53409338638
195558.48633728575
195583.38429880954
195624.1194941085
195680.52661633483
195687.68500327255
195691.94290235473
195784.46056036046
195789.09642043328
195812.98554191817
195874.98007206176
195891.06420643243
195989.86861492574
195996.0399426869
196027.7236784766
196099.93575339523
196118.35546310392
196130.40350325571
196131.24013236462
196137.3381845127
196155.44224206964
196178.7394863291
196234.1945997309
196386.22699540562
196398.2462934631
196400.5106756047
196479.6194121824
196533.07309825963
196557.9725681053
196605.7909087264
196613.18418464204
196658.55089779606
196677.6679794318
196758.11822198977
196780.3448222755
196782.23785508136
196840.36509728932
196840.44371106962
196847.89281615952
196866.0483539968
196871.7321322801
196879.2844433479
196896.90502566134
196959.44708752996
196978.77719678998
197053.79757867593
197060.8553517446
197103.1805920638
197163.25849490904
197175.18298915256
197194.7019068877
197199.4475787469
197287.22283379902
197294.51671071706
197328.58527850886
197369.46352842345
197370.12572511376
197376.1920476794
197420.58187541075
197422.1957389057
197443.2676546762
197474.9316075925
197632.85511932772
197645.21656828356
197651.81283155645
197656.5224529356
197666.41049262206
197718.58872476884
197783.48691324593
197788.0780396764
197807.40775706983
197838.72566863542
197855.25142954354
197931.08221596165
197951.25354549655
197996.66582635482
198018.09100289614
198032.85099249694
198097.32926776758
198110.5511019079
198137.64058804812
198257.91273575154
198318.06919839862
198343.4948084127
198388.07717506163
198430.319395201
198432.56614740298
198458.32824580927
198461.1535943653
198526.9794397946
198566.60401486812
198598.18737082012
198633.39822517446
198769.261061228
198798.01231578557
198943.8072630026
199036.92139001892
199073.30290448264
199095.74984756962
199187.6865893901
199190.8926965839
199222.44735767297
199245.51446526014
199267.2705093027
199285.37387390723
199297.23398194913
199308.98482298784
199421.38388208777
199489.11522841523
199534.20037653344
199558.07056865256
199576.04672073305
199664.02488944257
199676.14565894744
199710.4604168491
199726.46786597965
199733.61171755733
199754.42910654953
199784.2567556841
199785.76111457025
199823.31659266923
199839.5213078594
199915.17071230905
199919.79634313908
199966.889801673
200010.0341706272
200018.72132098407
200053.87104978663
200090.97864183495
200117.67550610634
200121.56360803364
200126.87049962344
200176.60415802785
200192.28784382917
200211.7307482466
200229.85404721956
200271.06921571377
200282.1650735424
200307.7733520638
200314.9698495262
200366.4679314166
200452.74469769045
200453.69804470777
200457.4040038574
200479.38258711307
200546.5246838036
200637.49544948232
200679.38875429422
200708.2371091959
200710.60455138775
200710.65476892126
200720.1911015245
200740.0448543786
200767.40805644242
200780.5870249316
200787.83074594353
200796.14299181147
200802.16916745945
200837.88279053677
200851.01819531532
200856.26732628018
200869.50917028182
200914.49541385873
200928.7063223701
201347.8424529866
201775.9671195225
201844.66597021383
201845.53556598705
202889.1389359735
203211.38880646497
203887.7304211775
204017.86024454873
205202.7676202621
205254.53695709337
206356.6967679397
206401.67504717148
206424.505532894
206930.05911695666
207028.2265505506
207553.58027570817
208255.43924372838
208435.5168554417
208652.96200167705
209089.45790247084
209758.4637963782
210444.7952957903
210797.1158055216
211191.54238891584
211457.16657689618
211916.9495561149
211988.29469564115
212043.3070573955
212153.64816207098
212404.44211752212
212553.69583621595
212706.3219177107
212732.27953790416
213007.50569247708
213192.1936650758
213365.41832129838
213526.4340143173
213603.9084567168
213725.41921959052
213773.74294601032
213816.85118666542
213862.06145327684
214234.75426304928
214248.6800582248
214347.51467998413
214497.58234232318
214525.86490617323
214693.75873605878
215822.00279284592
216024.69349282817
216421.9009750092
216825.329429914
217802.30656668285
217941.07574899387
219137.64749685838
219422.07061099567
219433.48369972222
219571.1183468268
220250.5932271124
220424.44118501488
220471.60270694754
220712.48832234292
221045.66844090313
222226.4996068677
222916.86481345043
223279.9744820891
223727.27429630756
223956.56590828212
224771.82474378723
225071.41253116878
226831.55872766871
227176.47883629147
227232.52069303926
227411.82495154015
229897.56316570207
230118.07553066817
230492.2256229693
230551.8248955232
230747.17882019846
230791.98068035571
231977.56417684542
232997.37626559168
233119.93262457612
233807.89546962717
233908.86306918063
234017.23350075958
234275.9971573527
234410.10967776628
234445.4910061228
234538.89644275105
234683.50649591317
234776.37118471714
234810.22750905433
234969.0360424586
234969.22335928542
234974.6363373619
235133.19247645146
235221.3135755505
235276.5647620433
235292.10677107348
235300.58191709052
235473.2718256351
235660.1255762406
235787.48730828427
235788.52115565407
235865.45092332625
235968.8259587939
236030.00027309434
236033.50085256356
236099.98669062633
236103.63229196073
236130.681128418
236176.3752429193
236185.97104152804
236273.5282328813
236341.84475090864
236371.12758460367
236568.78540984733
236581.20223346943
236686.47611239995
236852.73478902993
236929.08928938975
237043.08749348627
237045.5062341352
237234.75114711653
237376.4139150358
237513.57516523145
237560.04893538903
237578.28371750115
237605.39799739752
237670.75735351065
237875.5586015366
237988.2772432026
238110.4170281162
238120.3162803856
238125.45416224338
238230.03561029324
238275.2850054769
238328.69606813887
238421.12291191443
238436.5031144998
238930.46147900296
239095.59829106665
239104.39179159302
239288.1157136261
239293.6289693805
239310.21743507928
239492.84215238265
239612.99918238286
240149.00737953853
240316.04290797416
240351.86605056305
240352.40788899688
240354.80263903108
240367.29452161625
240373.25445554947
240374.17792991915
240413.33831059386
240420.05048615497
240439.87381897616
240441.99989308364
240447.2362116205
240454.36241147137
240455.70089320763
240459.85276445682
240475.90508596075
240519.45524929478
240536.05579960038
240542.07650393236
240546.03772328683
240559.66646796846
240560.7138359183
240570.11740407447
240599.79245462306
240615.38505949266
240617.5860340349
240641.06522912745
240656.76744126604
240705.590086098
240713.96202699124
240726.9763509321
240727.16970887326
240729.93699210518
240734.03974178794
240751.28740521384
240752.58209910366
240784.68401523412
240807.2600671972
240810.27203812727
240856.29191851954
240889.01120167095
240896.24191575803
240921.63854497304
240930.560444199
240931.8505683116
241010.5957090808
241038.29748658524
241056.66606097785
241066.7044732295
241072.84148277543
241075.96008856033
241085.85309581016
241130.35772566014
241136.52207490837
241149.10182438328
241151.5495497985
241155.07475342503
241204.8467643534
241217.91954582202
241233.12637501143
241248.8337644572
241252.95379756315
241279.9642500916
241305.70275430486
241321.03798337205
241333.6643715134
241336.30272833005
241416.0612436502
241432.1407083392
241450.1054807877
241459.50215042417
241461.28905820078
241462.276491443
241522.2532050191
241565.11994237808
241565.66786775034
241593.1956697306
241625.6345780207
241642.1323650048
241662.49033480554
241675.147067999
241678.0130396975
241684.09596662706
241700.46455964353
241711.47036031022
241755.7633516644
241772.09885075944
241777.9061517624
241780.3679605334
241780.86141244572
241806.7517116352
241812.26821238108
242100.5845781949
242371.5632021653
244186.20671815096
245027.1141116302
245325.8957402593
245954.33761729355
246256.86289715496
247425.83069396237
251167.15907453408
251611.57549346468
251882.29509691245
252219.94718122715
252355.57792304954
253601.6982491862
254221.70845985995
255450.5320477134
256329.28561682033
257924.73528327077
258331.18290328776
258465.74393883138
