962.501381306659
1353.2796371742747
1966.9229204059736
3047.69787539613
3692.6947844082856
7085.985896826726
7109.268814174281
7151.569860359916
7211.537232677186
7249.244183693802
7303.07301887407
7404.091057572989
7527.313305394188
7532.03759546444
7574.939228014493
7583.168969808764
7648.974512859184
7669.563984040066
7708.666341663995
7725.346058452
7758.089375867508
7771.1001042346425
7795.703165848001
7807.325556353289
7825.14605259419
7930.745539885788
7951.102612599881
7976.484602978934
8009.223048822612
8030.9797867785755
8133.748932676606
8165.510567690889
8245.118678935863
8276.897892144258
8336.441733447187
8370.864886181993
8468.45248500397
8500.064088201974
8562.39339223099
8639.707386733751
8701.245030835435
8809.434735999992
8831.29469062328
8962.047081372833
8984.804673728828
9094.485145777277
9097.15597095504
9142.293220641048
9143.314275709692
9223.96524301993
9238.060853222709
9242.693233271679
9345.624779150972
9403.870907905944
9409.954428802223
9464.880855965099
9497.053169411847
9523.263670432549
9531.84745962611
9609.563289377033
9610.776865097932
9611.211996815999
9626.031479567586
9636.276659154893
9637.223291702325
9671.600764832445
9731.952955365992
9739.813824154897
9882.110862698797
9883.26437431585
9982.590869853155
9999.793820060313
10037.15258587966
10064.431876616618
10220.24920212821
10262.12714258698
10293.722812215648
10306.918845882443
10316.412660205042
10347.661359921265
10398.761380542583
10401.727030563916
10414.695520604175
10433.524059361402
10467.301012175527
10515.788393286606
10663.003873870837
10771.146469577636
10849.171688995893
10895.343570914958
10906.774519476012
10945.167009948815
10967.446259614451
11018.995931397647
11068.303267758036
11087.535236705087
11092.51457772948
11368.597163041299
11383.062696011855
11387.489705391376
11467.59831239994
11647.845489796442
11701.396116515572
11758.929389773697
11823.29877397593
11884.285220237976
11936.344295371358
11941.28791778672
11941.753865033874
11967.134142818704
11999.870730555103
12058.332405916022
12074.070232588898
12102.746873604268
12117.275912499232
12128.25044828543
12322.174790979918
12322.85853946841
12409.343622249677
12414.12411607632
12442.507101226933
12455.721868785973
12459.311310919626
12494.466720636712
12507.168385621399
12551.379491257021
12584.542269996444
12616.616980363182
12643.957666379776
12748.29491409109
12772.5251440705
12861.530903597213
12944.695391714205
13053.681854333649
13075.00066359792
13075.180939235832
13141.122878299007
13155.887958566795
13170.212978563077
13224.60529922686
13364.748939690262
13380.607293944027
13385.53821061192
13399.777417548075
13405.657600406037
13408.025343415533
13427.56358021479
13448.460279553063
13547.006993629826
13570.700949904625
13574.512014097549
13579.01471332532
13849.409827407266
13887.572764222135
13954.44306396289
13975.796602861532
14002.543017049595
14077.644486743447
14113.895310523514
14207.353680834176
14248.354834886904
14301.665998161507
14386.766651069662
14387.776585747735
14395.81270359108
14413.270820005826
14413.35465391732
14565.591320188763
14592.713708790146
14625.594105728474
14666.388660926845
14707.516869700927
14712.923262149268
14742.073248743252
14742.953633159328
14806.58515155421
14834.316236604049
14914.075731366347
14952.446906578218
14972.08229442293
15025.383566080893
15030.863812570242
15048.61142862591
15116.457542088034
15187.92575345695
15256.072421861043
15273.088877066684
15314.598412705334
15347.093411114238
15417.415158047996
15459.527994201044
15460.561876154536
15545.515384309463
15578.202278065928
15620.88927428165
15631.307283543356
15656.769399240384
15702.219115919019
15773.827777926132
15776.13604852293
15809.31033511334
15995.931212829324
16062.765075236746
16077.480077941571
16114.776356934462
16122.713462516613
16196.563627837562
16257.120001621515
16279.606233228938
16304.821927920399
16355.22240489963
16377.29211685524
16397.87999220931
16523.29251307365
16541.75341872299
16675.913133943457
16694.668144496587
16764.91721883907
16771.099584886662
16782.978550932705
16786.884805008875
16816.1189181829
16829.080178935274
16830.402118147627
16837.55746571302
16917.828036430736
16988.49454494067
17041.384913888796
17042.784736942627
17046.204615035687
17101.53189326122
17154.97904729286
17177.734960005473
17221.0957338563
17235.476610027377
17242.52714331794
17248.906524725247
17291.415056409558
17321.625613143133
17321.727033825897
17367.29162343883
17408.758214815727
17418.140221822607
17437.792353609173
17458.698690871643
17471.79455828932
17496.67843691458
17506.235437612086
17564.447773868586
17593.848249174895
17604.6217463448
17611.516665692412
17666.317499354343
17696.66590714973
17702.046071469482
17830.76736498805
17842.263003426455
17888.463509187422
18022.402177728734
18040.98123934104
18049.580212506553
18051.545428003137
18090.81660983445
18135.95178859528
18147.743381627148
18230.51248334016
18287.56027181451
18339.82872212952
18381.909672129703
18443.423848626135
18450.63104573156
18531.163148641706
18543.962034179774
18562.688635284983
18680.991936501952
18753.675856006215
18770.42450170354
18796.00554787095
18837.084406221908
18860.298244560337
18881.38243273785
18895.883168841912
18907.827812285053
18983.96751353263
19166.321743752254
19285.623451252857
19373.947456793285
19494.15869705601
19686.572549015338
19701.149330039916
19880.2994812458
19922.343036049875
19989.657966012794
20044.291280502686
20058.280166283188
20132.146421136127
20145.012390685257
20260.722211688444
20344.477433652453
20353.511751090966
20435.05859906213
20471.285462511813
20622.243217497435
20682.62085453218
20721.841401890048
20910.730385959294
20928.035976997497
20933.88838375319
20990.466838200624
21031.650081700885
21043.981040971397
21091.23769374602
21177.584997255395
21205.12827174023
21230.24553360626
21242.879533564887
21315.372961931185
21331.43966620357
22207.59256453725
22218.929494949545
22376.072245660453
22687.500913864777
22704.496868793114
23225.62818681974
23317.36673353233
23579.34462816375
23715.241008480356
24060.337285303543
24066.575675795255
24370.629017698982
24970.029802842837
25065.854715577803
25186.386319577116
25257.66795379613
25648.45703803765
25943.525601586323
26117.594958188463
26211.41786047586
26280.683598081356
26294.476717092195
26322.579628826625
26465.951322434063
26780.859817420325
26997.55707826642
27147.568976860788
27281.242584175878
27342.44048192586
27424.728513568203
27481.72886196244
27603.95553779163
27743.94704944191
27892.760291062223
28051.2549880973
28080.92361111748
28242.649847558372
28309.975483118837
28393.809585033137
28656.663627519436
29729.396865094244
29737.941343390394
29852.68078744083
30092.047718541682
30855.139888704663
31216.545799624353
31234.53416614226
32126.89969966839
32132.900420473878
32328.22428573755
32421.1099856699
32534.230860890468
32627.45626084175
32790.07872198002
32825.619169590784
33035.70064933244
33267.39156706807
33292.56791459482
33325.082370165044
33346.00772742739
33417.42633825693
33448.974309708734
33563.56725722356
33664.09309435536
33787.421726274115
33872.62959217513
34064.045686433914
34105.41362449844
34109.570995980925
34197.559609047246
34297.909009468785
34557.1654676258
34604.07962355902
34648.584138036495
34669.98333869134
34686.26469816863
34740.077591377376
34799.38962790859
35330.35580342969
35602.677149896
35666.102951082794
35764.088327094134
35795.121130038686
35983.07677066104
35996.459650134064
36166.85300304117
36214.121725596524
36266.29228993617
36363.629243644355
36469.838425002374
36531.94257160389
36562.03481798701
36689.87623477778
36735.48724567808
36827.36833523643
36837.78175132925
36867.09987508898
36873.101099296575
36949.54642624246
37054.819281250806
37162.5493788458
37166.832106608534
37457.56182520277
37543.35656300434
37684.12679568596
37695.14496479826
37702.26312809236
37778.61217811167
37867.67690038112
38042.17680200052
38080.54494821159
38100.08987436162
38137.77253935336
38197.13463834042
38201.770177938575
38257.2299118035
38403.6822658308
38436.511745447904
38496.019842828464
38558.360292858735
38791.91186634803
38796.66403404512
38885.057963898245
38924.51887976424
38967.698594019916
39073.99433331997
39109.754019216554
39165.36548249607
39216.72827898323
39235.32666630742
39291.13438816807
39543.12238081614
39579.93285015237
39582.30973926254
39593.399314696195
39760.486627140664
39858.06248139411
39923.200044156285
39986.36558614385
40034.699807675905
40088.05409793204
40092.00170866188
40181.27707393136
40209.30305484234
40314.21145302265
40362.778799927335
40385.134639663636
40397.26938833667
40443.27729778271
40516.62194270284
40545.31016134827
40547.892114305956
40558.35624346305
40563.11672707026
40591.73996813059
40610.982132198675
40614.76967476749
40615.553882989116
40713.48386727249
40715.82622482963
40803.4746198479
40849.97460530966
40914.51184017371
41036.83577106731
41038.155136762114
41048.29956191695
41133.732768391754
41144.898551435
41147.079566633765
41165.5841987303
41226.177839778305
41287.893671372614
41362.46354075832
41413.269469850624
41428.83358505783
41519.582830002066
41545.27996865407
41554.274807565256
41783.72016949326
41848.81393500455
42024.15673697725
42044.43498435659
42199.95486526926
42311.58274068662
42372.01231578727
42381.62502427373
42386.91188526302
42392.608904020475
42435.00069020687
42493.907629457135
42587.08770212044
42607.98779187619
42633.4587687759
42671.311035965344
42761.2450103253
42776.302069400466
42778.05160963104
42784.46996104475
42808.27016928004
42905.447040236264
42923.41468053886
42927.51492063491
42982.06772573767
43175.89514004722
43184.23245274137
43346.50914602201
43376.37644345773
43429.490091283755
43449.42536638373
43492.57312542778
43579.2251546306
43651.50718829336
43692.12846457354
43752.293500838954
43793.055115844465
43935.10081203437
44071.40406115075
44077.414328020095
44159.92621538512
44212.886484830655
44291.66125280505
44311.74659981807
44320.34935687458
44324.65942624587
44516.57333081777
44540.36157076337
44632.5917977545
44639.662706865376
44650.82781121909
44757.712481096416
44939.67666722223
45025.59767925509
45029.38244183667
45049.32673592791
45125.590955911604
45354.7295046563
45358.0855814198
45369.29460200618
45404.26804645181
45413.38532769997
45516.27571104395
45676.2679626509
45681.59981447624
45735.374018699295
45753.199784853176
45887.81241276399
45903.83895776219
45986.94331931224
46090.94890904077
46091.639375412116
46154.35146953255
46252.89275479614
46257.5255116003
46307.198826005275
46338.17679388296
46339.419024449766
46402.09388861092
46411.89639616545
46482.20366978864
46497.783588523635
46567.476061302485
46580.26216677771
46681.27581617964
46784.22789621266
46864.476319843
47136.576664461136
47142.783941029804
47166.67453631482
47171.13514729433
47365.58398835199
47429.58494756009
47449.78001272071
47523.40142375928
47586.60748773544
47623.59725277891
47662.33336578607
47673.381698949335
47787.35542603
47897.84399607064
47924.18273668971
48042.306361108254
48131.14255605857
48196.35886497553
48267.7414386699
48305.45309513058
48657.630325589096
48689.75886079609
48731.86751049752
48931.44667378176
48988.513682779136
48993.23080287114
49012.575285778905
49138.353372282385
49334.42422043676
49389.77869477708
49390.39796872023
49567.60195620452
49598.779653095524
49673.09921203793
49676.90473888161
49685.513026081055
49763.78200855824
49858.63771241066
49873.675983126595
49916.221702925046
49985.48105118636
50016.906224846425
50036.19800348363
50060.57997459889
50119.208710713545
50154.29486050675
50170.13436494446
50234.78810348419
50343.83048882789
50368.24054138663
50393.90891645719
50566.519790380946
50581.84857484454
50588.13516901014
50701.2203194612
50761.71566874693
50819.07179215052
50826.628349729246
50844.58911781878
50861.0947578295
50881.788133501985
50895.4107720105
50902.02546654558
51047.13234356076
51143.190903723225
51224.797242485925
51293.716540261245
51346.141996466285
51397.905300628656
51508.10733236325
51601.2376920606
51601.786442578
51678.152738151824
51681.95048607703
51900.53269737126
51937.696840326076
51943.07307233483
51988.445391039335
52012.59518424175
52099.15914206963
52114.42363120428
52144.038070768846
52167.72093350498
52201.77440388302
52218.58898114154
52274.82571773814
52311.35914545262
52408.32902756396
52409.358632019204
52482.384736086235
52563.84978878163
52564.92478625486
52647.54685446794
52660.45091718108
52731.53901180767
52734.63447693558
52779.635258937866
52885.21490088276
52900.47570773246
52916.071366323406
52928.35018169386
52941.745905036936
52949.46646379932
52959.91637282123
52964.196479588696
53046.30065987924
53103.03118105677
53124.470754529146
53235.56195051989
53246.606095225296
53483.24716427238
53544.64047619183
53578.15949339734
53613.48647175353
53788.76959370632
53945.30133567124
53963.79710759826
54011.03193202654
54087.24152206055
54203.67390120711
54262.260350024895
54318.11186717271
54446.43041203004
54488.95828783678
54762.255875067916
54815.402571988685
54823.58620425353
54855.996672044326
54890.518281603785
55019.749787707915
55027.09523733965
55115.302793074996
55276.11764323594
55358.32436222555
55363.543481414374
55394.941648219334
55523.289169291544
55557.09287318898
55722.54082080494
55796.93421400867
55855.49311890596
55863.14338932985
56169.56844397252
56246.7075612076
56535.72529115896
56571.1391573591
56649.44313440608
56745.379692325056
56886.27129949646
56899.325859939396
57028.45710121269
57029.580871904385
57057.39643728304
57065.88410438722
57067.97142310771
57160.78351115166
57164.57934994195
57254.354011349176
57390.28019193562
57394.469521190054
57427.29447259669
57628.86541422528
57640.70842421251
57643.81466666167
57687.75356800717
57707.089225934586
57729.36920462998
57810.891203162806
57916.88890096491
57977.54532772927
58095.39924190472
58110.63045447543
58112.91845886897
58194.79654215359
58232.304726275506
58353.88620157416
58363.256391651565
58443.34896371231
58483.428960661506
58494.626631358246
58600.34891806442
58752.82445520728
58776.64646684091
58828.83774555355
58949.5531113462
58964.14776922303
58975.36131243634
58978.48552186224
59109.655470096906
59115.25387058659
59160.923660949105
59332.011378161646
59342.81165472399
59404.44450682296
59410.203445724765
59480.63206209693
59509.23112137457
59511.35547907151
59572.020313317924
59590.28135062768
59675.124803856255
59720.1348720058
59723.403217314306
59764.74744020892
59811.98244961076
59813.13337848134
59852.189737558336
59912.471268548485
60016.35016375767
60075.451919544874
60109.80171976274
60122.083501808476
60169.38904073035
60177.55765871804
60189.11423365995
60194.545251758886
60203.814501171946
60352.67441179612
60375.632371486565
60499.77957265079
60537.88837900271
60648.91836017649
60885.03406965124
60965.05759042945
60983.25953686372
60997.82401777186
61027.14450033948
61092.72547735974
61147.54143321427
61154.4162341538
61212.293767632866
61254.140558630315
61348.286276095074
61366.46617477526
61502.1769658421
61661.06423000983
61893.875609246716
61970.040750554865
61970.35548637084
61983.99585154298
61984.45440559609
62035.8813256588
62037.647493221746
62057.51605167763
62081.31036218818
62100.06144963334
62169.33831715207
62342.05828010541
62363.80246492442
62371.44495394238
62481.38219547219
62527.19632426255
62618.85360386477
62621.12836979151
62622.38726328648
62706.000517733
62801.01797938555
62833.40923339632
62904.49977136893
63235.66850616146
63278.60319607491
63325.568523655515
63334.14273164786
63358.21178045125
63358.358130004664
63378.148631957214
63399.74562505741
63552.60343568215
63612.39566313173
63623.0047397936
63701.4158058368
63759.244477179345
63898.14226319791
64023.88184539674
64026.74580714135
64137.87135109438
64151.61314413414
64277.37832023789
64317.709012377345
64401.907242268135
64490.61993234229
64606.40907713166
64610.37886385978
64809.55545459285
64817.455743150866
64838.40246018509
64842.54148569035
64884.08478390771
64945.137096230916
65036.871106160135
66057.47933166612
69011.89866494814
69356.04775649965
69631.22276045782
72161.28398509846
72791.32377712763
73886.29687661809
75155.58118218192
77801.53869594162
77861.38025625398
78537.39515350666
82705.48459628146
83726.17683809987
88390.25950795322
88539.70764005568
92783.85576768364
93487.99398900443
93620.25557398183
93639.56448165563
93742.34096419667
93753.61581944482
93849.93669492874
93882.74102503127
93886.32581436582
93925.91599735987
93935.20307230487
93998.76197767373
94038.71874149748
94072.55331837558
94092.26152265401
94113.71762986088
94138.55606602744
94141.48977117665
94150.05043046325
94234.21819243777
94265.37202601129
94313.58971552998
94314.96596366196
94473.98304798326
94493.2746211807
94605.0848512139
94666.58356887122
94691.93572152992
94692.04108125705
94692.60353336786
94710.76130054725
94735.66103118123
94782.13951237303
94931.24416789624
94994.43610206788
95095.38536779079
95143.19086413909
95207.78242556968
95327.72599744798
95343.74308526648
95363.83122558951
95373.3030566693
95468.11475194777
95666.48542849362
95729.14786070216
95769.37643540297
95798.72577152106
95887.18302896427
95891.91843531265
95891.97669891333
96019.50751731862
96062.77902013085
96107.84983431119
96157.05707721025
96246.4277980202
96304.3078707068
96309.48099605148
96360.03731459263
96371.24736419863
96384.943433847
96403.04454986894
96504.72232593036
96593.8856172103
96712.58064642698
96730.29415071027
96750.38663812767
96816.7854283775
96826.1429769572
96831.48263683353
96837.73696267145
96869.83945546467
96900.11765153588
96956.64744766662
96994.84203167295
97020.34001384438
97032.01850366704
97063.92517383434
97065.9593640104
97091.89052558082
97180.24377220905
97212.61116852978
97223.56628279328
97362.41638673376
97369.20107412973
97398.9370894324
97439.6292414993
97506.99380207525
97630.09540745262
97692.98239563497
97798.53036888324
97876.32769311506
97904.22505086374
97904.47424435936
97917.86309903482
97922.55270433096
97955.23568500743
97987.15739845028
98060.31851237324
98105.75218916743
98237.09466496267
98271.2423647831
98275.75261208521
98333.95790771593
98338.8780680546
98349.8614052658
98367.05323939963
98379.33016667533
98420.89896228036
98434.93845079688
98445.7612569629
98552.89203279254
98676.27691502916
98707.02669264503
98749.10940823032
98805.44741394847
98833.17924090335
98889.37826459236
98904.59020955332
98933.24064524652
99016.98156874785
99039.90798530543
99059.36479829028
99195.05280946738
99405.01719772602
99405.34754191889
99475.40954218202
99633.63686974128
99708.52301961085
99733.07436933121
99751.86750983995
99778.32332770946
99780.23383689809
99914.0142415522
99938.95706306296
100021.38177427309
100039.2831250637
100131.47763368844
100196.1606092978
100214.78978433495
100248.2047337913
100259.02834901566
100361.23117605345
100382.9109543242
100387.8621840327
100404.61366842591
100463.8052697011
100496.55842667009
100506.95313744541
100688.30738908326
100709.64619091623
100721.72579532248
100757.64984019086
100853.94126828625
100863.32771383265
100899.31841629648
100906.49668366741
100923.04600644727
100948.60143780088
100951.50638818798
100958.09937306032
101010.13908786468
101110.69084705948
101134.25976753442
101178.79266236426
101183.45375111757
101209.34401607276
101330.67438205962
101340.83894351171
101342.60903482558
101361.81399745925
101371.10948780732
101376.1340633751
101377.37057661437
101455.87421987038
101520.50218538009
101533.89782178843
101663.29931025534
101730.50039213522
101867.37871074988
101879.46042867834
101890.77053081836
102004.30220398768
102008.81541338367
102089.51830216247
102092.67805916966
102113.67570772461
102155.22588814978
102172.94220647734
102211.55467896778
102218.05473235699
102320.88647436969
102323.54931122829
102494.17021812353
102574.68028420887
102585.21653137074
102656.8042643686
102665.83814498401
102675.01839465869
102695.12933754931
102738.60532117805
102781.56132943346
102875.32748453486
102998.34580378864
103009.45880140371
103017.51503768926
103050.91721609925
103116.23356185142
103121.49189448252
103157.68818954763
103169.70363234145
103204.72221585386
103297.88247379562
103360.29875736966
103419.6756307513
103457.79843578521
103508.72549159921
103548.89106044668
103553.69212447954
103586.96100860977
103593.0424416727
103602.73350055327
103646.64978247405
103691.67543195836
103710.00935073495
103759.2979415705
103808.34522474787
103843.48230694565
103898.9161015712
103929.31305510472
103944.04398887568
103976.49282697054
103982.78980883026
104002.18386755229
104075.57354984534
104121.52902343264
104146.6298661541
104318.81835839417
104342.06774435233
104362.56057819627
104392.28507758083
104612.24316918058
104662.77309890254
104788.05169213412
104822.04297480758
104861.98716194066
104879.80351510848
104890.4249118129
104891.91301741824
104895.29373155918
104974.46424228285
105005.26937385435
105015.45859069885
105030.17561721393
105045.46655451838
105051.09497399695
105086.35438640795
105092.28062391591
105196.91559824874
105208.81154352002
105216.1677725954
105248.20664230335
105366.53249105015
105481.83193679768
105508.73947904166
105553.86215698968
105630.48748448693
105678.75522664201
105681.60546343088
105812.68174899339
105939.87696519225
105983.96261606451
106018.30727253697
106382.88695686069
106430.63282339438
106527.8215884036
106646.39756965305
106730.93884621505
106771.18183534007
106834.12333954067
106844.53759005893
106896.9059659075
106939.30070673462
107163.82364156363
107292.28141447366
107348.95393374797
107392.22208399053
107398.92584562057
107426.21796388086
107484.76522237029
107555.31080449805
107558.34742413234
107575.38638915998
107578.0889075334
107623.55924554542
107644.66199009746
107719.16854571144
107728.8698028339
108254.91838430337
108733.24146366972
109069.65059182985
109482.22318288489
109547.69366831314
110004.63081656846
110390.99625905498
111166.18555997516
111910.39588926689
112033.04089370478
112418.12970312832
112890.58015647467
112940.55953111278
112959.16434124894
113065.27822241913
113094.38470546763
113248.16138844176
113276.99256612455
113373.72286017252
113413.83957079795
113562.59781742479
113744.92992246445
113870.10753772588
113896.4303662963
113903.22988909697
113931.48950964332
114027.5990820667
114128.41209857998
114344.54197545726
114378.15962335485
114398.53947787393
114574.72804759342
114582.60810806524
114794.3141397427
114874.76192555676
115267.32545955142
115357.69143372483
115484.46378628461
115523.89588532258
116178.96238385519
117344.2310095132
118551.07076464551
118587.77353545699
118712.4429069488
118715.95810068933
118719.33739636319
118845.93302814197
118911.40617442611
119046.88497090267
119111.26359615635
119131.6011177218
119254.14754065983
119840.94324863113
119927.12057591659
119946.78509219766
119984.667775785
120194.92464075814
120211.57146802306
120297.65059750041
120372.4159456079
120635.10712768293
120639.37882417126
120647.354761041
120832.25620887359
120833.1685584509
121254.58397025085
121281.75938775967
121330.78405222663
121562.90605662215
121563.11102193939
121614.70190710171
121664.78696864948
121847.91627534358
121897.66060474837
122204.83350862411
122567.02247967105
122571.08452812914
122721.50967196331
122828.80456162021
122831.96311928454
122959.46482164835
123036.02859610191
123101.15655864874
123117.17744415053
123128.79772226454
123168.81628252419
123185.79551131517
123195.03161739028
123395.63785479407
123456.22551858518
123541.64780549926
123652.408352892
123685.78653706526
123922.46185698616
123941.0855126196
123955.92168976238
124028.12185245319
124246.10665355047
124250.8052899598
124310.44716051668
124332.02292940133
124354.4448931065
124360.67796945246
124373.305299606
124407.17933648558
124427.57581304511
124462.72067445354
124490.26740988443
124505.09475512846
124542.1185226331
124617.92582569415
124814.24901376633
124827.8240387351
124933.33220537812
124955.05820696756
125020.22365450917
125108.13001557156
125149.31271728202
125183.51257412223
125191.7286795901
125345.42151085392
125429.50644666364
125553.93197712598
125561.55628104761
125624.08818654431
125710.99911270154
125798.69271633035
126123.75716502928
126130.66873457957
126176.86357781246
126264.89879184982
126274.86155524154
126292.9372692978
126301.3434506231
126354.48756146699
126393.68697114897
126491.28471608984
126494.36061159873
126571.760376258
126640.46836598369
126698.10990645907
126705.77102101383
126737.27706939103
126740.99456225068
126796.27454021291
126807.94725511436
126874.23937097818
126902.95754643253
127084.85570947919
127088.14302417713
127192.93683972681
127253.04496838535
127294.66613361546
127320.287717725
127346.38934304586
127391.18868615259
127449.28321793466
127469.6365407285
127593.02382517718
127943.30521229024
127976.58095019273
127981.86196188007
128045.57854058503
128046.99439413103
128078.80564196932
128120.87772496179
128158.98990983353
128180.44441383623
128216.48880315598
128270.00534445539
128279.2743966188
128311.43222481586
128347.25593157182
128448.79378734429
128512.67038583843
128730.01831391288
128748.77214625457
128781.15559619312
128826.03699495185
128854.57264312902
128940.12625379369
128974.24508439914
129146.30675060139
129194.84846884522
129342.60882636221
129352.41270578187
129382.76613303789
129396.60880247087
129530.79802693462
129540.48263878442
129550.35561029469
129565.93160763782
129624.84461312505
129652.14407567302
129695.70887676808
129713.91602040609
129857.68212060194
129871.03442157918
129894.59050379702
129898.39818409004
129903.42701306177
129984.83712989966
130014.77491704669
130066.54308823573
130217.44619115918
130225.18008335089
130305.62886811359
130361.11572497964
130506.81133341754
130776.74626021371
130778.48900405227
130930.50114342629
130992.21524296113
131132.26844022542
131169.1998139986
131182.6640825139
131198.2503151221
131437.77172554407
131528.87976224686
131560.70181711952
131601.3492259967
131618.79124240662
131644.1862031043
131677.14046673622
131759.00708424448
131788.521198167
131789.5384971332
131828.45315746084
131878.4711100461
131889.1940517873
131952.83966045908
131989.66686342613
132036.35098073157
132075.10302342154
132126.7520809217
132170.8954975659
132196.11831948417
132207.34542545528
132246.3759296835
132258.2194062819
132401.2918432373
132417.98948569543
132443.50981616147
132471.1636910329
132483.4575727569
132502.57027360663
132641.42890732843
132683.82393040438
132766.18234009706
132851.50251463824
132859.60393884766
132962.2371359234
133196.93743172372
133240.69677924228
133250.9049928046
133257.3142994994
133409.87333849675
133445.30649412362
133501.7864033876
133507.23000461143
133535.95911366676
133654.84024914828
133693.3711362822
133824.05220385577
134010.4160342642
134090.17796279106
134177.40212789434
134214.2324114633
134271.2981511852
134370.2369739273
134488.65297778338
134498.8078699094
134512.755657739
134521.2677086765
134644.10392633683
134711.89856120222
134720.22146777718
134775.60481864202
134829.31926907194
134831.0954112058
134962.7829800427
134970.91359343275
135033.20956383744
135035.12778402053
135036.26625466163
135137.0801643632
135284.11404510943
135330.8079949359
135347.38152932897
135363.05091332443
135510.9970280024
135642.42664451204
135681.34084055125
135754.2582104965
135760.64764610791
135810.16981858094
135829.95372679218
135900.1390020621
135915.09509873926
135926.8538919773
135932.5745365589
135991.7230945378
136005.0833583892
136120.76344445493
136309.82096783223
136360.2387737247
136370.7007955119
136529.5125557282
136562.4527679382
136562.74891791347
136582.5952626141
136629.47955966098
136727.79263253842
136769.50156339185
136841.17331078267
136868.90174563715
136926.91037536238
136998.658132973
137005.1249488778
137031.16612812702
137078.37457412668
137149.74604088068
137162.84947065712
137324.5743332007
137328.6166110046
137335.6019559519
137451.8177346047
137497.32840278515
137616.9797635022
137919.57980259758
137939.3997885432
137982.27092969674
137996.61014549452
138020.85228529252
138050.5253288485
138058.57627179267
138079.84005820664
138087.1976013963
138125.62471169658
138155.90103574455
138217.12548043486
138298.73527187732
138338.93643471893
138351.5923181629
138462.04030578077
138524.5141393984
138558.14705331062
138780.91408777612
138789.0480510939
138805.9367594588
138823.21266577707
138905.84374814553
138923.1427639792
139072.1816947005
139075.18707357993
139118.28392727376
139131.56826592394
139176.97486596962
139180.50806496266
139274.73731583692
139290.3159946907
139330.29021934263
139362.29099369468
139426.08993770916
139520.07944561535
139522.46025544568
139542.43198718954
139582.31145437097
139638.0304146342
139707.03118257227
139718.7851794634
139805.7814429139
139855.4956306288
139915.7981309089
139919.19370334235
139944.35137462907
140031.97125956003
140114.2073624943
140161.03032752094
140255.3037426091
140305.25614149641
140384.768158487
140407.91685001922
140614.1869673065
140711.56400982558
140760.12502593684
140810.8001414814
140908.23754867556
141153.32905673794
141340.7054210396
141388.959493502
141564.4237924258
141598.54170583072
141601.75716137703
141708.79407395702
141711.17214143966
141749.81705832214
141776.13291249794
141814.792091273
141846.26933957002
141938.90370951855
142005.34906544402
142032.22519273037
142158.22884964573
142253.3674287447
142260.52956435675
142271.004048649
142294.25163767714
142302.56192527045
142385.6168711906
142471.97008912452
142531.0952294584
142536.1568255206
142565.15369407105
142660.7958120261
142704.66844400647
142744.45555829545
142760.06232376012
142778.73296710162
142808.06630381467
142827.9923382466
142943.68633318684
142980.94951295876
142996.37455925968
143077.2792053511
143122.41232545924
143140.29327476502
143142.36242757915
143163.02574913122
143189.00658310618
143191.14139629586
143313.78942475648
143450.27018217376
143526.93729467774
143533.3746570495
143690.92065425642
143697.95759339904
143704.43626624745
143815.30308978044
143852.56713493424
143920.2745663489
143974.84650971
144026.3112577828
144030.62457110183
144094.76034872056
144213.13727699418
144282.04652880153
144340.6099373196
144391.52165676217
144456.97087228196
144519.4359391427
144608.62897235402
144685.87068149968
144690.19458291604
144743.39444812672
144756.01659662687
144785.79273971362
144798.91304547153
144822.95422697766
144940.4504852727
144944.30162369076
144983.42053272238
145062.96019685647
145081.35950149634
145158.35894589208
145180.08289209075
145258.65299479733
145377.46140395728
145482.04875093547
145529.99146562963
145565.1213756679
145600.722603314
145720.95078921498
145766.85377485934
145825.17383049813
145837.12717150827
145846.42881343974
145880.05242462317
145891.6497760304
145974.00272429042
146069.42135077206
146091.83077969067
146119.2949391994
146215.98773381684
146255.34006686063
146277.08821046696
146366.15898987252
146366.18183778107
146406.8704483041
146417.735403817
146435.40431526458
146492.54569718055
146540.684763391
146694.10718781804
146782.28474278483
146795.0412511252
146806.3333526017
146843.86318230495
147076.68046080062
147078.7287747061
147095.0206176755
147167.63094555808
147179.07109394314
147301.1931090852
147321.49018583054
147342.29983293306
147386.82357633018
147425.2674333903
147482.76951861446
147519.19360427491
147549.12684221347
147560.38884852914
147661.48239031728
147664.09434453122
147673.84298555617
147715.06823043126
147723.04201439585
147779.3019751162
147782.51399372227
147785.0095819803
147799.5993180657
147886.0132241098
147959.01034207921
147973.03949767185
148000.30973337748
148199.37106836538
148275.66609349265
148371.75726943323
148418.0286057365
148421.74791604868
148430.76397239408
148489.17839742798
148571.52303055077
148609.5131581613
148623.0532057309
148697.30629151379
148699.2318119668
148734.73450252085
148761.74084804647
148812.4686687236
148872.484620238
148910.05674188846
149070.7366382957
149129.9922923781
149134.5451371679
149173.43527138335
149194.7734744937
149254.4074307541
149294.32813978352
149313.26303450472
149459.2502779464
149518.87961369962
149564.68391661774
149640.2128492532
149677.5681869638
149764.57570220082
149802.70645167885
149884.73819527836
149924.17755552742
149926.49112634704
149948.68671306592
149990.42665284546
150012.51895613148
150075.49740160332
150089.10009545725
150278.7288949092
150435.2353847859
150534.6806093683
150565.62637378208
150665.34151974609
150724.79156160902
150738.54896632017
150869.37440809066
150897.94851410453
150979.04326391072
151116.12785921176
151118.33118491436
151128.79917096306
151171.63179363153
151174.183292459
151197.04608212397
151201.08742004374
151229.089050011
151232.61043839488
151277.62060716236
151300.07318267704
151418.89070627454
152914.9796784288
153042.63881836395
155044.29962049035
155073.47589685756
156814.64024094894
157294.60595964245
158764.45125062857
158868.6889484438
160054.80880650046
161253.84776482737
161900.7229607741
162018.59649894954
163083.00233218534
163985.37042043766
165364.2380029626
165798.59730253942
166713.16155940603
171108.08346727162
171632.29468529773
172022.16213336604
174107.88897874663
175321.49798056355
175381.8998918999
177332.19149976628
177812.63264521453
179371.93464594765
179868.63646535113
179882.66891299532
179913.87700844547
179938.62322412033
180005.25184875997
180009.03145817207
180103.03741013873
180109.51689776825
180164.55976226472
180290.73814989097
180308.32202154447
180381.5266438059
180452.92561966748
180682.5106476657
180770.6776261654
180791.65357734798
180986.32600569676
181027.8267568152
181088.86767282357
181146.94204623325
181170.37520003947
181171.05918237136
181209.49105505113
181232.27358160063
181310.88758537456
181341.92503808203
181386.55429547405
181468.63645720357
181477.29313319403
181502.50486900433
181528.70687918444
181553.83234783894
181595.19221926096
181645.42325232734
181749.2055566143
181752.7276403922
181798.22168316954
181957.99672944343
182028.40358412158
182040.2840264129
182049.4042492911
182059.74711092957
182138.24853769396
182170.1122343892
182260.97758112775
182324.06603097232
182368.58814407824
182378.54078946775
182394.83600867016
182403.73189552632
182425.02461094054
182443.94489424193
182508.32127695327
182526.22375841608
182549.0050706165
182565.12255755466
182580.79949624432
182592.42379174725
182710.13467344485
182730.4239282773
182731.20599746582
182807.29717489344
182926.09031945496
182958.47613543636
183031.68414419127
183053.95454222994
183193.4600033481
183239.43154450663
183371.7424592632
183380.62932207488
183435.34119659336
183448.84007875706
183481.32072821973
183502.10666203423
183527.33559088138
183618.34318390163
183651.2869129622
183656.15056033395
183710.11523754316
183872.1429222841
183879.66196144276
183951.41970424267
183962.23307192093
183970.4328837804
183988.91674301962
183992.89061758103
183998.97654125048
184005.72416851803
184038.7984831525
184089.58622696024
184196.63574197222
184327.90226673163
184408.5951044928
184411.1964361789
184518.69354197674
184592.6716670942
184594.51112578326
184626.41428861296
184642.53450448305
184701.18628795075
184742.77559965747
184794.80490363744
184798.41718081394
184899.10619608633
184943.9571518037
185013.80469399455
185029.73981706396
185171.8973290001
185189.26549359874
185190.28177453496
185214.0316687101
185272.33805316556
185317.5464951948
185390.22320469766
185410.8670964462
185570.1648312146
185637.13229033342
185681.26737067633
185687.6064882719
185783.9798644221
185908.9479299739
185940.15176423773
186004.16195446148
186174.68470362967
186348.3517716056
186481.61426779933
186520.620182987
186555.160558816
186583.3624426405
186682.64627329312
186700.76067153024
186731.76937291637
186789.30164847456
186809.77595464868
186818.76055216158
186840.19321777
186871.2400982592
186965.12438914517
186970.66540834575
187067.5580880461
187074.01651683258
187087.84107603
187089.60489274253
187106.66939836644
187146.62075138063
187273.38536728141
187349.12213088977
187423.32300051927
187463.12270017716
187516.8628879115
187563.53685331455
187613.66054738563
187630.1403763005
187634.01939941227
187649.5595204677
187652.45947043985
187660.6671076185
187754.43854894373
187822.27065934538
187918.38821558177
187943.88391895907
188025.21783961245
188028.425222595
188087.40882088197
188122.10355204376
188199.9642314537
188220.4945048954
188356.50365881488
188371.49684785827
188371.62326884354
188516.26982736908
188525.537425131
188581.56628501427
188625.09449020712
188646.80771001507
188661.27785272436
188817.15616404277
188941.23935707405
188947.98676469052
189048.31397668654
189179.23683131492
189243.70255566487
189324.74094022973
189473.98921778984
189538.69102116232
189568.21027600334
189582.9709540236
189605.79235616227
189886.0977923223
189951.5775885954
190102.9642930479
190197.65874734396
190276.93804494903
190334.64586838224
190341.68520201728
190353.14051110306
190379.4201180063
190401.7337430682
190421.980494958
190443.00104311618
190450.4755046049
190485.57153156627
190501.6618355745
190505.61676673824
190590.85329292357
190593.7862585362
190665.0382369347
190713.46935507652
190718.2211445974
190843.50036072158
190844.80299930664
190921.45454175555
190927.8278989318
190975.63787118558
190983.64572580927
191000.13649950502
191073.73078972095
191074.8095614106
191075.69726484639
191091.53150755723
191168.5872126035
191191.39489580752
191229.52653235846
191277.4759045131
191376.85383775586
191422.6648384827
191457.7498605621
191570.5446363727
191661.17679080248
191678.29729852136
191702.2392439572
191731.7751903708
191945.13703154566
192037.70777330978
192132.96358921775
192178.76401637314
192181.50258407532
192255.89767681237
192266.89195924232
192429.3020347959
192537.38727178937
192582.464643181
192594.74245156854
192605.4846468996
192624.516892982
192631.25611217011
192635.5882587095
192657.9391479579
192675.55987006123
192764.43643275136
192772.94904939213
192936.61516038515
192978.2986462814
193130.71068336733
193167.73592305268
193331.53032208176
193377.0587810453
193431.22731405892
193455.831252038
193547.6948500157
193582.5427510711
193615.6531604422
193662.852503278
193711.4688569301
193885.45844595126
193996.42543095595
194108.50536134967
194118.9684757827
194284.97921388532
194445.6167340389
194690.1231172291
194845.83874293638
196631.56170270292
196993.44149058778
197770.57041060724
197984.1602138094
198216.47498116255
198570.2554043508
198733.37268648078
198912.34807592686
199351.40955810735
199435.83678282652
199866.91309631197
200072.98399571763
200104.01914834202
200351.84722653506
200398.20897292957
200487.18697009058
200488.72636857812
200558.6810737885
200604.50850227568
200667.0612233866
200719.8658613308
200879.51708064735
200961.37983318535
201001.45978952
201044.94114687163
201055.19349087792
201101.15006792912
201150.72054086896
201186.80498114543
202180.83941687414
202485.40714395425
202548.13197881798
202817.15487232993
203789.17454536277
204255.61526732575
204939.5382537847
205030.09233091492
205210.3067064997
205294.9796552672
205404.89227387973
205439.30849445213
205441.99762952476
205546.1409399117
205685.69881057675
205802.29017602542
206008.6630865285
206057.39233282558
206108.13904260995
206318.70251243757
206332.19820422234
206377.77237733116
206405.0716854514
206434.99966275398
206495.31583285183
206509.5794277119
206593.5174747238
206618.69400228007
206666.36963950354
206738.0712544447
206756.9248654109
207052.59515791654
207163.8987004317
207251.699615241
207275.8232688898
207510.47550731403
207535.21526487634
207543.76790660166
207638.46721172487
207646.85180106713
207714.1183529248
207742.97172449078
208021.01139990083
208096.2833482541
208149.50691445652
208200.54016314668
208308.18606362707
208408.64116741534
208428.23058381857
208506.7510553283
208767.0371715599
208781.7775376305
208872.1352267162
208879.98777305326
208910.04518885972
209036.12899253564
209199.67972493696
209278.3368192492
209289.61335199172
209298.79419086658
209339.61569928433
209362.19316896616
209522.74450554766
209534.4079688382
209578.16931693724
209869.66587708407
209904.25922363444
209918.30305297283
210081.99667981232
210120.71175908996
210178.20791224626
210286.21014971906
210365.5948770982
210397.99292833434
210447.33740092732
210467.2666324802
210588.07380489242
210714.29987142302
210745.89618415048
210881.42032203524
211032.4744105634
211063.6270596486
211155.53696764098
211164.39235674505
211168.09334777415
211240.3690533776
211250.75761987932
211403.01783902623
211412.697351601
211522.76684848513
211589.72084958272
211619.35718417805
211979.08930183202
212022.46182164724
212237.34553169186
212464.90200762043
212471.61801886137
212501.97768723193
212515.3179004265
212558.27089646502
212605.3737133312
212639.04267357837
212680.67721083367
212747.2509667381
212762.53906543631
212802.2478544811
212849.35472297668
212849.91096830237
212903.58004040451
212914.52327304287
212952.3729557239
212961.40753937143
212973.92828391187
212981.87081847058
213191.44318963782
213191.93363792292
213246.28406186323
213315.49005289844
213319.9440386778
213384.11069561346
213434.00657547003
213449.46205935633
213538.82767871823
213579.83042330632
213586.34994461903
213587.78141780294
213605.9280780594
213730.71768037404
213764.6597808016
213784.42605332923
213821.15440288052
213830.30013077776
213949.21774473996
213956.9185095253
213966.17347108183
214066.3820332134
214104.3247599483
214108.70200381207
214123.89504187836
214170.5743923647
214184.10716630946
214326.76488108662
214381.9587657142
214390.8316204959
214457.24195262042
214580.82406543952
214598.85472535863
214693.96567404945
214743.16895676294
214821.49805253642
214826.2899284003
214851.6582059519
214921.35991252694
214960.66866638375
215048.65073522888
215049.6096184136
215070.93666828866
215095.724166435
215143.55568890163
215170.04460543793
215190.6647253639
215196.91737429833
215207.83949587354
215320.0727536655
215348.66834089853
215515.3130290255
215530.76901161287
215760.5658676007
215890.90635197796
215912.47719273416
216074.5474303493
216138.46983325027
216338.2623784104
216438.7348510487
216447.95074244484
216535.50903759155
216576.92638586884
216614.65483670557
216628.36217392754
216708.16156881285
216735.92782086987
216779.00986912491
216998.65019878844
217002.38546069578
217041.25617067295
217087.96243682015
217104.23041587707
217162.747864277
217170.81215210885
217187.19535158115
217192.6437573836
217242.94837019808
217256.70288896258
217276.431110424
217426.2871484597
217441.6237114498
217555.14078243537
217578.5101704667
217618.38322824796
217641.34592074036
217658.52010630813
217659.6095033677
217665.59926072325
217681.88649356778
217732.75704880565
217742.74271314626
217917.85018898538
217946.56592286698
218060.43457275064
218070.4980471551
218100.85572168854
218319.2339526334
218324.93628293896
218364.58349246526
218422.03935850543
218482.47379823818
218568.26191663372
218579.04772435274
218581.38286035162
218592.78696949323
218672.21599641602
218677.65617474852
218754.27758586092
218767.32175798263
218844.74672253747
218868.93969630543
218930.08627390495
218965.30222244555
219027.94155445084
219028.8017740858
219046.34011549718
219109.52537851725
219111.8141599174
219178.7979882716
219204.62962471737
219313.60146244575
219522.91268725865
219552.208241129
219568.5969231441
219622.5192886976
219757.8810392145
219761.78604268213
219821.3327396152
219824.486596775
219926.9900056029
219941.59716118366
220008.00779384462
220070.21263060885
220140.17181553488
220200.9509428853
220225.22674823532
220241.8383955654
220271.9437425658
220308.08870766236
220373.02253295225
220406.2696990057
220412.117734869
220511.37943534768
220627.57619662225
220647.1551502163
220710.99965297317
220842.30447538826
220882.1496120965
220987.9051829997
221019.15424629074
221182.12589205263
221195.7632881383
221222.15532809397
221246.11352081425
221252.11269488564
221349.44705239925
221529.31220863728
221804.94331741778
222102.26512682735
222179.14775175584
222202.0610648431
222237.0733862831
222271.5252930602
222326.0062069428
222389.76528881968
222462.37965827275
222717.46025191504
222724.50742277104
222730.79448158163
222736.07156979525
222861.66365122047
222940.02986796005
222979.52303978702
223000.5482387602
223001.56485705642
223100.293001828
223126.1308864394
223217.48636613446
223256.3004968255
223261.75550211585
223287.4840163886
223292.78908660624
223298.1200990192
223305.3795304574
223400.96922977292
223580.91895225126
223630.86772338836
223635.0628219025
223642.91912568576
223679.86964421347
223893.46570741897
223944.8538671084
224017.0810000231
224042.4896546868
224066.3935470786
224139.95865555046
224199.8301526652
224219.1180178268
224227.75098995373
224300.84382545465
224327.74196330953
224363.17513025558
224368.09310332825
224417.0076889373
224527.5785908315
224660.68224371114
224773.97354922755
224818.5478097223
224923.3036359221
224940.28622132252
224956.55148114875
225087.16975541052
225098.8133916708
225101.6858900433
225190.44973102686
225302.01947786816
225399.35217260776
225410.89506347608
225475.63497905686
225581.35931139463
225719.22694883804
225837.70124044144
225839.72506980386
225952.95697596265
225998.88009455544
226082.57532324886
226138.8708487281
226175.18023493534
226182.53647641564
226205.383908468
226408.56282901863
226410.6067363882
226438.50429658924
226469.9180396871
226531.71694610312
226536.98848176922
226542.55085788658
226647.09286175627
226664.80348563206
226666.68057083516
226767.24799935188
226769.901472303
226816.30594724818
226833.18635897612
226849.42223809514
226850.4637775296
226876.46885171562
226913.2891267839
227010.57596408215
227052.5183649969
227077.2476110128
227094.57176716722
227208.63966504193
227299.14983545948
227300.63483958784
227386.9157973325
227532.23045588605
227561.5407696975
227647.11751280565
227653.02482167963
227668.02603326555
227710.33020912213
227756.98619394915
227800.34012388595
227813.8790000959
227863.1012196071
227892.59451213203
227924.85107757628
227935.482373799
228012.02506223513
228038.0661358855
228046.65499456378
228123.1470225268
228173.74890231376
228177.4208455256
228240.30135207035
228305.25510268792
228381.3306428475
228422.00648132074
228534.2252456174
228567.42820170883
228571.40917499902
228601.38548447107
228637.47789537578
228640.5851283988
228652.9857590056
228675.14253337978
228690.45366510533
228711.1988807354
228751.97699014962
228840.30331953682
228870.07691510028
228904.1132452609
229019.39784395837
229085.93542397875
229180.82094647686
229205.36281555885
229222.19908069063
229275.54337151538
229365.58395759322
229424.2173426322
229479.88209527847
229492.30890216032
229570.8820728407
229600.39962068832
229758.10107170118
229773.9143945319
229852.06630627072
229883.20700232705
230001.22221399817
230065.8819363705
230317.8079070713
230350.91542315166
230381.81420135338
230406.3679145065
230435.81206236625
230437.54188817073
230448.99725356625
230536.82095865297
230644.5177421696
230739.57154247197
230858.38845188735
230873.80036279644
230893.28893127313
230896.43656093162
230940.46920660738
231027.57061449534
231130.36706378363
231286.23211059638
231352.95380078824
231359.0162704296
231419.84512643947
231422.58323341038
231430.69471688787
231569.39741523375
231749.05731056666
231810.21222010156
231822.87315179085
231843.77186465307
231975.82224973984
231986.58224833163
232164.92782372754
232221.08945949905
232338.27442495234
232434.30198710127
232477.2938551427
232541.75130755347
232677.02825079326
232738.359250434
232762.2156059168
232776.54456679508
232789.18860136386
232820.7640907509
232943.9631668808
232954.20081731555
233071.19777377642
233288.85816928852
233397.25622389815
233465.06418264227
233570.7687148613
233609.75517894042
233726.60748600477
233815.64884352652
233950.15658974473
233968.7659511133
233970.31308987574
234076.0627051804
234107.90335406887
234282.1958554506
234307.01841996436
234340.98124247248
234344.54875208106
234356.03190539218
234408.89356536377
234570.45477592136
234601.45772723868
234783.63120515028
234845.95133970986
234893.22265700295
234968.56824002275
234971.0242855103
235004.83132084744
235133.5634997457
235210.48241956838
235238.24178640574
235287.55367150207
235319.3327681432
235332.17135541845
235362.0840709274
235422.2217870492
235550.86218188726
235560.3462664035
235661.23505999445
235722.6832583271
235832.38792643358
235991.07424577436
236050.81588826317
236081.63322317135
236096.56461289205
236153.28713316738
236157.41595370744
236238.76586064906
236318.9554192985
236333.88985693242
236343.85195232264
236435.41365568608
236445.371902717
236547.04384908368
236560.5621522952
236583.35547316057
236593.78182840836
236691.71110789556
236713.5165459675
236792.15934490357
236869.51092120656
237196.69573873506
237208.3419689929
237318.92597938955
237344.6224581561
237412.5730944808
237488.01752542218
237578.11783494274
237640.40942219782
237643.016481555
237663.31527829927
237700.66318693612
237716.7829238129
237725.11477667183
237754.86788997956
237776.32286109848
240507.37038463884
240966.11024462146
243566.40979016604
244901.51109131827
244915.48920039024
246499.44092584378
246611.05559851465
247327.30138598982
247416.13615763077
247976.50945929255
248965.93567329133
250090.72202857598
250854.89103777168
251155.34333149172
251486.4504564606
253676.41137619998
256329.94413977826
256720.1519386626
256958.25270038942
257440.9261717963
258024.52259944775
