295.47931950629027
1069.536975289566
1550.5436851729003
1833.342896609324
3497.616252605333
3540.4916073112827
3752.0552168849617
3795.286542098212
5132.468675583404
5134.824474067059
6347.934218520172
7135.085460681264
7141.5990084671175
7144.753211662273
7161.313753564408
7181.716751007888
7182.718062025752
7343.070444071002
7390.70489544202
7441.458256456848
7472.473151552816
7478.741766494331
7488.046682514648
7506.127270767755
7507.138059224495
7546.6031636036505
7547.867902245811
7561.564053752728
7642.559467950425
7657.203381614723
7714.5868654134065
7737.722333582166
7757.475841985072
7781.797143530299
7795.57400565093
7860.85656795069
7861.276592218211
7876.936041410956
7890.623779670349
7895.350998688072
7899.588772288969
7899.722170230626
7932.1636324177225
7994.215061054511
8002.583638817868
8008.647785594966
8011.004897597068
8053.972949795214
8101.109132151166
8159.063572520917
8182.333186307266
8185.907537214645
8199.59740281478
8223.85871703891
8285.253405000738
8306.63825192242
8319.058673892676
8326.823835931667
8341.886517497043
8358.9945630502
8377.458056145186
8424.236802755211
8427.7410481886
8500.119460256601
8562.717021793815
8564.75402359785
8574.523556436732
8616.359896693937
8617.00127965337
8641.380584824208
8691.194598340511
8700.123163105824
8802.73180805121
8815.622158780083
8893.557902817423
8949.430249975727
8981.652266754407
8984.850785664183
8989.730432022605
9002.215636242905
9019.009429573976
9034.19186415168
9053.83864564908
9073.111091244726
9108.803733356257
9122.093928018494
9126.942655176486
9138.004807674468
9153.465967433845
9215.74587563048
9292.96474844513
9308.47025892981
9339.480068956167
9348.399917036333
9371.00681032146
9420.55663860959
9432.874129019598
9446.735910370287
9487.541406328168
9506.174553700135
9551.461386295714
9568.713622782083
9570.965388411276
9577.777125740806
9602.594305889703
9608.786554767197
9615.021589333594
9617.912497657644
9623.805603876628
9627.557900839522
9643.078893226813
9644.84066515438
9708.073129315095
9715.055152495517
9729.34395066567
9771.435410949578
9807.772574746388
9925.947912977375
9928.57760395747
9953.86706313863
10023.856339780512
10028.014922645067
10029.97606384612
10048.642603318882
10179.09706649647
10219.686164165381
10226.045826890033
10265.724731457454
10277.256283252278
10293.092769516816
10301.723079343725
10303.440607620003
10323.393927373987
10345.814453145094
10377.582745203288
10382.832269600392
10392.176435116153
10425.232859967748
10449.539559839272
10457.363405338114
10525.738262775445
10596.143188857839
10608.283792828019
10623.731363316896
10634.871398449817
10646.146394089188
10698.822512982615
10723.394833573211
10740.632657471608
10753.988782372671
10814.47029860131
10828.583873937321
10939.497563681849
11003.681829013445
11004.120519435057
11051.772607916939
11064.07005033602
11071.324746610302
11079.59640631119
11174.787079893578
11196.698812946803
11242.59054771459
11262.746687053139
11271.962911136345
11282.49707582219
11310.52209201926
11345.807825738224
11352.148237543719
11413.042062722849
11441.076226261124
11485.64672805684
11490.919736993517
11504.63192327531
11507.888488130877
11511.046388250605
11527.331086546865
11530.414901998192
11550.007243644137
11591.765830584485
11596.875176825806
11661.832767138767
11685.683235371274
11690.174927145248
11710.331732694918
11743.789701547437
11756.806180992675
11767.364755396025
11787.63010638343
11789.601646123996
11842.580927212877
11870.370837314522
11880.191162695934
11903.280828975461
11905.986008049507
11912.353976819242
11950.339276475592
11951.029454896707
11983.93320963181
12030.432240413038
12050.942928750224
12100.290099610313
12100.727209038278
12109.97470298577
12116.106142078677
12170.989854870197
12265.847419675347
12298.162013575653
12309.56297169093
12324.67400666295
12361.20583595086
12400.715517998286
12466.815650025781
12475.181636176902
12509.524762690522
12549.771484447916
12577.066259212588
12589.24534328755
12591.492765796123
12621.577217065402
12653.797114342447
12708.467329688485
12726.364697825507
12836.82967166228
12875.28035173944
12884.229426626776
12895.342985346384
12971.250786302859
12990.87039754799
12997.439545142648
13023.308596954073
13047.975872995263
13052.124527285594
13060.459891795128
13102.057713334949
13115.662437541729
13143.545997982672
13243.346234082912
13265.70392496551
13281.56890200934
13287.987856265285
13292.650828716658
13304.526689807855
13311.096427390652
13441.181997540018
13442.726561472406
13447.931174478857
13457.402274911268
13473.066863913225
13477.045252906659
14030.778514926407
14665.998124466181
14769.770089562558
15605.150641587426
16072.238435875457
16160.624947770022
16303.043055116827
16578.908484147545
17483.70463805783
17798.1633031953
17885.50794679585
18153.54410676046
18636.458071957
18996.3581705978
20812.44568274096
21125.01176230042
22221.400565196556
23871.821640529542
23982.535225423286
28735.348505947804
30022.845778822488
30307.648093922602
32108.039496369944
32243.352947811392
33332.45371966306
33335.39954554422
33336.051193940446
33357.770491869574
33368.14686006874
33375.95532182893
33382.57887223314
33395.8510522938
33396.95088879439
33416.112887859534
33418.946873614506
33421.39305397664
33427.72024112118
33444.71764040635
33455.50141047205
33465.500223171395
33468.23681887042
33469.1649759085
33478.82614298502
33492.76560695626
33526.26186134734
33535.42902595707
33535.74583282773
33539.32624177811
33542.778490180885
33546.11347204251
33553.901084266894
33561.10742363773
33578.764417797014
33584.063796081835
33588.98218344378
33599.4738561747
33600.76374508476
33602.28032959943
33606.01550113781
33627.167536800676
33629.09861287934
33629.74596391707
33637.602180279326
33642.512343555914
33660.18784451353
33661.061829349936
33712.07011043447
33713.84967203305
33716.61811193207
33717.965553877184
33719.5702415098
33737.065091925186
33737.1514200986
33740.53911680308
33795.3585849609
33796.664870221815
33802.74027658325
33810.790110222384
33817.43225417979
33842.70627982909
33856.940204223225
33863.34150634302
33864.88403433192
33887.29840148739
33890.301991943816
33891.74484535945
33895.11149155964
33895.45764886094
33907.19336118426
33909.574329435956
33912.17755079602
33912.388424676785
33923.99606000562
33924.09812061033
33939.42525475856
33942.084269850195
33963.506423743645
33980.041718434346
33980.41651447476
33983.558497524085
33989.23997555489
33995.993602826784
33997.20020381891
33998.044342872934
34005.19608094128
34013.98814626024
34017.090189768955
34017.17179997939
34022.55195397102
34035.786952273076
34068.53288064716
34069.725655713155
34070.65078996055
34074.48157471001
34074.828838483816
34077.06149680743
34081.5184141257
34099.757231617354
34117.94701888634
34121.49351645864
34129.26546046373
34129.330126376764
34147.56567517717
34168.17074231953
34170.98960829545
34179.7445165594
34190.678336323486
34199.71344219284
34222.20759145595
34225.087236264386
34232.95741504655
34235.31650955478
34258.20728409108
34260.072897938226
34266.36807361908
34271.03255227041
34276.07975814686
34278.77551828511
34279.745309629376
34301.095599758344
34314.85634640557
34319.20412385495
34323.36346924749
34331.06685511928
34336.314107704355
34345.21829506364
34347.12965366509
34355.27950133395
34402.52414301927
34407.191278191254
34408.671309919315
34409.278819304294
34423.41784588377
34437.552375120606
34451.35138249279
34455.15273330033
34459.37072735024
34466.89208223988
34481.47533820042
34486.07174116107
34499.12495209393
34512.209354586215
34518.578954061995
34523.127218042624
34529.21331225407
34533.72149939047
34549.56824385531
34553.191567877206
34554.823071044484
34555.163535845255
34555.99820751492
34561.43708424522
34566.861159236294
34568.29670787615
34571.49060860009
34593.0746089498
34620.76578014999
34632.26908065003
34632.619181810325
34634.021931810166
34636.23694588429
34636.84012319105
34650.557411497146
34653.31142925891
34657.444970462086
34659.51223287415
34692.6317865649
34697.81682896174
34702.300261820375
34706.33006847216
34713.145617257884
34714.34548716465
34733.89127492283
34737.03656693291
34749.159289497176
34764.71564724652
34814.14141418686
34831.21947129842
34842.556845442836
34843.02447343305
34861.43123324656
34873.12655193659
34878.68048145549
34880.913491086634
34884.87311322501
34891.76488757093
34893.016501709375
34893.47976625877
34902.277904650946
34913.49182020697
34919.4504803753
34919.88682259024
34930.635874939486
34942.35487735409
34956.25332028734
34966.19074806067
34973.152648359115
34975.65769586652
34981.68849830113
34982.47130019814
34983.701058775114
34987.89308017089
34993.04100955812
35020.2215187413
35024.26710316668
35027.56419774633
35034.83451122717
35038.4031085916
35054.17461398155
35055.997620994225
35059.76374771819
35066.03791640435
35070.55392336548
35109.62857273529
35113.478720779094
35124.902829155064
35145.062502722074
35145.54178462348
35145.61226180178
35152.16551344948
35169.76540224627
35173.06583047658
35187.336981959554
35191.936538210735
35198.79129082176
35206.84471112059
35210.99809230837
35221.85406628699
35235.45868287718
35254.75551239278
35261.3524285814
35269.991948577685
35272.31895846378
35281.963719484156
35295.612809011545
35298.43983664715
35308.32848425621
35317.3585412434
35326.16645091499
35327.0078238795
35335.85866506822
35339.72238971641
35368.459960154716
35390.494083727164
35396.41499522662
35401.42423893964
35403.358036287
35414.07206366265
35421.77317858937
35436.09491731263
35437.176845835485
35441.54695318886
35442.184949703915
35443.06269627226
35444.56480813062
35445.5155998545
35456.24409372668
35456.47188825655
35467.37545058992
35468.40661810187
35493.665490826315
35500.82675976558
35506.89796067363
35507.9730800529
35517.22063791235
35518.59267821483
35530.77854380903
35546.09718246207
35558.84889354978
35560.13294943732
35568.72997633267
35579.757419375936
35584.092946036646
35592.499972420104
35609.298100884145
35623.03620023778
35680.64625490879
35693.28144200601
35699.88637776225
35701.61286367687
35706.37803622918
35720.414874672475
35722.01838213141
35722.60988666444
35733.84336248196
35735.6495127833
35755.37218692849
35784.614366476875
35790.88383087176
35793.641372019374
35804.10820037547
35833.571132618155
35834.66295103438
35846.32661479877
35852.80207964267
35854.7487667961
35854.76797466354
35872.434805918
35915.92566332056
35916.89428918784
35919.37962496719
35924.817681969755
35925.69712023123
35931.85533153422
35939.70071374891
35958.979670072324
35967.71060663904
35975.46123038895
35978.86059514395
35979.5438340043
35990.835958262156
35994.86681106833
36025.37675073111
36068.10721899177
36070.86963966184
36074.901124200944
36128.127060125764
36136.99323740855
36150.73931825826
36185.22168919216
36211.92364616644
36249.71840711857
36257.88138764317
36292.94446343503
36332.691964596146
36332.85382996728
36342.17435910922
36345.928820191686
36376.23626940628
36382.96129953536
36384.41210246106
36449.188885295735
36452.706398848786
36460.68154271499
36474.88270344993
36501.56325092932
36506.552859324314
36508.57642793507
36516.31416481512
36518.68061301501
36523.43590821779
36558.18059175269
36563.33835672416
36582.39563705864
36587.24164897417
36598.31743828515
36615.87529862466
36620.0736509226
36625.126298240255
36666.31225602727
36674.056034464535
36680.92441461127
36702.37228789278
36711.310586991065
36713.388888688765
36714.62739973558
36722.239743677164
36727.66583679388
36733.52416713002
36736.28927383903
36736.893925267526
36759.92691676388
36766.713761105704
36837.29210851968
36857.42133233431
36858.01856963871
36859.74401352837
36868.46378908038
36893.28595982075
36919.05569182053
36921.820035236255
36935.981813408325
36958.193262418936
36968.997082872964
36979.61717777887
36987.34837305205
36996.21697927375
37049.83565933083
37083.11957780991
37089.79291792726
37097.7115585018
37123.49350633522
37144.78835420332
37145.82146227543
37154.080814622124
37155.99929475976
37164.01158136684
37191.091460113654
37220.99890777884
37237.387197846074
37357.90887761596
37359.323635040455
37379.762398379644
37383.79489097252
37383.960090256456
37386.44907766296
37453.594890726534
37465.320179436705
37475.06318042248
37491.35531483392
37504.20160994409
37523.91128175094
37543.20243173943
37633.87012462868
37683.34033428471
37744.20860055699
37748.149156640604
37759.81177218713
37770.66401780382
37772.44224250345
37775.570433647656
37794.75866819323
37830.78789295423
37847.4429861596
37849.800477120196
37862.96014119171
37879.16241147929
37887.34494673077
37905.963086342505
37919.840109915516
37922.265415352005
38119.315003210126
38151.39299465502
38178.0533426814
38186.37943416158
38229.162593415465
38263.84798238285
38276.670755009196
38335.25851969508
38354.71502944542
38366.00989235706
38366.40400200843
38417.836124438065
38424.973797397535
38440.82503646133
38449.82603555627
38477.010172104565
38478.06506545599
38498.07014498271
38501.38875718339
38506.47373933198
38561.44304431551
38574.92983001615
38603.55853767315
38636.39488991135
38654.870747136236
38666.594366487014
38692.57359228458
38716.009895430674
38745.46786750436
38753.46879973756
38791.259459861765
38836.11775910139
38864.89037997326
38868.97211491768
38889.12061853749
38893.96964323774
38915.808464547605
38982.94118664161
39009.521535677195
39047.70938283874
39112.39457318219
39113.816742227915
39146.73702215815
39158.84218563615
39179.77018354883
39244.860307015944
39251.30281719647
39252.531117583574
39267.29460268711
39303.82057743082
39415.844018078766
39440.23714632464
39451.70109452976
39487.58156961006
39565.58075824716
39589.669164122715
39633.48723974419
39648.071649838195
39721.672576454956
39725.11689778143
39732.21977286772
39759.09400894295
39762.79841303195
39770.15414814774
39775.4119169362
39811.67779597674
39844.63320874291
39857.48708078357
39940.48917130499
39949.28759255103
39963.49813158182
40015.225169550344
41634.38515670951
49587.095329436765
49661.44159157586
52737.296797143754
55678.5549173654
55781.73429926243
56623.229730735846
57012.64995330043
60168.61690969562
60189.498820478846
60387.8669905864
61046.49579988564
61132.314522083594
61216.44151782386
61784.969056013186
63643.386963759105
63657.825133616774
63693.7182055167
63809.08859120193
64015.24768112651
64589.41069522072
64811.285647434015
65292.41508284756
65390.479306778696
65668.51280814326
66614.15732301981
66875.0137995493
67409.29830154288
67751.98387550804
67800.21975179075
67978.57600199849
67987.54479596669
68008.96888150935
68114.22387340036
68344.88555370425
68625.4803708509
68692.11765587906
69013.55432805524
69243.04594536558
69480.7796756924
69645.83612492983
70800.55899598895
71025.19737280758
71461.72846770805
71754.99413761985
71759.54694732794
72530.16301165454
72589.71478144608
72674.67112193977
73060.94944788977
73064.99239945615
73126.71748729615
73145.54693082524
73549.7961301551
75744.00311495144
75803.8783304271
75857.87984296406
75931.10257536263
75975.70770372896
76261.19095247147
76750.51069798914
78555.31418931123
78586.33381982218
78679.13757850575
79559.01239606003
79916.83268017748
79965.98497620752
80492.63889467089
80821.77495201459
80829.4674171884
81195.66895757789
82221.83555458562
82544.15881492259
83611.45447521214
83870.57748473158
84960.86978727272
85456.51796717195
86318.50608130591
87200.22337857251
87276.73487786605
87854.73377992876
87984.34480080611
88195.55705854877
88243.62350055993
88314.19145171937
88374.85501204825
88944.04029407287
89328.01142820141
89417.3293860418
89650.24733673748
89945.8076982945
90596.83401650315
90846.90820702662
91263.27861462085
92793.36747305946
93038.9733015395
93317.5836644797
93376.30052615641
93490.80271925483
93558.41383278032
93574.12118200847
93669.04941871614
93676.4236540024
93688.68885201916
93691.38883551824
93706.34849240196
93715.95776537734
93721.71832945693
93745.14003455814
93782.4195825767
93791.98976272545
93792.15736015985
93825.61202756512
93861.45744726244
93870.1870492987
93872.91081552462
93896.88751750905
93919.6877162241
93937.08688915212
93941.66295343226
93971.32061027331
93972.5217806252
94007.99739409887
94015.05448949567
94039.33253565533
94046.47238355821
94052.12792585544
94101.04069904599
94101.9007661128
94134.28951690305
94143.95841490888
94144.04960351
94144.14691091127
94149.06600588385
94153.29325895791
94158.67308989418
94178.40884249391
94192.25065240414
94276.61004328646
94283.69855667485
94322.14006068365
94355.50135443745
94385.01246144193
94392.84107614685
94520.96511052652
94558.83448795945
94616.39391118003
94644.38258300873
94648.7885513246
94685.5679707083
94688.94607185674
94723.15017455506
94734.30199434601
94765.17761472182
94788.14288343847
94802.23959389767
94823.00386650085
94828.98974293812
94885.54069468887
94936.1223505281
94947.55269615902
94960.48362296751
94964.65727525203
94966.27451615637
94980.972044349
95017.01936358694
95037.99447845257
95061.19779225053
95062.14931064018
95091.4348152729
95091.53108096923
95126.69448785365
95151.39097268302
95154.17512631834
95156.8605160689
95165.39945463272
95179.58535772571
95282.15687698728
95337.58616912093
95343.88001681476
95404.60059597198
95413.38973101649
95415.25589126308
95417.76689440009
95480.04450916722
95480.45177005487
95494.13302770132
95494.18383185334
95514.53107635054
95533.48158925356
95563.4785300664
95587.52635303493
95622.95343360078
95640.15640338835
95650.23319188243
95705.34984687562
95720.78555086354
95735.96274935595
95769.01196589755
95774.82306417938
95783.50507088705
95805.09633321434
95893.7089711569
95919.42218336204
95990.89593472447
96007.20198187557
96011.54460604946
96024.86676009711
96032.44051596797
96052.21784001474
96098.56865195226
96175.00950339761
96177.29596172055
96242.2173474263
96300.62006092834
96343.98394361969
96358.32996202033
96374.3193820386
96440.15620584675
96461.30180117353
96469.82595982242
96489.17871849675
96498.9705777674
96507.42808916453
96535.74111652905
96544.42203287261
96545.50362497166
96569.19662169422
96593.3125530326
96623.16412121036
96658.27472282876
96670.30804878638
96705.15797223072
96713.52767335442
96722.29561723497
96722.45704165359
96877.31468580775
96925.52354575013
96970.00535982917
97013.69264154074
97046.92865538539
97047.37731534589
97073.3776920405
97099.08299225892
97117.7111940413
97160.4155193622
97232.6132228666
97247.799426029
97249.78857321925
97297.95521281101
97298.5032582955
97321.70160031767
97348.00159498978
97374.46861154615
97375.99376582616
97403.32856296036
97404.46226856679
97435.37651167811
97455.5042620452
97466.40335112454
97473.5011217578
97512.5863121334
97524.4190832348
97540.4478142484
97549.92911793296
97554.00948335724
97616.58145231554
97623.9079991128
97662.20061289758
97689.8602550775
97707.35784990838
97715.74802029884
97722.92405651686
97742.8851524751
97778.31621289293
97780.3814974754
97790.37401525473
97799.85521814933
97822.99465611692
97829.4305730864
97858.89260774442
97861.41691118153
97868.20006755953
97870.80696032119
97873.53609146051
97905.15839918451
97933.71141653057
97955.79196912193
98001.87044791366
98003.19161138154
98008.45848907395
98012.27290597648
98042.4655711393
98061.05902702143
98064.09548892
98107.03048796955
98117.6079674078
98136.66776429469
98179.335651404
98260.34990210288
98293.99839190277
98369.21856945477
98375.24368887166
98383.64744247627
98430.10674677523
98463.51586512936
98483.64373070592
98487.11332008093
98526.68686188982
98631.94006753105
98648.2504839545
98656.52126795007
98662.45691686298
98674.34460646604
98700.11002550005
98717.41267539258
98745.31268902168
98754.57789810753
98764.41844770763
98765.17247987588
98765.25864956698
98809.43841179265
98886.0309384188
98930.83630768902
98973.01577515737
99014.64936048795
99049.04043410196
99120.23132973896
99125.42605650538
99131.8786504711
99155.21230313386
99158.64701569994
99161.91957842695
99206.10127426511
99227.24421645484
99239.48020162748
99261.35949069959
99281.2661350622
99349.3193118859
99423.95517448346
99433.88145764812
99468.15886513321
99498.4515358188
99505.514793167
99509.64141015917
99605.12130827227
99619.85167475064
99636.56579146764
99667.84101454118
99692.94136733188
99696.03621763321
99722.00361429891
99742.12578251373
99757.67261640802
99757.89395200615
99786.0765899787
99786.31378678017
99803.41262771658
99811.92058060886
99812.74332577972
99862.35926167597
99863.50518258469
99887.7694008853
99981.98671553633
100251.0137890314
100811.73336304422
100833.26346404079
101706.98772470262
101750.63291721967
102434.5096704489
102697.64201928988
102837.88088915781
103744.08105578975
103745.35163322701
103815.27343351491
104356.80203890242
104480.87375524317
104756.93548156401
105031.18373479953
105883.61838411339
106055.88302850592
106126.91844720468
106211.29261288079
107046.32335620816
108910.13750005502
109146.35175976901
109216.88402901133
109566.01719844763
109716.32723629559
110046.40040722676
110751.42409641258
111692.33566727173
111847.55738340048
112279.71416599998
113515.54297066099
116961.96697171961
117323.78181644145
117426.94789320286
117548.29250766402
118088.0500144285
118492.58478864325
119048.0452067627
119739.09306434978
119740.35780632886
119745.90199523859
119748.04651839926
119760.76613419074
119766.1417536574
119769.23491416455
119772.1269508925
119775.02936678071
119778.77056113632
119786.41043752237
119788.58597544846
119791.09707030028
119822.96154310761
119846.96407776665
119856.39682857631
119869.5167426996
119879.78726254037
119882.2527169496
119887.14654763276
119887.29732588129
119893.60388877377
119897.6388381528
119919.95401641664
119924.8322314138
119928.21759968073
119934.17504619993
119934.70306247921
119939.89938720941
119943.59242721603
119946.57643065846
119957.66808716534
119971.08894444423
119973.41199495716
119975.23359021374
119978.71674182414
119984.3513161524
119987.5384113806
119990.1690976326
120000.45235810058
120021.67838507115
120030.13327184328
120038.80556249792
120048.55775136121
120056.41848945571
120063.41611832913
120071.05872291408
120073.99215714351
120078.75438748284
120116.60259798124
120125.63880365624
120130.14384925124
120133.10275929366
120143.70538092754
120144.77707482588
120153.62143080414
120158.23804912256
120174.15310106782
120175.4374881023
120175.4979303116
120202.88277882728
120218.82369299661
120246.29909135943
120253.54660816444
120258.474778146
120264.09659256422
120269.88977012005
120276.75593229657
120289.08815555621
120348.05165936527
120351.49499191651
120358.68425232088
120361.20696066022
120366.83123381998
120368.32388099113
120398.3600564964
120421.43313594445
120433.26572179356
120443.1091863364
120458.46425156199
120470.01796539321
120484.18624695326
120490.58056350009
120495.87778691528
120500.84833902848
120509.15511897049
120531.37815480716
120534.43041544032
120540.9622027606
120549.35783340946
120551.7467970316
120563.54149588529
120567.23866736969
120568.3199250368
120572.04346922868
120575.21488492351
120601.36175460654
120624.7307287186
120629.52747597866
120635.06493539177
120638.10699452039
120640.87829258278
120648.09976373019
120656.13482557748
120657.43267445185
120672.93222861037
120690.80310932179
120692.24803129013
120693.95489301221
120694.18438060448
120717.4593816894
120725.29869388997
120727.95568473129
120732.44060550755
120742.09017194386
120743.38697815147
120746.26174200897
120746.63978081776
120756.04088849282
120758.88645759167
120766.47105671385
120767.98831777039
120770.05513636672
120793.03091536163
120794.72076258564
120806.71967296535
120810.00073367852
120812.44404011709
120821.80324167082
120823.66867677541
120835.93139446454
120839.45978616491
120847.59600157215
120852.20768954896
120859.3820716298
120861.12848498282
120862.94544380673
120871.48200159598
120891.9784606655
120893.09559359819
120917.5920269081
120929.04200763733
120952.34853615859
120962.3200254065
120970.27272541044
120975.86782261002
120977.79938808264
120988.05784552378
120991.53446423815
121032.4007018963
121050.74277666153
121058.14193452365
121058.24979027221
121070.55533175846
121074.96397345452
121076.51720590235
121082.28474481814
121082.8473543254
121099.28448213832
121102.976021042
121104.03953314078
121108.3378623861
121113.55188290999
121131.81408872087
121133.48873588993
121136.5637275179
121146.78850547408
121150.78471392873
121153.55855746352
121153.80279255289
121157.68194126934
121162.62888520255
121176.35724762779
121183.1935382351
121184.5199637097
121221.91593716755
121237.23220859937
121245.35531885919
121253.64978414832
121263.79020768096
121274.72392768206
121283.45987644841
121289.22999827714
121293.7649342698
121303.64474946377
121320.96808619738
121328.20076830173
121331.0418679392
121331.5627102417
121337.10362196076
121356.78728482005
121360.62463244895
121367.48993651275
121375.31627011189
121378.07732344877
121380.70240397623
121386.05498699589
121388.91782644902
121404.93536060309
121407.97404627415
121412.81963255373
121419.64327224335
121422.560178389
121428.42610352795
121443.74351507319
121444.88562502805
121449.09561846468
121455.11271033184
121468.41495392218
121472.97403032765
121474.18186484749
121491.44868336312
121492.53527523331
121500.03118283136
121502.99100868398
121514.95116995953
121516.22730013155
121526.2474810188
121530.75331578063
121542.47800330077
121555.21203134861
121565.94778774747
121572.13973001458
121594.56287281755
121600.22302458958
121606.42837805607
121612.38423400623
121627.32409225022
121643.61129997973
121646.19563900822
121651.20406921906
121652.3043410735
121670.64931421421
121678.31703569867
121693.36672863712
121705.73427529869
121711.22547925409
121713.36009967925
121742.58970392519
121745.36686082216
121752.07091962798
121759.62367241594
121763.6291177346
121770.56714466657
121789.46384936092
121810.29778172352
121815.16741300495
121818.89459205946
121823.43428204232
121830.94075191978
121843.6857329855
121846.26605033493
121868.44964711822
121876.34077736577
121897.13286120116
121897.85398911609
121898.8334550577
121913.43510102105
121924.07752665486
121924.10232261717
121925.58153049472
121931.6801862666
121974.39175066793
121986.8518085948
121986.89897475007
121988.37457687492
122004.60667715523
122004.80814086134
122007.93771181602
122009.5983335608
122014.89674784004
122015.27856591264
122023.01559411296
122025.19342470373
122035.41845844664
122038.55642166996
122040.85736974556
122049.73138492854
122054.30465204283
122056.46550089165
122093.50069402879
122095.07680256243
122106.77853359778
122116.0928117008
122118.14425740858
122125.94192213222
122145.9483052947
122147.52104402817
122163.11441793876
122179.305046184
122186.29836540134
122202.98932937076
122207.98053004738
122231.43997988995
122233.11771594113
122245.25182591971
122262.24926680667
122268.11004418496
122298.80956268444
122312.86738696284
122319.77698424376
122330.42006630107
122343.95169154785
122371.6532601805
122380.2018194721
122389.04155490705
122400.15082239032
122424.28245479736
122436.2391361878
122460.74681050504
122462.26456050115
122478.40341427206
122479.42064529576
122534.32293460827
122548.0854016628
122550.36750394996
122561.69395748213
122564.62382150804
122568.69747783475
122580.96525749189
122589.18743999957
122618.76296142818
122620.69003927056
122647.69710797205
122649.47206578555
122653.7738596615
122657.04479221893
122698.01826621426
122705.00143994082
122706.68016468716
122707.50979082531
122799.8202101523
122808.58707629566
122809.91754208796
122811.65680586747
122832.46164368762
122845.29591009041
122849.10826599243
122854.46819229418
122855.96708944983
122867.74343053992
122875.54378493648
122898.36710700692
122931.56245884878
122953.55095204839
122958.66593418148
122964.42139684946
122971.94816461051
122982.89823618476
123066.29000089533
123082.2302527166
123103.26750504781
123105.81422132734
123107.96892923408
123110.86413904538
123131.6641939163
123149.035799186
123163.15076200743
123223.33533443499
123259.31898497313
123265.82867443634
123272.89125698383
123279.61374550746
123289.29689203991
123291.46981295603
123297.3487143498
123304.23655403788
123304.41878368342
123307.67338949996
123342.82894738627
123345.33338838283
123363.22715301275
123399.14815268671
123400.12881871393
123432.44237639473
123471.5580965619
123489.88670264932
123497.78570841852
123509.70096531435
123515.85501226582
123522.38181110751
123537.61653355809
123587.8924739303
123600.23339743583
123613.00875971357
123630.67086541213
123661.7623640326
123695.56590880116
123702.00596651807
123719.48698495814
123750.66049153247
123767.85480227487
123770.19387357625
123803.3288807924
123808.82972351927
123821.45592802332
123822.1449508995
123828.23669789368
123844.7265131839
123853.1494015352
123856.89261458916
123866.95146287524
123897.55674262739
123924.06388778437
123927.62022774747
124003.82255752712
124031.79191297556
124032.2362918487
124046.39451906134
124144.39045934007
124188.76480939721
124202.95963480415
124204.96825154018
124248.2642672837
124254.24635664179
124261.12137006689
124284.48836985877
124286.64165446156
124303.8939533107
124365.86294844776
124376.699941956
124391.38935796829
124417.82857708211
124439.1878015241
124477.43700732994
124482.37070184326
124495.80711527231
124500.48749416348
124519.96301177569
124603.90391041822
124645.77034840462
124646.2509970975
124675.93746499758
124749.24535905477
124762.03785475752
124828.41364275871
124842.8123022618
124854.18517601087
124868.4657901419
124946.72930804579
124988.73613456458
124996.5539358443
125011.75330247007
125024.3133779926
125063.46582162436
125069.81941904078
125097.15436809836
125156.97367839576
125167.77906394714
125187.28715240135
125193.86140783946
125211.52934954941
125225.49132145423
125225.88864952026
125281.8882090269
125312.89678225404
125316.92027466284
125342.6394643381
125366.38446140251
125379.61456562058
125393.503087395
125397.16599748458
125416.99805547393
125420.68303257355
125443.26221240126
125452.5598516246
125498.14389883744
125516.57269169013
125527.81575870483
125542.50506189908
125543.61854400515
125568.35119079624
125625.17780153651
125665.2313060376
125688.58278541258
125718.24341711026
125754.5170729501
125762.58950841292
125774.76563264956
125810.3757077828
125811.84700967095
125839.22166620853
125903.49094519176
125934.40858144783
125987.6091274582
125988.72226748819
126008.60388625329
126071.14960658521
126071.63536099582
126085.95511585305
126091.98250692213
126120.32842597584
126125.71583330761
126130.14969496927
126147.21450688771
126160.45710617182
126225.08447467396
126258.33818216636
126273.20013041864
126333.26525490018
126341.96107809196
126370.89424625089
126375.18747596088
126414.59056303455
126924.61511495463
129144.01064641034
130180.80733453602
132055.33278641835
132415.77674669458
132654.63282625825
133765.48680302923
137006.15629130884
139481.702446322
140276.11802309105
141282.06925022704
142452.17211221665
143921.3151108694
145607.9312446736
145702.5197544688
145932.45126319927
146311.94738279225
146570.8331737778
146580.57308265692
146818.50679236918
147081.67281476333
147357.43492425903
148534.6149228266
149173.31657002313
149213.6218646462
149366.24670751538
149465.93991459225
150733.35098497508
150996.67274364576
151020.96977790815
151710.63455680842
151875.84681905608
152169.93442508316
152286.06297842856
152788.9492527382
152963.94970898615
153688.9873405011
154060.23180080918
154266.43182716804
154499.07701439393
155411.02677718966
156833.82939891014
157025.71154213272
157434.99078529526
157642.01368569373
158310.10412636644
158797.88017188723
158826.09003429668
158879.39162652846
159682.0025148113
159788.415614021
160034.30824788657
160270.98454045458
160850.6336565897
161387.4396558085
161610.444267683
161983.70951972634
162434.81811425672
162581.75539074943
162941.20921208398
163250.0392566573
163515.04145743244
164256.26023563347
164805.76018618973
165068.44731434557
165147.53597179847
165389.08576906822
165550.49856338635
165705.76258874618
166231.10720150976
166602.86733691714
166875.2465161344
167372.25536304145
168253.97688260002
169011.01395590737
169553.61482208662
169606.13074671163
170305.6223262704
170589.52205924445
171150.8592308116
171564.7023811834
172496.09550870594
172565.00623755925
172835.14130951194
173042.76491193892
174557.52225692975
174616.40329468998
174680.86877290238
174837.20098992158
175316.29389991608
175323.64585341333
175462.9679644995
175872.07469982991
176095.05114027596
176116.73203305545
176814.26878491018
177109.47835667126
178859.45372358215
179015.17001828877
179507.9459081472
179723.57072492712
179909.2164126289
179921.06051156155
179952.19626977106
179960.55258929665
180028.58913206478
180037.28826250375
180042.1077158388
180046.17957440144
180107.07630852793
180126.15122665823
180224.19466474155
180259.29674943187
180295.22633491838
180305.61829467746
180311.1511704318
180330.28526793845
180371.64115182954
180376.96066745755
180407.347104974
180426.5408113056
180430.54061931992
180455.77715601074
180498.12825181562
180506.85072254093
180539.07403595143
180576.83015480984
180616.0932088923
180617.5336419056
180660.58677587967
180670.25502211208
180672.5890592184
180750.9486263177
180753.18199940887
180767.88250865426
180778.3312245013
180792.74098960654
180809.03140304357
180810.07085137846
180866.6705068704
180896.30926787833
180957.07251038478
180965.33657694282
181010.59332279436
181014.08684422594
181032.97605642685
181076.26306883065
181098.74298291755
181113.38171079796
181114.26585896403
181135.30386488626
181167.91008914457
181169.09437388973
181234.88338502578
181289.1982745844
181323.73033904913
181347.8907578802
181361.56439416262
181374.4271575643
181374.5464716477
181464.63850303635
181472.8404019645
181533.411781646
181543.5692368609
181609.55935719772
181668.50993044808
181678.96782068876
181690.47766126046
181698.05581679454
181714.9426053648
181765.88453962936
181805.3153383176
181869.02180106324
181885.31582445657
181960.86062906982
182007.90937627567
182062.60896279165
182095.17985509822
182115.8581439317
182161.58058252747
182212.89709319038
182245.95069197044
182314.67519199263
182353.0643937138
182395.93426522752
182438.31425664228
182451.99432534596
182476.3870882299
182505.12820199455
182514.9374271698
182542.1462233965
182544.75427327945
182544.8169552438
182549.7571558423
182564.386810459
182565.4249472109
182568.88453340236
182572.04721818538
182650.86400390833
182703.54429397307
182744.72946089462
182752.63612726855
182764.12138347837
182787.60198070906
182797.8621509505
182859.4328560395
182861.46160368097
182863.92255565646
182864.29436201163
182873.62665658648
182913.59209429115
182996.9919479735
183012.24352833137
183013.75065864416
183017.9844570473
183031.70583304155
183037.70350885566
183067.95356544215
183080.0795365402
183092.35795935034
183097.72410603246
183123.5938110026
183150.16510046337
183158.1695189692
183193.1393282346
183197.93622734607
183223.71476543054
183230.03927577104
183289.95137411638
183297.2144221183
183301.68645843084
183336.2789287306
183354.59908105168
183362.9153525667
183365.86645389243
183378.375297804
183429.0094834802
183429.81997015505
183460.8035166046
183492.46775660038
183494.1863452823
183519.60637616643
183577.09071953048
183615.9127566251
183632.1616807474
183687.63557800217
183830.18643853482
183871.42308048886
183891.33333160047
183896.92744355908
183901.79649740428
183922.44090741276
183924.56788147488
183927.805708642
183957.5013606977
183980.80479814892
184031.81235451275
184036.48893722633
184048.9632676576
184095.94724421925
184116.0520730191
184124.7407110308
184132.68593738915
184151.85349897575
184176.08229269265
184190.88664922526
184205.38082440817
184206.35827176223
184247.7919522877
184249.60435776727
184338.20888200856
184410.85678181436
184485.13609279186
184509.21445722994
184556.16714095642
184600.88978072433
184638.72836577974
184664.7206336341
184682.59234424809
184683.494031952
184706.11159181173
184736.9019217063
184746.07277394878
184750.4128914743
184753.0569536653
184774.98248059262
184780.399398143
184898.34170054828
184900.8214238055
184922.0527806618
184945.81915497256
184964.49238714346
184975.65717159852
184987.8062525147
185013.38082598973
185024.82891719547
185036.7769733616
185040.98813955512
185082.91974005138
185083.97787270226
185088.71516223863
185162.84126702888
185167.8418021711
185275.4251911011
185311.26618061936
185326.82176981593
185347.62517522194
185350.6154315505
185353.98662461728
185356.88997203196
185357.96015609885
185373.21222247457
185530.23575259667
185532.1148252774
185550.81673623057
185582.7868882266
185617.08564570022
185625.1008838038
185646.90037509575
185687.0304602957
185757.5113589096
185795.7397445977
185826.96823354525
185864.997661689
185869.47455460607
185917.39322982673
185945.4961792806
185990.01369217757
186033.2573004915
186072.6595318666
186101.8873876487
186110.29682491982
186146.9568431316
186194.88419033357
186229.55536376822
186243.64605707378
186250.39656706
186255.40643497236
186279.12549348094
186283.40705310795
186589.2183849672
187021.05219728505
187736.91750705507
187864.76828874176
188134.65493516476
188234.9296913285
188457.53169384773
188692.86205349703
189033.38246232495
190217.8816966559
190233.43036397133
190517.8379570651
190615.9913537774
191212.26044342446
191382.3364364957
192340.67263981068
194165.4605960337
194496.08043610872
195185.1494194007
195306.24709463978
195741.44571138787
196851.6301330028
197583.3944856265
199596.98596970193
200301.07724566365
200380.61389424608
200737.8058447178
201191.44999140056
201306.18572243722
202921.86026584046
204006.6510367517
204352.31024743576
206131.63588668098
206135.72678996174
206157.7043002125
206160.27412479685
206167.3875302416
206167.86180538076
206177.60414927232
206188.28753681877
206196.97205681668
206197.1169760154
206207.45721462782
206230.95625673595
206249.87665188883
206256.49954794103
206269.00130631868
206286.1947462135
206289.85619376975
206291.877400686
206300.29676665907
206308.964224495
206327.8012477539
206327.955438115
206340.1776535926
206343.09836121643
206355.90008218927
206360.52199393712
206361.45357636752
206370.7640356304
206408.14534365712
206409.29515696553
206410.71046445673
206416.58930981375
206421.94613543805
206424.00231026902
206432.5034210825
206437.27218682697
206462.57290696847
206463.03531341627
206469.74626805808
206476.257010711
206479.03332428067
206484.67046484957
206488.04815328954
206496.4516100923
206499.63347883488
206508.57735811797
206511.06642857622
206517.05443783515
206522.78946654088
206531.61811978853
206539.71611565724
206540.3934136
206548.99012921852
206553.6930578253
206557.07756633262
206558.23872546756
206560.9310965286
206565.44878968166
206566.82677102054
206578.08052077633
206589.05222884653
206594.44187435805
206599.7554976882
206605.0372327006
206607.54709923005
206618.8939194609
206643.5006458459
206651.59750968154
206651.6943986177
206656.79405771696
206672.21013159349
206684.03182554926
206700.22167589352
206709.9884580137
206712.12197420734
206716.1800337289
206735.35103341576
206776.92394850287
206796.0111157628
206799.64488366115
206811.31542305276
206817.22550141058
206829.45232165686
206832.18858153856
206841.7441864345
206854.04959211175
206859.7635230914
206880.58186221815
206886.34367135222
206895.68293450706
206896.2737109605
206903.95366243643
206907.46908687687
206912.00635419728
206915.25718148192
206931.1634108579
206931.27176937024
206940.50321933892
206972.82037456005
207009.10690607733
207014.27083964788
207027.0376829296
207033.6234922592
207043.02255522428
207044.37295961453
207044.60924294006
207046.7947696606
207061.17848004698
207074.42037129035
207079.36458065055
207085.4021918023
207086.32748330996
207098.4329053244
207099.6791478223
207102.15147959063
207110.52834716532
207119.53635944804
207126.344284605
207131.21549846727
207133.15768424002
207135.84160201985
207137.54628850572
207138.3237141195
207145.13037671728
207146.09117287776
207152.86287160782
207157.24345260527
207163.88839779914
207175.72021998808
207190.95817303195
207195.49740296524
207203.1424324562
207208.61709872202
207225.80002431013
207230.12857565787
207242.58274512156
207247.35709103162
207258.6962979299
207267.00297208634
207292.37425360753
207300.40267953277
207303.24551766991
207304.83378364414
207330.2261381283
207341.06913368762
207348.87722755515
207358.38866852538
207364.1481524355
207364.28305963593
207382.25260870668
207390.95416585036
207397.3624418878
207400.2361285746
207402.06827880192
207403.2562718817
207407.76771601575
207411.8119255626
207412.00416604406
207456.71825068232
207462.26376702214
207462.62879200597
207466.17988644115
207473.69806421403
207485.888636133
207486.8200967544
207492.7876738082
207495.8983362966
207505.5683142361
207523.1610011603
207529.79442885204
207539.03974920054
207546.31334172044
207549.4863903183
207561.89724874814
207566.8475561975
207588.71152974362
207596.45665354125
207598.02654968487
207598.6267863487
207605.96110993696
207613.3470126663
207616.65181451052
207617.09421404646
207621.27264920057
207627.9731713139
207665.6765757971
207672.56700854225
207675.26064721172
207691.14404084248
207702.1467150504
207707.16726177608
207709.39733501416
207719.48423572676
207731.22376425582
207735.12022897933
207739.39103812168
207750.2482321272
207758.2914106035
207760.794224371
207782.25236212183
207789.37338308492
207789.57285585033
207796.15333699985
207801.48315217838
207801.78333327902
207803.22430984714
207807.74953647616
207817.24632328787
207852.08990231587
207861.8705320181
207863.22321545938
207894.39984896587
207897.19818288134
207902.78802755935
207914.27778621568
207921.65721407597
207923.65848599665
207928.3436020333
207932.6830100432
207939.4705789554
207943.9796935948
207955.4101178589
207964.32303625596
207967.1447009174
207968.0813070173
207972.3514963682
207974.0588356622
207991.14777644107
207998.2176476721
208003.44941737683
208026.9507090237
208029.5549367273
208066.29996863485
208066.42962131358
208074.919320604
208084.52706626573
208090.2057120095
208094.9964060823
208095.99400285602
208108.3713503052
208111.6534962639
208113.81944847485
208119.9647597658
208125.19496553493
208128.6888101151
208132.8789570396
208133.84395251732
208146.4998252205
208150.49786654036
208155.84051198035
208164.7669219181
208192.71851114908
208241.48714904493
208252.3767642696
208259.3908397721
208261.80256117764
208271.8920869306
208274.95620852
208295.12622894504
208297.70087242822
208317.2281630651
208329.7475105052
208351.02079850755
208353.07797879388
208371.84413401017
208377.56785496214
208385.992596558
208386.6335937089
208397.14228353614
208402.9157668096
208430.04573465005
208436.58329199598
208443.4837164736
208445.2992982812
208445.86547401483
208448.36060435296
208468.14150629658
208473.27353602438
208473.74540588952
208489.25651192307
208493.46140443877
208498.58261022676
208507.72691975112
208516.89657618507
208518.37129866733
208525.06044642936
208542.07098603118
208546.99068446277
208554.40796581312
208555.33230272424
208564.82737040066
208599.22665191596
208600.42277411243
208615.55234721905
208619.00869618455
208627.42827135723
208642.38122226455
208644.1910456202
208645.19463669969
208653.94218011294
208658.1317603212
208671.92991380632
208717.34925476296
208726.0053721096
208733.45886244095
208734.45750187957
208768.1484147213
208774.64550197247
208779.6892342567
208790.35372885197
208796.7764507386
208815.1818883677
208841.4135843186
208848.46672080562
208876.82551248046
208877.98406536022
208901.67721873266
208906.51119207643
208916.84842263133
208917.98696931047
208962.65718208384
208976.30646211788
209010.16117344657
209017.0193037508
209028.5991465645
209030.51576390074
209045.82801075475
209052.991742354
209081.74218128558
209096.11882866826
209110.57308063627
209115.44517849697
209118.50376318232
209121.74218288437
209135.20404403712
209139.51879784628
209148.7026916124
209150.32215983537
209166.8138722538
209182.1345135304
209187.7008541705
209237.16013262415
209252.12264017237
209285.17588162105
209300.83725713345
209314.10696299444
209323.93661047326
209324.20512076103
209331.3325584603
209345.10104213422
209346.31162166578
209350.56020312122
209358.26194474398
209383.04580665214
209436.5296829954
209443.12803067703
209443.4307916338
209445.5344972416
209446.74988164494
209455.18632255512
209494.67845589702
209495.86292816882
209498.6200573638
209500.05618895212
209501.4157676833
209525.09650756064
209526.51977661013
209532.00413466216
209532.54728143587
209555.2183096226
209591.51491002322
209601.2396875924
209609.61059149174
209623.41591342384
209627.35902146628
209648.59950146778
209708.65774964946
209723.7847623568
209742.5167553289
209751.3445031935
209757.63179138
209779.15797016118
209779.33907462785
209799.43698970793
209819.07043422273
209819.30055472045
209825.95196835033
209839.9007868194
209857.22646203538
209879.60924586173
209882.983352419
209886.42660586096
209889.44219233794
209894.26320325205
209902.43860534925
209902.65303914054
209908.02206865078
209933.43203437002
209980.59450835217
210086.25370667403
210124.68223385763
210144.7880505005
210219.0568703143
210229.39432312004
210281.29446795397
210290.3957764929
210328.96090135834
210340.887386185
210354.8193839608
210363.5218494165
210365.03607851197
210372.0627349984
210398.24488842036
210415.5649330293
210415.92160697715
210489.31157037133
210525.3177125411
210567.09558173583
210578.58078780558
210592.5340973465
210594.2703865516
210595.3602422456
210602.84244056937
210615.33444808106
210626.25685815906
210648.19426338313
210702.66834428703
210710.26375811605
210717.25912986367
210746.55219887386
210746.71961372043
210766.99832143076
210772.8099374831
210792.28577399286
210817.49396987975
210821.09260390775
210838.68483397446
210842.48449608
210917.04194956002
210919.88646786695
210922.99529186473
211041.47041583882
211072.0426509856
211128.74985123205
211153.68678239573
211202.11938990143
211254.75668688625
211270.11184386263
211314.52384455863
211337.36802392875
211354.0022175196
211382.86602049088
211414.7876057866
211424.01471716713
211437.84126642172
211458.7113708884
211473.6518050836
211486.3814668317
211494.1007141364
211512.11423276918
211546.65842962026
211556.33134413295
211565.97369068104
211583.7380869948
211617.516480289
211654.78856909316
211799.1336626954
211832.11800573865
211882.28040180798
211898.13075908687
211904.60597134763
211904.95955225558
211907.30538652814
211926.0447742292
211944.48152757817
211971.31431357207
212015.84791856358
212034.29395853094
212034.35779107703
212053.15993380372
212069.68368883088
212116.6481934513
212131.2901900732
212137.4031452034
212169.44918040634
212200.32400576232
212292.67802824973
212308.16527714906
212324.08143016268
212330.47832050017
212331.6451611906
212366.78985478994
212380.9467985087
212381.4395758155
212406.5332469979
212438.82792337617
212480.60578804425
212495.05657708392
212529.63477229
212546.3381407139
212551.01490115823
212595.65780695155
212606.19860725873
212636.60095202958
212667.98661667344
212706.7322613175
212707.71289090003
212713.68541212432
212716.25562485002
212719.65029028314
212757.2767331694
212761.25560608885
212769.3799761692
212781.32855620974
212792.06248376213
213294.13791394333
214313.39000229465
214537.7700191546
216579.05047069528
217180.2428796355
217268.8048998971
217689.67929383492
217719.94148304465
218904.62463696185
220990.55826965696
221664.3375100305
223240.64644899272
224350.6611600746
225250.8303581238
226044.7690339347
226360.61631941918
227185.5879513012
229526.4996631524
230906.60187787339
231912.3081613439
231956.82327155527
232385.7178588468
232529.0127050784
232861.58166177553
233249.21240850634
234281.7982344401
234590.40871489013
234756.3249650079
234773.9151053987
236115.67263280813
236687.91145044315
236750.7214265645
236945.19543339356
237288.10074112713
237387.80342943012
237468.59136649527
237554.99802200912
237690.72226555482
237762.4609115574
238191.11637190075
238228.51623480485
238317.68702143867
238471.04806854908
238508.15225088692
238940.06877708697
239743.133167629
239822.4589909988
240027.46178363104
240359.02936025203
240413.6104032395
240853.61979421932
240914.09239380388
241047.27100544103
241109.78941305354
241328.8000646758
241896.59722852195
241939.37860199244
242028.03455500392
242120.98360954074
243407.66790352322
243837.8852672446
243972.80726923535
243997.55219790497
245411.10327486385
245612.69307399815
245879.6248963851
245930.98013423802
246359.82915787594
246374.02405038872
246733.22015544417
247068.42480733639
247705.55924834567
247975.61982193723
248230.1725774631
248232.8389227248
249103.1139896931
249255.2291124736
249367.3328131814
249414.63322423847
249705.31293654686
249780.44669440878
249806.2338180413
250908.0999536036
251401.13046692152
251475.2342239538
252394.49313660333
252453.4427664564
252854.75302289677
253215.41183603913
253215.60310658693
253586.0665906598
253837.5384593116
253922.89509701397
254042.91205785642
254164.28976112197
254205.45362918396
254250.421000756
254289.03924878908
254871.06803825102
255500.61352560727
255596.03938979385
256172.38316285878
256227.04465043452
256512.8697529683
256751.66648314742
257088.47701203235
257777.5427823735
258631.78483840916
258736.3706882059
258759.9239623567
