188.46801218241572
784.9959012003794
799.7054114690568
935.4826823022867
959.8940281659212
1075.7122521222175
1271.4123476765546
1375.7937122933304
1647.0819525197448
2216.3566965673963
2269.9191349106204
2304.4242397448165
2768.5790180267927
2928.3097696980635
2942.704667555294
3202.3859315111904
3396.976789570251
3414.135457837504
3554.739019560958
3730.087961485117
3730.82738191029
3739.579824354593
3740.5266321798194
3746.868067221314
3759.1411118211554
3759.999232726735
3796.87689793056
3801.502791539913
3832.2685363437195
3833.364764558629
3836.3070661315137
3836.9361277634002
3846.776126797075
3849.9911138379825
3858.6320214225148
3867.825805469579
3881.1259089459813
3909.914571862894
3911.2125825813414
3925.1799453723434
3941.740033657403
3949.109017656859
3954.1350028726174
3963.393321004931
3965.438805028078
3984.6769718704677
4024.1703522451526
4056.126154261343
4061.4285624957283
4062.3677033829385
4069.771878818129
4081.2450376631605
4090.3356505793386
4131.292541786434
4180.559245030091
4180.999969184377
4229.532567098852
4250.337380135174
4262.079281216387
4270.348193713134
4288.255238043065
4299.682317156859
4303.364497348908
4308.413776796912
4326.174382505117
4336.934587074437
4337.151795251958
4341.253137789946
4378.963024645517
4385.622994190088
4401.920160630007
4402.559536210335
4403.22433517831
4408.651634522436
4413.753171580567
4420.491788860468
4439.720484539111
4446.2774719362305
4449.71773942795
4462.164642282406
4483.4934210344145
4490.101208954513
4515.159707487382
4533.861563637621
4537.59453726622
4549.278145594016
4550.530174370879
4555.822293028391
4556.788384454077
4587.097850588843
4618.742716250121
4662.763114064106
4668.755345112302
4673.160984682976
4704.646056971314
4715.09216824875
4716.463537796833
4733.4424411945965
4763.082349827846
4764.090659596713
4782.998579302356
4786.992280435552
4849.464050675483
4852.792279865675
4866.5273039095355
4874.859584627626
4875.052692228209
4909.3359784618715
4921.539969758766
4929.129910030536
4952.642735716647
4975.171610750958
4978.08597016797
5012.486037213062
5013.198982604895
5019.72804167862
5022.190164831712
5053.834562935656
5060.380107097093
5082.476385988307
5108.360261694389
5116.7018592269915
5155.513306742481
5166.245012530186
5178.253810076828
5188.799771408541
5190.364691585867
5201.347656324412
5220.505174008152
5254.434683593703
5256.687595402568
5259.571702538096
5261.1585782438915
5269.4706162345165
5303.248423642363
5349.738559574636
5353.540920660899
5356.219513664148
5372.562547408499
5380.70059691359
5385.693485088782
5417.129123249966
5418.495433367806
5438.071562179599
5454.026107335025
5455.217234440804
5462.804743222571
5464.600968077105
5470.4099574874335
5485.451899475851
5488.077433560488
5489.847889556275
5500.749562811553
5503.101450771325
5507.206531826977
5508.47134682327
5508.561597363933
5515.448634680947
5524.903420629942
5530.3244919211165
5541.541401432699
5543.492505585511
5545.795295159758
5562.925880002417
5571.348947754076
5579.757222167122
5613.460120566091
5634.769105242455
5639.141456590595
5648.790362085057
5708.03784631972
5735.977809457952
5742.755117911032
5770.164959651257
5785.2685993777495
5801.168024844238
5828.074222288612
5839.493917774411
5843.208993719807
5856.421631156026
5856.8005498482225
5872.624545546423
5885.536633957789
5886.015976941193
5891.135850620622
5912.766995184562
5919.245618787884
5938.67525817635
5944.580112815219
5955.448148193036
5958.4130613413645
5972.806895712415
5979.222411554555
5988.987060427403
5991.215477202474
6024.739341074723
6058.661703002172
6074.985897852668
6105.71327413397
6126.645754819004
6181.836561700389
6198.611006585218
6211.027429192001
6216.120415215031
6217.020007390986
6227.204401126283
6233.478156809839
6241.809333748965
6256.125040948409
6258.963471956111
6297.300807453296
6319.386188082121
6320.394570649032
6327.8177887627835
6331.5590421852585
6333.876455452442
6357.856849720258
6390.262351294653
6393.064896239279
6916.327077624619
7024.537417162349
7120.405067494574
7264.3056363979795
7343.9165869449025
7985.039353769978
8068.519276972837
8146.719025658228
8578.512537415789
8774.09540735466
8779.641266729668
8849.932425043133
8990.579928534311
9431.899348428618
9732.38246677761
10016.214819242166
10366.509726704879
10412.575248960724
10626.674283297996
10667.059149890774
10753.879406751283
10947.000048093712
11112.880407730156
11274.18484016989
11453.478556146762
11468.87493152405
11499.973628251497
11804.82691693155
11808.771287649051
12046.532213344544
12052.943017340354
12208.4240965985
12428.599391218611
12458.991339564433
12514.985368740316
12872.123718948264
12906.072643334202
13179.128108599516
13308.744739916694
13402.985815308706
13482.336933663448
13526.411240936648
13774.528666394039
13913.142142966884
14663.931913326007
14705.49654761526
14862.958871718205
15140.066765555765
15228.709143190608
15352.894424899618
15487.863579839961
15538.375020489924
15670.398092468273
15705.599746914795
15836.728770165537
15877.476859478253
15905.64269888217
16009.63304518949
16467.367818881117
16836.26308568623
16972.155963168894
17259.637920446083
17561.85025758541
17704.690897608594
17934.238516233992
18375.321890689982
18587.23440528109
18735.674914017865
19045.559358825805
19224.17567690245
19286.1258130821
19315.531402482604
19471.959622645034
19868.102885410604
19960.260403953445
19975.006324038943
20079.035690592376
20161.724426695953
20174.95556307252
20193.293677715443
20632.31483745869
20743.601727699264
20776.097448931698
21070.146103975872
21216.093640637537
21938.07038866274
22759.747770535323
22934.75434390875
23028.79826987055
23099.726320507474
23387.147507423695
23499.856550486787
23735.43720490435
23796.870517403375
23945.766370898673
23983.797149494512
24479.71975225323
24540.489054846774
24817.32236329375
24820.876814728803
24876.40510195568
24946.406302856685
24963.562556468143
25003.93634155634
25063.82484595687
25106.943857610702
25248.54826073649
25494.96533472661
25754.824024503374
25773.518418952142
25893.27839848691
25936.017973102393
25999.515994092624
26104.7822694438
26631.955919831016
26856.354274322413
27028.068311614617
27360.6830352756
27473.74779836263
27538.931849945395
27711.366246633635
27732.796265243494
27753.499372471888
27921.368761047597
28058.897802861724
28060.045031360834
28067.112388809725
28262.33177427326
28466.773810558014
28495.662122889724
29066.761682406715
29117.484322660603
29287.406568186398
29699.69683124611
30128.268575556704
30217.710679832984
30276.40588532475
30502.78347624292
30563.73571282185
30581.071400641027
30785.740424986117
30804.697322353837
30892.872372725284
30902.68064380275
30944.303829360626
31159.839061026523
31294.701066270096
31445.26011891855
31515.133806974223
31701.244316150638
31858.21250829167
31880.783974037047
32405.54200718126
33063.829624790145
33154.32682841296
33261.406371471756
33445.3997857554
33470.8338050115
33706.32599922432
33915.5999997814
34005.52153859358
34858.54973603547
34938.11738554575
35160.42137986559
35270.91156905322
35293.224076909755
35298.655353252856
35349.80962662516
35370.14458155451
35499.944654037296
35632.4011607163
35751.12021004451
36041.89815364195
36104.8725230759
36140.38916967392
36200.52423533995
36304.19004840386
36434.24041155022
36867.00123035536
37715.02646147602
37874.009365881684
37900.65131327764
37976.14776084191
38240.95062283929
38560.64988423436
38571.363093589025
38593.74153999263
38924.42351716273
38975.321238603945
39049.47080127322
39050.17389353044
39261.16654898706
39328.10571229261
39334.20877387115
39815.12001871917
39946.078029223674
40166.71862849048
40330.261433501226
40529.9399270832
40597.68773568394
41388.24032222019
41461.03369793128
41471.90804069524
41640.44306221183
41842.597781842036
42542.23854051612
42636.50900863479
42978.0709438192
43043.32758427801
43110.944030568164
43893.88285869281
44120.860379564554
45678.68449192803
47372.64321227323
48302.08348083457
48363.74438762197
50057.673905031654
51468.09896127639
52142.90195412154
53032.767214804066
53068.170992524494
53199.35613000346
53331.05420996422
53359.915369598384
53642.396994836716
53688.041881422025
53750.95012926461
53762.45356401098
53821.74449626348
53868.61635218625
53902.73198276577
53913.60688163587
54029.90049132706
54084.104917334465
54156.193119114716
54203.13963216746
54340.358819757595
54352.50209256678
54368.32596818986
54480.63676358428
54647.5019440298
54714.98588465817
54893.7655227601
54989.624092309314
55028.28656530063
55297.60888736816
55484.68214063356
55703.375958024706
55751.135549736595
55829.92293906429
55842.202440293986
55894.96176281471
55916.41962546758
55982.12409129767
55982.47488548861
56037.914820804916
56069.883994100455
56123.803477733156
56240.591955578646
56272.98197199292
56289.29129966695
56354.78354876847
56399.856138860494
56544.8014969868
56557.079698893656
56676.273990723916
56709.85356235478
56863.850220349756
56888.51372040128
56899.41657208185
56900.1828084438
56903.73589498839
56934.19739015541
56942.31966293193
56962.4764490209
56965.13092317685
56987.02766406319
57041.827471738565
57050.528693743705
57051.0073212647
57142.872833575566
57161.776270399845
57202.51418906752
57235.73504972793
57242.89988286481
57243.520419032095
57258.47520455913
57273.100523483314
57332.990624432015
57463.49508529114
57571.736407976794
57578.326635393576
57619.24513367268
57631.877650566756
57652.87610521814
57676.8288657725
57682.69517041883
57760.525427334935
57777.42095345066
57790.0054577027
57792.717072706466
57804.812209143434
57825.122608855556
57833.258740376055
57837.94791016652
57882.4285409599
57912.64451468046
57950.24709994826
57952.76910143387
57952.855603585434
57988.731058834775
58028.384484992624
58039.582760945596
58064.22971042279
58113.54326101538
58152.22799952988
58156.834625613155
58227.32629141307
58247.71865454534
58304.820559033724
58309.46528837606
58316.880278527555
58341.642008880655
58373.93080143116
58381.21127062038
58433.09520313443
58480.33486855204
58505.81504904761
58522.47540365128
58590.2310497474
58599.08956470679
58665.012285095974
58734.988953134496
58784.585393893714
58826.37269465284
58839.75935658162
58859.54635432377
58871.50246457429
58902.11986682954
58967.82033310408
58995.93680739558
59010.146343154476
59070.94186590316
59083.40224956737
59084.60483450457
59151.587665008716
59152.696603690456
59182.3573137207
59265.12156786368
59379.56022260131
59403.80978284624
59410.76707238019
59442.69025437596
59541.67996759542
59551.05634192048
59566.92424604519
59568.4148937157
59624.51441701227
59636.53575131043
59684.311890704215
59721.19157239895
59780.47025929816
59831.15488468562
59885.54282672938
59886.747491319584
59897.43990853437
59907.46033285497
59963.29857986834
59968.693356000054
59981.81066952633
60035.893449762
60040.55474982016
60094.77534362721
60108.887300297174
60174.13640276431
60244.63447253052
60252.81982572893
60259.49525015542
60261.720270304024
60281.05539967131
60334.90644861576
60365.01351596497
60469.03402674157
60491.5861471341
60498.503041983364
60540.50730582056
60596.71169928074
60624.36372206877
60633.4190291258
60707.70022021126
60739.87697436434
60768.46869099943
60779.907418994524
60794.711023752316
60801.5428424707
60887.04633011413
60933.84067340068
60935.289940005416
60949.85631749865
61014.75268693906
61148.16706338234
61157.993465551626
61168.81639530805
61180.52022849915
61238.14687446277
61244.366970019415
61255.77376123539
61293.90414416037
61296.12836086273
61337.58401233443
61362.37050515549
61412.97956578273
61444.93254486841
61507.60333961866
61514.71456220403
61517.83157208327
61582.87239944156
61588.56477264975
61729.81933791473
61733.86929442803
61744.44221533728
61746.28599823944
61849.47807714157
61871.53701628675
61906.4777416326
61908.84347554815
61931.14623218894
61975.026167113334
62009.94456762613
62011.229707982886
62018.72967819261
62021.44892648769
62027.42855529025
62059.548152443254
62069.93893562583
62088.33751609485
62127.61504141149
62191.87783779087
62233.336393740225
62269.45221703013
62302.65853162538
62337.94582722459
62405.42024630128
62442.249459108745
62459.17081500687
62482.87166509461
62497.71088544098
62509.786965168285
62547.04045472066
62583.61315429833
62610.87726702997
62681.27435214148
62683.7093919465
62693.45988772844
62701.0082660902
62744.66804162271
62760.095131285205
62760.38345590808
62763.40663156745
62764.32837274846
62765.84004425399
62765.89387223709
62768.9674833952
62769.25758338509
62769.43098499922
62769.83814627695
62771.175507655505
62775.393688587916
62776.13987051195
62777.064963026176
62777.57221907375
62777.76132773824
62777.892468970334
62780.46223874722
62781.249527324064
62783.46752236059
62784.121078932156
62785.63665426496
62786.44090432219
62790.1135276892
62790.65686603325
62795.01539478637
62800.16015977382
62801.1725151731
62802.20501742083
62807.50310756907
62809.49419929526
62810.057458688214
62812.43288151441
62812.73030723134
62819.66907967808
62824.65609606741
62826.21855060009
62827.31724531265
62833.15007412761
62835.697725411694
62836.4876522028
62836.970259721
62844.02798007491
62844.81990189775
62851.272106457225
62851.729495700034
62851.83330876972
62854.07743122724
62856.11861120679
62856.98055288616
62857.7896012628
62857.825788611386
62859.75162838666
62862.87232371471
62864.550126888345
62864.889776415424
62867.48298840886
62868.72100721623
62869.68739104262
62870.37207652794
62871.809595669554
62872.708026065106
62875.7146013006
62879.17850419147
62881.633320248395
62886.25791292636
62891.670615431845
62892.35378483353
62892.744021345854
62893.337775212516
62894.85156506849
62896.73221786561
62897.258626845854
62897.62354465093
62899.36025367884
62899.59284741866
62900.915367347174
62904.20322503064
62906.55815985593
62906.83079539118
62906.93972380693
62908.01910323503
62910.64954573943
62915.011976462665
62916.5400521805
62917.37817099622
62917.63254879963
62918.87323333923
62920.31326361838
62923.37024888978
62926.197420783225
62926.38130130676
62928.35272842376
62928.60702913397
62938.75574197056
62945.57853105635
62949.06003804159
62954.40265246104
62954.62372920487
62957.41389515383
62958.633082932116
62958.81165414092
62958.856362269
62960.69520337793
62961.642384873296
62964.22780925058
62966.111948445054
62968.42105350978
62969.86054403228
62971.994494941726
62972.75560416355
62974.59875397243
62976.41038046771
62979.41719582173
62980.93854454473
62983.84803914953
62983.89169452807
62986.66374984171
62989.241867873614
62990.09839047734
62990.46829660805
62992.506208733175
62993.95039731108
62999.07799401147
63000.80386585488
63004.2709603787
63005.09864133296
63006.14417739106
63006.47483353076
64380.3857607067
65311.61696745822
65678.73620368999
66991.85480442975
68744.92896874034
68856.9380173601
69902.96791559168
70449.28714653135
71036.30183512966
71084.85150084247
71534.70592551772
71702.18648968838
71874.49129209956
72492.464781342
72632.78745881174
72790.0182952844
72898.95032903105
73003.17360268984
73270.93975648904
73508.67761871994
73681.60654044966
73917.15729633743
74038.18381676852
74052.47642870162
74113.80992561311
74179.2749268955
74209.52435020123
74230.72770310951
74415.16786819565
74822.77195223013
75214.83560504035
75296.29343372969
75334.3031562991
75520.55445580793
75630.2755604859
75695.4660400708
75817.42421978731
76335.04112671476
77332.43491411646
77340.31355965398
77468.71518858601
77807.84660780642
77849.70763103396
77968.87311806808
78353.31813339738
78410.17352377284
78433.61822725617
78565.84415720808
78683.89321297168
78936.73783254129
79275.1502991218
79961.75673816669
80219.00334991775
80259.6861171529
80534.1391573133
80878.58170168611
81042.96027043775
81298.47123794045
81452.7515499793
81478.5687188629
81529.08588549867
82079.59717681078
82722.81436117596
82869.05598373755
83985.68845458799
84054.84671398012
84065.86930943807
84117.44247410355
84226.30194879143
84430.6387280698
84582.10126404118
84822.20102560901
84823.00924679173
84839.05580952625
84980.35842760318
85189.50417298956
85260.13266362109
85315.74127092752
85527.2698117892
85559.08430317386
85738.23658226071
85985.99061351111
86006.72345665623
86015.23802472204
86526.45503205938
86628.96863635175
86774.50772754887
86944.35372310942
87459.14562404169
87659.72770945064
88171.75255478497
88421.3137701555
88875.85285447934
88936.85010280821
88976.61029444626
89300.78134124189
89663.38295682863
89756.04041956099
89852.64971047855
90098.52918052004
90101.98575626692
90111.8918941945
90135.36102029258
90139.51036811937
90152.63646192942
90155.33266595945
90164.88747338696
90179.24990364668
90197.69370967631
90199.51821832107
90203.03804463385
90211.00932534941
90215.29008765864
90251.71634030632
90265.48067488117
90271.56725618051
90273.12967376616
90281.02887490495
90297.42118368016
90298.60885224285
90303.45886811698
90316.2876297382
90316.7388928994
90317.80795807781
90328.01241225358
90351.87198336955
90362.50295161498
90366.17076500508
90370.7440756704
90386.34685317142
90391.70681621067
90395.17360209713
90395.23783986334
90417.74395414173
90432.78569920138
90435.47196275256
90443.52711255036
90447.66520716154
90468.53461503853
90477.48050841148
90485.26117033801
90485.86221493444
90488.04295002346
90497.8569097071
90514.55508254745
90523.78320215289
90532.83075841158
90548.3217794986
90555.68104493101
90560.43285838541
90585.97512300276
90586.55916865409
90616.87947797893
90625.28073829268
90635.9731258067
90645.48392063462
90651.08336062393
90661.47274365337
90669.70447171628
90673.29614419193
90690.69594649482
90694.46273710922
90695.62758245957
90703.0772612235
90716.7607686721
90721.98363858678
90724.06684236434
90724.90131731554
90732.96986440374
90750.60462702178
90755.19875836704
90793.60792590759
90806.54517606957
90806.79289207775
90843.33050116933
90866.10639760947
90871.19693737384
90898.70321797083
90901.25999017998
90922.5989199224
90927.5562091511
90933.61494212999
90995.08925221942
91018.91549935314
91054.41725003651
91055.7522890774
91069.37768561974
91071.33621535634
91076.39601231203
91109.727893638
91115.95583612395
91176.35306806944
91224.5180935924
91231.89449602446
91254.36843808356
91264.66106484963
91275.95192580143
91287.78505261394
91300.4523617503
91323.78218673336
91374.09452673119
91379.497336174
91396.68898463699
91440.91683876714
91443.12999193749
91447.20969283252
91458.97413412941
91464.39165653233
91481.95351059196
91490.23472574649
91496.57536452978
91501.9024554742
91503.58750615451
91521.99035895924
91538.61849573698
91542.376419415
91559.00946793401
91571.32013379374
91601.43509401413
91601.91531690549
91615.95499770647
91634.35369645726
91641.19033044593
91642.23583023318
91663.83192016419
91687.12186020883
91691.69843927801
91693.00156158784
91709.01058530288
91721.68659715216
91725.50873199059
91738.03046211619
91754.47032526704
91762.54418986017
91767.3067493686
91775.39273809335
91776.30519024072
91809.65177132927
91826.167544511
91830.50471468977
91832.69485872633
91858.92694830219
91863.21013471612
91904.46577290604
91914.35984371265
91925.91622461694
91928.15831789051
91993.19495847585
92003.05803730314
92009.00610827818
92014.59935862118
92055.31538319238
92071.4993471685
92073.54905432047
92074.58681648847
92084.7971943348
92087.6520052118
92112.24004504799
92121.59243125486
92140.81051223078
92149.2159034027
92152.57149109918
92157.32512864054
92162.0745390844
92187.4758707748
92206.42158369215
92254.72726668979
92254.83456678134
92275.37593989637
92279.9745449898
92289.19958056785
92319.9892393602
92325.55482180427
92330.54865779112
92340.48917030706
92353.02540111136
92364.54831580103
92394.13180518476
92398.44235305046
92426.16630004245
92441.74421684306
92450.25887153264
92455.00848471669
92465.47633713648
92481.0920461719
92490.40405455061
92491.11479123915
92502.94100134412
92510.268162357
92533.0610740212
92545.07164501282
92547.64804001176
92556.01091655961
92591.09157409733
92605.21782750722
92633.45096271437
92642.81049574912
92646.20560164281
92651.86364006197
92661.56562220136
92670.35366154487
92692.4338492024
92744.17605621305
92765.38054927833
92770.98049200064
92780.99379670552
92785.3024935398
93255.02559256194
93424.08587472176
93449.38571607157
93484.89944215913
93490.38404632162
93741.91915988919
93791.893075775
94010.91246353653
94187.13005283197
94598.61511668739
94618.86022256447
94750.03882238215
94930.72333189922
95047.15789886555
95066.57314336237
95140.76305260093
95272.28799726453
95314.2798221632
95666.2095503642
95695.02950218873
96249.29125519027
96306.9056698463
96586.72463225204
96799.96422135181
96915.56110028847
96935.08382488643
97075.63952418325
97371.13427488694
97503.23487752516
97547.40077956866
97567.26199422944
97645.55512278216
97718.86027376684
97763.00187100563
97948.3395757124
98090.66066715133
98188.46529288842
98516.58232293377
98615.79619814281
98883.58426234173
98984.06375595578
99082.33701887704
99350.78830451559
99580.41920657546
99587.6513049815
99827.44966559536
99832.36183601788
100150.84142493231
101348.98922688673
101382.73564645031
101793.44551324309
102095.44584826467
102104.7142941169
102136.19126103692
102538.13812268402
102891.77202120441
103045.49398235074
103055.65014797922
103224.85663685361
103302.8706430379
103642.14762553832
103910.43611538241
103945.7857967993
104210.70601952764
104248.36054464101
104296.2525039945
104298.54218439783
104566.16184481012
104730.7980993473
104904.1282139729
105096.83864679691
105106.87344543565
105156.53330008798
105221.58093413408
105430.31027149917
105464.44334179838
105722.78169432809
105877.23571846561
106066.95577763607
106208.8426059294
106223.3353395534
106450.94432605096
107117.83077460882
107153.98540807061
107199.72637034353
107557.21972795327
107684.97650528667
107686.4317389334
107747.73751697333
107883.19221048661
107896.20918954577
108354.48005290782
108429.19087546234
108505.84072803543
108593.17046688395
108683.7856940715
108718.50004364234
108974.1586613902
109096.8243747006
109138.59222627398
109158.74818483282
109267.52816875753
109393.41778477636
109421.22040631733
109500.23000246422
109920.29803656823
110359.24059334009
110420.21664227074
110542.5008920326
110680.06624842412
110801.11961380587
110903.867174808
111221.0474757858
111415.69272322339
111466.50032083564
111848.3433657167
112104.26982400144
112288.60948617311
112463.7788581293
112543.80692237917
112568.47083038722
112974.55710845784
113229.45081224488
113234.6458196132
113262.55560971252
113437.42296994584
113438.96021238672
113488.78244429457
113813.0661044427
113884.33514322698
113904.0516136029
113964.50659580201
114562.54580427134
114916.43441701177
114951.52387425039
115192.9321245184
115358.32301799869
115519.36313706913
115528.63882568646
115554.87676704969
115585.98634939737
115634.00605832465
115658.33160344361
115762.66020390685
115902.41331998131
116004.44566966704
116067.35340857966
116076.76226949235
116100.9392402946
116385.34943386933
116435.92282708391
116558.27478238504
116618.49669192852
116701.58531942085
116761.07837990615
116998.53931532257
117036.33005659017
117097.5092172803
117134.15417154529
117138.95753967369
117143.56758077964
117282.27554830816
117464.41219350332
117647.30638542605
117712.65481269336
118056.33505768297
118066.01818722463
118325.20457603641
119106.21955319848
119123.57715507732
119305.03581072795
119663.55444029317
119673.4933714561
119779.24340515574
120380.76644877775
120496.26910832277
120606.81384637603
120891.31268632098
120911.43759740355
120943.43999703706
121114.73064397082
121598.01568768019
121599.3863914421
121655.02231491641
122149.97080103713
122268.01372991447
122283.21504526463
122317.04803705476
122650.94179764275
122672.62885115486
122905.85763824523
123080.66404844011
123419.96509568534
123449.51786259329
123472.02315798857
124078.19815134013
124167.38392071467
124496.08480048049
124810.41727310434
124837.35658970235
124895.43594895703
124951.67980111865
125230.18296379212
125614.6087585362
125668.97516960668
125856.44677307844
125885.33912253511
125935.5756077212
126022.49482607863
126183.8501097014
126384.34145007984
126902.76751104134
126981.81586760347
127230.36488151322
127247.05938845457
127440.56520157584
127505.00668413132
127701.3916130785
127868.94979514126
128061.92757603998
128212.25466092526
128684.76822553479
128886.29445851386
129950.083291625
130421.27987727083
130499.43983758676
130730.58257920435
131129.53419480618
134195.4882964861
134330.6062961098
136415.2084281368
136581.3523177524
138335.15620033286
139461.38990149254
139490.8080400572
139499.64287779428
139513.84368253802
139606.75686137128
139702.12927303227
139776.50567997922
139925.5919926409
140260.441436477
140308.51630207928
140490.897236571
140596.53331808
140674.1457447848
140705.46063514877
140808.54906762115
140854.72110400334
140895.11514653693
141010.21851360434
141034.9940909649
141078.11232134738
141129.06650239177
141157.14025615476
141159.84791314104
141355.40682285023
141513.7256331995
141585.2318939494
141611.6365340201
142078.77659404813
142129.0841378214
142196.67902094094
142274.5612342344
142398.23446833473
142596.29854509744
142719.39164308322
142829.9668034717
142876.71906390818
142962.0041456491
143264.59525136236
143298.77985465343
143348.37936840238
143356.94963718823
143365.82235151506
143433.76854758518
143438.5983946749
143448.62914839748
143460.68271562154
143482.86900315006
143507.9579251158
143549.5340791719
143551.85059035724
143568.27260188758
143570.09592634186
143596.0153555526
143664.08069226803
143664.1733603126
143673.91017028468
143710.72563195112
143713.31495905085
143727.61422910992
143804.00676013652
143817.33723843493
143892.51385138827
143897.45883073122
143900.07910193564
143915.5027053464
143923.01996020274
143991.27264099065
144012.85745331235
144023.6609455068
144118.29813183087
144184.1712567199
144245.67211183603
144280.69013058644
144282.77055226953
144297.40790146188
144340.41719113977
144341.99095863965
144378.80569619924
144384.68544545752
144385.4535423378
144410.08278301667
144435.40118824109
144455.99338107728
144459.02436776488
144467.5440608178
144477.43710115587
144532.93441379257
144546.32249292565
144563.23151011913
144583.1241331079
144585.50469555677
144627.8068622509
144660.72471568658
144678.62273520452
144686.11960589275
144689.82225111424
144691.49708227563
144716.1243264411
144721.98651083867
144722.90033569082
144738.9060869543
144761.94800405588
144802.86800325685
144845.16334184614
144866.61162996787
144953.96069302518
144960.66005125272
144964.02356744406
144969.05663407384
144979.81470967282
144990.28194240338
144996.35693562604
145050.16490826663
145072.29362660722
145086.3033342492
145133.25014170387
145142.46095707963
145143.2976744468
145152.47776938853
145186.49582083782
145254.41946225808
145254.86164626747
145258.18041001694
145279.2434282538
145325.00139305906
145341.36053561867
145359.4192063075
145397.80401614003
145426.9374261022
145454.23697847384
145481.459484973
145515.4200958247
145546.34157834807
145552.36091759475
145566.11530711578
145594.01940068035
145625.89629709744
145654.535398737
145702.6392596176
145720.39928762335
145765.9056395602
145788.0096516001
145792.86916117638
145812.77423492566
145867.43938931165
145871.0300678522
145990.4907333376
145990.6520202449
146011.62129109993
146012.9296401458
146087.31504012877
146111.72572341765
146124.46526494177
146143.8832938665
146182.82515149712
146201.93273720646
146256.50784781092
146284.9856210438
146337.31464258872
146364.80981828563
146419.1672470939
146427.0683512665
146445.4610935407
146447.543315321
146541.77678312617
146555.80789350456
146559.4678932441
146562.598616703
146588.26811083892
146593.37892954552
146596.22192416014
146606.78940921882
146607.97419415112
146696.36250405933
146772.50128355078
146805.88048605487
146831.64337493325
146859.12724843036
146900.31968004224
146925.84707862508
146965.7029514633
147000.1429052278
147006.3916677714
147050.451229694
147108.64220525973
147130.78160780238
147133.96274089642
147134.716120644
147141.07887475778
147159.53004500852
147178.31629383148
147219.76290628937
147236.04402082606
147277.89866904335
147292.3406798975
147405.3838328798
147414.34395083733
147434.2343458878
147437.1609069418
147466.45565621744
147512.2942500784
147528.94025767926
147548.0967996961
147563.35402235092
147605.4144913545
147635.54149977566
147655.07438053394
147689.19727830467
147719.11081885322
147732.30187397636
147822.36566431372
147826.3159196908
147838.26573869304
147855.67230856878
147963.24020908275
148014.21140699665
148193.32584321455
148207.15945862792
148210.55453805238
148222.361462258
148233.24696329032
148245.10180466174
148252.52946492733
148261.16098784277
148386.4593954844
148470.63731104435
148473.21314395475
148521.5384273977
148577.95613029227
148597.06993824014
148672.9795563906
148703.47772503988
148711.32595366615
148748.25949728658
148761.92138839274
148786.48054624436
148832.8575578786
148834.93541095988
148844.0318978104
148844.71729260855
148853.94926450338
148859.3734281207
148872.64862788934
148938.04257682775
148980.5757991847
148983.9966647109
149064.23505484476
149148.61342771468
149153.61411240004
149161.63173502276
149162.70994882332
149168.5756224135
149172.87100071137
149174.96380254574
149176.71835286618
149180.43245080544
149182.87248282155
149183.3643102232
149188.49424558083
149192.17351076144
149193.77477918245
149195.15548295673
149196.20941308382
149197.57263750365
149202.0476159518
149202.34067539393
149203.68692063968
149206.16725712366
149206.2903189535
149208.5399351673
149208.99741981298
149209.3514662615
149209.37924994968
149209.4966062286
149209.98634419934
149211.6807880606
149219.5253515824
149225.3117489335
149228.80267909382
149228.84775354827
149229.21928664134
149229.88036210582
149229.91823238746
149231.18927269318
149233.25223609747
149240.16086599464
149243.79312591226
149245.42124685252
149246.52851867268
149248.16434023867
149248.8859321556
149250.42999196856
149250.52640892446
149251.18247346312
149251.674542627
149252.25271386243
149254.4893434571
149259.91852727393
149260.20988195017
149260.24421856267
149262.1715655181
149262.78933657514
149264.82318577252
149265.4405364599
149266.69760279986
149268.03354515485
149270.17376433726
149271.59795659958
149271.64051453696
149272.03887796414
149273.4908885202
149274.99291699176
149280.330375374
149282.37464197338
149282.3968679352
149287.53924343805
149287.89353093962
149288.04098181368
149288.64339090837
149289.00798658936
149290.14498806573
149294.99013422514
149298.27994861113
149300.14564270392
149301.46309892036
149301.72231458986
149302.6009048308
149302.7675484307
149306.05670794693
149309.90748371507
149310.3752700308
149313.90372898616
149317.14042153273
149323.6106112965
149324.59846429835
149325.11985108085
149331.74307704894
149333.8510115685
149337.1500287393
149337.4556819682
149337.84788562547
149338.0956890974
149340.92986740317
149344.40341721213
149345.17109003916
149346.16619338404
149346.2565316687
149347.2907424948
149348.45471017138
149351.29907187025
149352.44898255408
149353.46133405494
149354.70152460533
149357.20053490624
149359.57711639145
149360.2436031614
149360.6367377073
149361.66431128868
149365.39906062072
149368.53979481233
149372.84991074703
149374.94207938705
149377.19874349452
149377.548133627
149383.918881535
149385.48154165878
149386.65157220772
149388.4890430251
149388.63935961397
149390.17693038823
149392.6184731611
149393.93096403946
149394.48146132447
149394.68782845774
149396.53643010402
149398.01845816625
149398.73124830038
149399.7250631259
149400.46928257676
151862.88365212237
152103.44146319389
153479.22059545823
153498.7066133544
153902.04638814047
158399.7791477546
158825.116222175
158842.50012256432
159340.83022701525
159691.58051306003
160052.3643429102
160251.45294722437
160620.40954921232
162095.59748837823
162450.66693196847
162500.9612021179
162632.4141218268
162660.28978329973
162727.45572173063
163217.39254094556
163517.00257428765
163622.48199890778
164010.96576884892
164051.86188729818
164257.22452692658
164449.210477997
164843.84136198752
165112.76379167454
165305.2967851658
165435.5428220192
165696.13617915544
166142.1012659067
166334.0032969918
166352.4405615251
166433.34871500096
166644.10115466622
167002.99603916332
167100.47695702204
167633.91535657312
167975.25284442672
168216.49781689222
168305.4031522192
168814.70999677337
168954.11318995635
169516.7575081834
169847.79329018336
169996.54136902734
170094.4308310632
170331.4662304658
170476.17686839445
171253.88811670663
171324.86315251407
171524.98112538262
171651.83294366617
171780.59779999236
172398.38852909557
173272.31301530392
173779.965010224
173916.52095719439
173938.80998182786
174254.96979336377
174255.23924608607
174275.47347122288
174335.84499082284
174779.5470675853
175028.60526676092
175349.87830915407
175465.530933664
175501.9229508802
175801.46798398093
176094.50203920004
176234.6776600428
176236.67707196774
176330.28817042537
176459.39010366084
176512.6106130201
176515.6454414238
176550.98566794718
176583.137604775
176585.94381236873
176586.89224043066
176608.91567218964
176646.7159777424
176698.30261243376
176705.85394549143
176732.55309316385
176759.29369095672
176777.86486659062
176782.80821802473
176803.34744461926
176804.25643768295
176818.45483833522
176822.7800269531
176823.22845023547
176877.5979060192
176885.15517131306
176891.62185379106
176895.2403885435
176932.02281541523
176932.4932749343
176940.80973014224
176959.71100468657
176972.0903910754
176979.07981706178
176995.5922867569
177011.52725928047
177016.22104457224
177041.76126878406
177079.66749634215
177088.86360644829
177093.0324559109
177093.55829693982
177103.32235364203
177104.92319477684
177107.92484025046
177115.85889920767
177117.13424126865
177123.38299034073
177151.43947774568
177152.69155060206
177155.52522239817
177165.5212907586
177197.7352750909
177206.86569549813
177208.8189054648
177212.2561988821
177218.2400247213
177222.60549669614
177225.1840544216
177243.92700528915
177281.56370235383
177281.66481881755
177299.77249924038
177302.50630741924
177303.87999971144
177311.65950760923
177321.9536243712
177334.41751354135
177340.0931166615
177365.83641023815
177378.00435757142
177378.86552917017
177382.33538728734
177384.0800595806
177389.20956943158
177390.3950349961
177404.13089569175
177424.4959632975
177429.57402161803
177446.9282723275
177463.32080457202
177477.5750194985
177485.65497343216
177488.73562265144
177496.96874138576
177505.84791576458
177531.0377468023
177541.89802267772
177559.1514675224
177561.3215173178
177561.54833327842
177588.32601169962
177599.37832802505
177599.7741264654
177620.89860497767
177623.82796858743
177625.49908807527
177626.64741553145
177646.15299769246
177685.24444050953
177686.83518493432
177715.81702393063
177718.88426599192
177726.5358215392
177750.90546210748
177770.903949558
177775.52527430432
177801.70285401744
177831.69581402128
177863.14268533193
177864.4824491905
177876.36493975628
177878.6486779582
177889.49827152418
177959.34653596356
177993.58185986982
177997.6869998191
178004.21965874167
178021.73763522418
178023.24847801664
178026.0962204417
178035.61515697453
178055.17198412117
178059.9972107863
178101.14736604865
178136.70615927022
178147.71717855686
178161.30174837512
178181.73187361762
178189.64363605273
178211.01635872625
178216.96100867828
178274.94934200097
178278.70712995558
178281.68088167667
178291.05915871763
178298.45262387607
178305.89582645215
178314.44204422346
178324.82882023882
178359.7934815032
178372.10967893543
178415.3714580736
178415.49406627796
178437.50734413296
178457.6146872194
178472.01837108828
178472.7684981143
178478.12755621088
178487.68075282942
178493.54420774302
178503.01087774077
178511.68848271153
178516.54051893216
178520.2786400318
178526.05621798724
178545.47275564107
178546.2785463655
178546.9987438188
178548.18697806334
178561.90736565922
178569.28228328307
178586.64617181043
178588.19374687292
178592.8135083065
178601.502604075
178614.5652926479
178617.22807350996
178625.00295145393
178640.7439817824
178644.25831995992
178676.086817007
178683.47484446794
178706.8168571733
178722.11243245623
178747.0390551872
178747.97700657518
178761.1874456262
178770.0107722074
178799.28620222735
178842.93450314397
178849.0801925956
178862.44348815788
178901.4735036011
178926.50623246696
178942.28779020676
178945.37986822447
178951.89087310593
178956.86459530666
178986.85869963354
179002.35791116522
179017.955383388
179028.9246065746
179045.91465023856
179078.3061502548
179093.1877861814
179112.9380836126
179123.57335199398
179133.30731473537
179140.73700736705
179170.2541289087
179182.86235388665
179183.4570442743
179197.54692622134
179316.534119312
179519.37612690122
179649.67845369468
179807.54509052658
179845.17040073845
179980.32829171504
180042.84490081042
180045.92480373313
180144.53657683037
180212.3549793347
180233.0304343948
180347.43185689888
180599.03732021688
180615.26845293638
180660.7726302863
180673.18547193185
181123.26265910728
181294.58456722958
181716.4535734617
181874.54429776268
182089.36997005012
182091.1692026345
182132.5803308077
182159.0703704528
182193.5018211924
182444.51545511122
182467.03830705976
182501.7297795098
183007.19584179964
183119.7663015759
183370.82120562435
183566.77968430563
183862.6711110102
184243.86234471956
184255.97964334924
184451.2377610647
184514.54246274973
184594.13318713102
184640.89799119928
184746.74902023526
184799.05741017577
185295.33862882882
185551.10554529133
185719.08099553973
186066.86757024474
186693.0158751948
186971.88662860042
187139.76694860874
187178.1167768321
187318.99711530577
187384.21425271593
187597.25128522023
187690.54656168187
187887.37887117808
187942.39377447712
188118.56234183122
188130.5426198077
188143.2250260852
188155.9698051169
188191.89937037363
188254.58084629342
188357.8712168989
188395.0028155417
188506.0824308528
188664.1014225179
189224.05599138036
189288.9406000963
189762.2102513894
189904.0364349172
189981.27625239658
190301.49451654113
190342.77703347016
190422.14162861876
190432.2473138322
190626.6208255425
190669.7138367318
190839.91723482878
190913.65800326032
190948.45541429464
191045.39265931986
191191.21219661165
191259.14284914167
191294.19718757455
191792.98700938985
191840.40820226818
191985.13895618584
192005.77812850496
192011.75034802058
192211.66070942974
192231.966884188
192353.9898300371
192424.17224081603
192626.56257718758
192670.66233326046
192728.25340160856
192760.33781325893
192785.24963546597
192839.38360166314
193069.5718501885
193201.3045840637
193412.4354035895
193530.989159207
193616.56900376506
193651.00246985033
193719.81519048853
193886.94906252786
194197.94755830077
194419.60779100863
194486.75973025756
194641.86289155064
194703.86959023582
195092.39661744854
195190.26522371854
195273.2279451584
195343.0605887753
195532.50786982646
195578.16011691088
195866.17597001023
195948.9202352815
196072.37549188436
196357.70176839607
196525.60258510322
196627.56006550323
196651.28859832935
196857.0936422538
196916.07483789546
197180.77539329126
197338.19351837086
197566.3665094408
197621.479947477
197744.3965441529
197754.6402982148
197854.83190700968
197940.07547356852
198339.28059327274
198911.6433892174
198940.1893437166
198965.35430923212
199354.54412072507
199452.0314230508
199573.05411520746
200007.38809774886
200276.644477127
200298.3895781299
200378.1206949128
200564.68337355624
200639.05881331136
200683.695154342
200697.8497495178
200920.92501489818
201166.81600140067
201328.58094725752
201632.13121513746
201658.46174797052
201730.28374778666
202010.1418179677
202089.91385700894
202540.67384247988
202951.603716104
203040.91458595713
203058.98925863366
203124.7623686564
203206.69888726366
203375.04733678518
203484.59125618258
203531.46722978223
203743.29240875953
203982.22545062666
204064.37057347392
204714.82247286633
205225.80717172846
205271.54149224804
205385.5088038253
205426.82186035905
205692.05946291875
205825.90083875903
205868.53983171989
205965.1735786783
206048.04969089304
206381.83661488656
206451.55064360794
206458.9280444002
206616.43926659407
206839.32952047075
206893.4370038759
206969.1000713486
206999.770869312
207138.70862499689
207219.37519955426
207231.4544005199
207294.82721252216
208188.64626449504
208212.62782671416
208252.1697177018
208327.65708668728
208458.43047902104
208878.45758754533
208959.77382465612
208965.25267140477
209102.54252386274
209144.35359627812
209220.7431423927
209324.28864527892
209445.93593850578
209497.39203750508
209712.27139889094
209789.35649292122
210001.33607866056
210144.21270001246
210178.0078374935
210747.07561649178
210788.84982650302
210894.84444753604
211175.37714734284
211464.22203623818
211542.94449123368
211577.96208225028
211833.9326279186
211906.92387301914
212048.63698242215
212091.95492886446
212220.40786796602
212227.71365667396
212775.7346064374
212793.74202508456
212846.12048953108
212926.4332762136
213246.07569213185
213625.79504704996
213747.29796752115
213910.8221258098
214046.38757017854
214096.24819127776
214146.2403136685
214358.9796790304
214428.75732215733
214495.3249763267
214556.1737764846
215141.67348032864
215275.07625084612
215367.271904124
215975.0563492602
216150.48723180388
216166.31354282552
216279.88940603612
216563.13079918257
216567.41008412422
216803.8314670513
217515.60747949488
218079.09385226524
218334.23340792058
218814.29091201836
219352.69001995082
219868.49119186238
220283.6918974552
220372.26264601853
220720.44686181747
222128.5401871929
224513.97520349894
224632.97801363596
225157.09135136573
225201.56287405587
225837.25987166993
225879.1309222588
225904.4290298439
226029.27185446175
226243.2161825634
226277.2287892449
226283.45699341033
226630.18529770628
226637.49279234096
226690.87342321972
226862.91349201582
227010.6648476238
227066.41208040787
227140.5524825135
227206.66735021712
227320.89487083897
227403.44066799997
227428.33225561696
227482.07497444248
227490.25745735332
227632.42338264972
227728.26474236738
227733.51167033642
227783.31937753403
227933.3100801018
227944.8379029291
227998.7369615076
228102.4768313102
228164.39830918275
228427.93084872302
228475.71294978424
228481.1304353152
228539.07126351574
228650.50723563193
228652.56656078578
228769.5656392775
229002.59680064645
229002.82931451692
229141.7460677416
229212.15773481346
229228.72160372848
229291.9936808525
229628.29664749964
229633.978964141
229644.59066863253
229671.67502821912
229672.31581296836
229794.2517267117
229885.4945287652
229896.62282758774
229910.82454149984
229932.08255726946
229993.57565861667
229996.60718709274
230003.15490779208
230078.28313888484
230181.5697546133
230183.0307473212
230184.0437140264
230193.35118961963
230259.5657355796
230286.2932050478
230309.02793807766
230320.62701241078
230380.1097899205
230418.86861295148
230465.7365787331
230500.6864911967
230557.70962687465
230583.77619127257
230632.5605073327
230731.33237931435
230747.8049489621
230815.1024824166
230830.17688909205
230853.96780224028
230867.4422461969
230907.99147551332
230942.31897274006
230943.4650211105
230988.9023117662
230995.66108268691
230999.69018932097
231008.1611995411
231052.25043703124
231066.26262913615
231075.61515854605
231104.4863556962
231110.14906476246
231145.89820356385
231154.8049797672
231331.94649428336
231380.88864400913
231397.2113075328
231399.4493305268
231412.36021739378
231449.880516148
231464.4832996927
231486.38979489685
231507.5391541726
231508.03797515386
231650.50322558297
231678.4399060704
231690.95404653574
231713.4529004568
231740.14794654195
231742.8715450641
231757.83629488558
231800.0308855836
231823.14929830804
231847.98504317092
231865.70816461492
231885.7203188487
231898.97001242934
231906.9862347656
231907.51736827142
231910.53269523397
231920.83825154588
231921.0000284885
231952.3696969523
231959.8029067595
232054.92656949308
232247.96562551783
232291.98308510985
232422.18172137687
232433.9175027329
232451.18156236137
232468.74961418688
232477.81025458232
232510.59012427233
232585.64885804546
232625.86189668486
232658.8259105439
232687.62992612744
232748.56088794558
232750.20080700895
232758.88311136205
232795.4018482275
232803.57552138064
232940.2930335278
232942.7068862939
232951.73284841754
233077.54462471616
233095.14785200715
233097.49488941027
233102.34915002785
233161.65423452173
233188.4824098777
233189.37648324735
233231.5078071558
233287.35583522386
233294.3022487178
233314.3587644018
233341.3371611926
233373.33939483284
233406.4282567143
233413.92180419833
233430.10654840278
233433.6653684671
233524.65535780875
233570.7519291616
233609.11561194147
233695.50230775966
233752.64785282855
233761.35765069834
233811.11253023084
233822.74991935206
233847.36574750268
233916.24928307312
233971.89711409132
233975.54106836775
234058.61583523848
234120.15748108254
234127.0399104153
234168.67967895116
234170.17011809
234195.10745339253
234207.43778430193
234211.06949526747
234314.66946962697
234314.9573740421
234368.63159468424
234406.44081125828
234439.15671509373
234459.07126593054
234468.40553178726
234469.16243839235
234477.57468231785
234539.19093742617
234570.8736020364
234578.7845034133
234585.79316737907
234611.07553819547
234629.19584762116
234638.38192868946
234645.9363494282
234646.0269044841
234649.0974744575
234675.74493733997
234689.30504263175
234715.33562870562
234754.74372131898
234797.11868318752
234956.03695831078
235027.51743829015
235038.58704710635
235064.52453048178
235069.8724698555
235095.243778828
235246.74503719123
235294.656015869
235320.7530723589
235349.30451646057
235383.9515599024
235407.8665145095
235502.81512366753
235559.67754031345
235561.51414388476
235567.94608355296
235569.32485197592
235573.0644454612
235573.86889023904
235579.4241173693
235580.05254804157
235580.7147879232
235582.70072654294
235583.0419847752
235583.51568964374
235583.97942881816
235586.31299181882
235586.34420062872
235586.7885854952
235587.3407493009
235589.93326842386
235590.66480661207
235591.56294125278
235592.50711889123
235597.7925582052
235599.7985236257
235602.45310431244
235605.41404323146
235606.63650267757
235607.3986573453
235607.41276468802
235609.04048675968
235609.8254359292
235610.627955276
235611.1004149164
235622.03629099723
235622.4682954857
235625.91284389351
235629.45053852667
235634.72601641726
235641.44765766943
235643.23760243907
235643.39771641232
235643.57966910864
235644.41324232842
235646.09130254976
235647.2172787306
235647.51881563468
235647.7899041893
235652.9896946161
235658.18533143934
235659.1426140025
235665.23301831778
235665.60218924563
235668.40757958195
235670.57250612052
235670.91252891405
235671.15779021455
235671.63336831532
235674.03586459754
235675.9130612295
235676.58976414122
235676.96685275616
235678.25712287234
235678.6299237437
235678.68704926525
235681.58978177878
235682.11158989486
235682.14775336217
235689.1850863216
235690.56078539055
235694.75882823934
235695.00376403585
235696.35656286677
235698.5310152038
235702.96155983934
235709.41711728615
235712.89759336255
235713.8160813713
235714.6360681046
235714.6411451889
235715.63822343247
235716.04535888342
235716.55199719907
235716.77471712063
235725.34669414753
235729.672145467
235730.33748949287
235733.8670805805
235736.76351364297
235737.57512206392
235738.71832047624
235742.29834074955
235742.76556388914
235743.86329673103
235744.8031512966
235745.05636557704
235749.55508152855
235753.12314335347
235753.21346372124
235753.86848379672
235755.1269068496
235757.2057575641
235760.02122353064
235761.37791889795
235763.7391260625
235765.18460657695
235769.27534974867
235773.1773333403
235773.56636833522
235773.97496246768
235776.2969756033
235779.08649539444
235780.49972634343
235782.71315259708
235787.16210878867
235790.06868966867
235791.60697188927
235798.87277570507
235799.20356441423
235803.2467664011
235803.2951206932
235804.24127797782
235806.8696204347
235902.5641251793
237638.51727863483
238109.6433345624
239223.13268852
239360.2922233303
239927.80612930228
242230.6222254875
243360.1535810219
243620.55959795677
244302.9948720339
244496.95040592062
244566.11808220332
244683.5877279731
244746.9353896453
244827.37870264647
244926.46551825025
245240.17026864976
245262.2578603326
245477.25193110626
245661.24074772676
245720.12754417383
246086.0213230789
246315.38428496942
246350.73618379523
246436.6068405292
246794.9683268813
246937.48963905973
247608.69629619544
247627.2854510038
248077.70731810655
248211.268099314
248334.85566900007
248937.1736511481
249099.86752820062
249352.2415222723
249773.46733678062
249999.1054307495
250337.3497303432
250671.75509208703
250865.04625168903
251067.61861866066
251373.82721367982
251539.55258182893
251808.3322565439
252365.13135986033
252601.7742859684
252754.41493317243
252969.3727824189
253697.30170230998
253712.01475531078
254000.25210523512
254319.93832846088
254658.36041218994
254917.77154129438
255349.48781352036
255693.563418829
255948.86411971465
255964.30960484923
256004.05496613547
256988.65388936616
257541.7297145115
257582.99676658676
257610.59135947615
257628.54534863663
257954.15297854412
257972.70061015786
258045.82712582737
258103.543729809
258328.43708246778
