45.42712106536159
124.69295655200341
365.7185848078448
465.9361879772002
466.2845345415676
544.2875229109767
546.1795785944445
585.5578311758082
611.9792347679942
746.4729433872097
765.8820902474812
767.7303114050214
1004.6087577820834
1227.0515105697518
1245.3370129513078
1292.799571566505
1425.7446718433123
1483.0686962886616
1485.4030822369857
1525.7471637537885
1724.6906601225396
1806.2164271687946
1867.237317961483
2005.0283243272524
2046.172539720178
2800.667032981345
2885.206237060053
2885.7047375497095
2947.1255316828483
2964.8749155544992
3045.5484465981494
3084.782702270043
3186.161562508789
3245.9874582195685
3465.630795687541
3484.1731949231917
3524.7398006441526
3531.2188297556677
3644.2243697805848
3645.7451085112475
3904.7205321280403
3985.724210900963
4204.404262456617
4226.20100147459
4344.669462413579
4345.993154757065
4485.465171122242
4805.745787338341
4806.45067561291
4825.03087673766
4965.55373228341
5024.554321219469
5024.959766068329
5162.984914395983
5165.315327929555
5187.08574812242
5206.428304151762
5225.291850305709
5266.071508280057
5307.41506817657
5366.369207773849
5366.4160929821
5407.780902374642
5475.176010598521
5548.836890200476
5566.015999231145
5645.557101511714
5846.559373216703
6045.219537770796
6105.571182643481
6326.014209896435
6331.940942706732
6425.116481287128
6465.090285390406
6624.158273637983
6625.914220162233
6644.477553133626
6826.282621304524
6885.108431072795
6918.584902258193
6967.300011086365
7305.332377269173
7309.267012505827
7326.130015161542
7365.390346088942
7505.392154039351
7586.534888244752
7686.6664033737015
7726.672396417799
7784.8146108774345
7804.833322201659
7924.413400199834
7946.041448132115
7983.91993159987
7987.7067090355185
8085.410419865144
8385.857181365367
8564.842001054672
8645.961105396402
8661.081018618861
8675.458951050246
8692.882244016642
8703.567530696817
8786.524168373338
8964.132925206923
8988.912366787306
9044.698653262341
9070.603870495983
9070.759421096256
9114.233098179659
9119.524391730658
9124.166243100464
9185.626655684297
9214.5245603841
9384.859214029493
9405.40518441435
9429.417806904434
9432.640053947596
9460.310486301845
9481.290895734013
9492.431564825227
9505.162333417842
9507.372596769037
9566.076296193489
9664.960753873713
9666.103628567309
9768.333401904854
9794.694361220882
9829.129272272725
9900.21868478999
9929.550032826166
10007.375490275048
10065.82567158517
10067.199796414556
10082.666697914285
10087.419554906253
10151.431151836596
10151.581203278747
10174.339696627265
10225.038409670795
10267.149605384624
10285.063798373476
10307.589583798945
10344.56932360235
10379.118559914215
10406.043204283507
10406.293713046372
10472.02336259506
10505.369187484426
10512.284515572193
10686.348362305464
10721.544598868039
10759.328139439453
10832.593928860888
10865.081243722836
10878.127754373516
10899.302411193921
10976.000759062705
10982.393599147943
10985.4879716437
11019.197387486789
11061.558132019329
11080.93963190116
11143.570610739032
11407.166580245297
11426.31127867857
11441.414693009001
11486.02084793326
11523.59895596147
11532.795295403173
11584.733829557174
11585.107749208864
11585.886464292718
11644.912353571644
11663.546914733104
11765.608689254677
11915.313518551384
11955.097552068451
11973.2464774785
11984.881822782481
12084.679338469316
12088.01469878119
12149.529042686036
12205.808866477933
12230.536329675704
12246.188920625573
12264.074578628291
12285.039632815882
12285.329851620943
12354.526013849823
12445.330853352592
12466.547917727657
12479.152962436783
12525.17795292392
12544.590824955316
12545.750285022168
12604.935821223924
12674.611089505534
12745.400620698352
12829.709694623492
12894.510632304971
12925.34428307767
12930.256363652923
12946.010401050893
13044.537965715146
13045.884261279072
13100.049365628685
13208.990056426721
13223.971825995795
13287.23910692128
13573.11748706526
13625.641341821578
13626.017782373454
13657.89430682025
13764.268299272828
13784.672417721553
13826.369000476101
13845.506961054789
13911.751629397822
13962.723085133011
13965.464948338815
14005.420925539567
14013.037420980429
14073.26622761817
14233.26904800319
14253.744298790087
14282.676154977018
14286.703933169174
14299.959235528828
14385.137275551388
14405.690133776261
14424.793445202222
14442.132694679549
14465.496691161927
14485.184618237885
14505.558449041408
14526.070842242643
14549.919822346399
14604.676113899011
14626.804325423353
14642.000721183014
14707.26449523095
14731.94237396571
14805.769585921285
14816.525894832736
14835.60265801034
14958.557762619574
14986.595166555811
15025.793384511084
15026.726183074623
15027.819823044321
15135.196068976642
15225.490989761232
15259.856106536608
15395.863664392808
15425.224563784826
15483.90143044011
15486.195264980017
15541.206154120078
15544.726925446028
15566.167510565958
15596.25710210089
15665.374507036198
15666.807658925498
15766.05063798913
15935.93584159861
16013.731071993945
16026.20402973704
16096.927675245648
16116.415829642625
16180.575340312547
16213.26523152115
16225.4386797365
16237.21610445727
16244.371869199756
16284.207713521484
16333.139952150455
16411.2457280768
16415.294896345287
16464.91944485591
16484.821630292194
16544.29715040438
16601.01068282274
16624.786245806034
16634.89288954241
16815.54138070298
16846.58938686799
16906.381914543508
16961.28682624005
17031.615846577144
17197.3134913753
17225.658070446854
17225.734860041568
17239.655389231488
17243.812559731265
17246.675637317712
17326.766034352295
17466.520789528025
17512.260437677283
17566.053855409704
17581.95566733711
17685.049720786996
17709.938749640336
17805.050779419496
17805.185621273835
17844.52632529306
17926.634241567
17974.591871383283
18180.305440259905
18244.221511844844
18266.510856360157
18286.31438319754
18366.127000579476
18444.149864951796
18465.00856140454
18543.53021711766
18567.317557859245
18641.323642554147
18644.399194720478
18649.1022350776
18671.194314805416
18729.680871332006
18746.462590836127
18804.37580173331
18875.317273447774
18885.647085446184
18885.976764479234
18929.664371360832
18939.73790439876
19025.535465597888
19035.601123894263
19082.658016601217
19164.214870234853
19226.03798988186
19306.369552745084
19346.016898484595
19359.67437020245
19586.634899031385
19666.037851669913
19785.090104119816
19824.43993428766
19833.026350949942
19834.18592258484
19845.9779900795
19853.289570725145
19867.475460281323
19925.116448846908
19944.561812322787
20065.227482385148
20105.92107794483
20177.42735539892
20254.26149069736
20346.151807865986
20398.780526399827
20477.8032556595
20544.79276935198
20595.31908790169
20862.11704016067
20885.4397447016
20979.544115929337
21066.192010811676
21145.698507971938
21164.816922903585
21186.552773790816
21225.636487381307
21242.776907211122
21245.656084160073
21261.880778506067
21332.445942503047
21365.296482253205
21468.514167951435
21485.98975633897
21544.445713008525
21545.200214992303
21557.894711740035
21564.937550745133
21566.526255684257
21592.516136966235
21625.373772331146
21665.308780744163
21684.860764009278
21697.26034495113
21724.82962980951
21768.735765116544
21936.88940221037
21991.67039868631
22006.492922802627
22205.209225338753
22245.608174203884
22276.101150299623
22344.835569843126
22397.890364477527
22398.27121878919
22476.860478172417
22484.704753201964
22723.823236488694
22727.42356383983
22758.658147278824
22768.134430084287
22886.050370953755
23112.44854953829
23163.217125856463
23187.29063137704
23484.51326414577
23585.397516882647
23603.67625520268
23664.523697676334
23705.19223321865
23813.12941877611
23822.746308867
23824.939376045335
23846.205226305385
23899.474282013172
24067.079577379718
24087.442801553552
24215.00852096846
24284.900232097098
24320.374251739442
24404.683029631837
24467.665550166923
24479.798334173916
24490.04517657134
24542.75433741526
24568.679752442393
24634.22447355725
24694.038182680677
24701.27451843725
24768.324185844314
24785.85560728586
24823.96769179314
24845.153478245546
24924.24686739414
24993.305613861772
25026.795882642527
25067.668994984273
25126.479730892894
25145.992274433942
25288.461292533062
25345.18015188656
25446.383207794
25496.23536304355
25550.665942903815
25568.688267930385
25747.829233778302
25758.42920531968
25865.26245562405
25964.950550603207
26026.430505533877
26040.03278657812
26097.642225148218
26103.93511430271
26165.650122579405
26346.881676301764
26374.317501922127
26457.95707646882
26605.230909105332
26642.226696435384
26670.98273051884
26704.70703980547
26724.527048973338
26758.941006824225
26759.651355698752
26885.82107554065
26946.185869755052
26963.523546901877
27033.2072619189
27066.130231086376
27093.403928924756
27104.277042874786
27296.452395623026
27345.07816753268
27346.998145847647
27360.609420337103
27385.51734827527
27425.896699529407
27429.56320664394
27445.880117983175
27524.202611217086
27678.41486305156
27782.7492384088
27823.606953468086
27831.161432334906
27856.516758206733
27904.19142990708
27983.50594158197
28124.430122089652
28124.51731947663
28124.950405391806
28185.850559612856
28263.83447650918
28322.861156285522
28397.861904868565
28484.910578246912
28485.466875179904
28544.3737136096
28545.35313093253
28546.47750967877
28564.62430071102
28586.56575090841
28641.780491789577
28645.929362639094
28766.86011805191
28784.88740802929
28827.058522145042
28844.19283273774
28961.54208661528
29005.7708337108
29085.905393995963
29105.055133351743
29179.94402158503
29194.07540102235
29204.686755960174
29320.292854663323
29345.1851197886
29485.73724016129
29525.078092045005
29546.623652101454
29685.127041329848
29765.643512796145
29905.514325343316
29924.72220498386
29976.763739273418
30085.506869901124
30145.790734144597
30263.100760548463
30385.15869364081
30405.664732937916
30695.095290519323
30730.42383918806
30807.45644758363
30818.47784554396
30943.919663144494
30965.15475283554
30965.976126789887
30985.840830474135
31136.203408850073
31162.674539267067
31226.005002170485
31305.535460951276
31305.790862099144
31345.81649738702
31405.23846289238
31444.753768125287
31484.8130892466
31544.558864286726
31644.22088169799
31685.1896775923
31694.770149527794
31808.982699176126
31816.347601228354
31884.3978119555
31906.233812438433
31926.622549382228
31945.77965601318
32006.67400660799
32024.217819607675
32106.00091678706
32426.238539775408
32546.296549498915
32585.297031590268
32637.338268119373
32826.069346064134
33045.18297076963
33094.19734357696
33397.79787840692
33406.11128327697
33413.77094615957
33425.75636982354
33470.66349437749
33485.77932224958
33565.39686363278
33605.76853362254
33666.48365159555
33685.83893799733
33686.64742807673
33724.02828138937
33884.610869068594
33966.399137126304
34005.839274187376
34046.43416778621
34138.00346400988
34265.060806118985
34265.647811632196
34266.38741931469
34285.443902842126
34364.93866633479
34385.408636942346
34385.692239995245
34405.52550462718
34445.04347694536
34465.43371727581
34465.9161804051
34584.36609831141
34646.451207745435
34841.80454378992
34892.69242457928
34898.01423563809
34941.661021959546
34941.93863606183
34951.75575766197
34975.87033706323
35099.352498456275
35125.34554197372
35225.846554922304
35545.35599455442
35585.30815718941
35645.05857732592
35685.93388098422
35706.3076942136
35746.20748300471
35795.18539271847
35822.359255573436
35927.70696993917
35929.129723743536
35984.35910849009
36005.7579130363
36105.29362396225
36165.602185835916
36186.179176550104
36244.72783062205
36265.468972790615
36385.45741344429
36405.60469211634
36406.18370340614
36426.35481959664
36526.54485879795
36568.06870756331
36704.99662865416
36706.33046656863
36785.58342472552
36889.44474640568
36926.9705505975
36946.749779608814
37065.18373151625
37125.97577264493
37129.65172383069
37217.655625353356
37318.9851666316
37346.363172737074
37406.9636770283
37456.92292217672
37545.70680753916
37564.99971278192
37590.74015115148
37625.286192315914
37645.50405590832
37665.674924484585
37686.00024463402
37766.03686898101
37825.92678764565
37848.56113960927
37924.34824128089
38077.190672561
38186.19500387993
38205.33571519272
38264.02564531673
38269.45226292086
38466.708658461284
38516.69924574834
38666.87736799414
38717.560181129804
38785.3725322686
38884.905948114785
38964.249572595814
39102.719951412466
39104.348909449785
39184.89653511597
39206.17451200043
39207.01890143096
39243.9230407999
39244.137651136014
39246.22139646551
39285.25350735027
39295.92452353255
39305.92600825545
39325.42972493092
39342.150626729825
39363.30249612359
39425.07416495623
39431.468649642564
39445.841176275135
39449.34291708014
39474.96772251462
39545.03065103048
39604.80568837022
39665.06749172962
39680.349445147855
39686.485563948205
39744.72272314989
39765.70652481068
39780.02925014857
39788.75643996797
39866.974132938456
39907.832200960314
39933.68381707478
39973.61197612038
40004.89220378038
40009.086172149626
40078.4019987808
40103.99140817962
40105.68856120837
40146.877052456985
40185.09616762163
40231.83880317844
40284.59797215659
40305.478756503406
40321.659733112014
40426.89581844354
40506.36992892577
40571.07389220777
40605.152232802124
40686.184451087225
40704.70965383099
40746.18929773001
40784.85604755344
40806.4286464243
40843.59416231724
40876.13070443231
40886.90515938583
40906.10816348395
40924.91179175997
40949.704024362036
40995.00417202738
40998.316917226475
41024.764077936365
41026.35200363158
41065.458933730566
41085.26825481506
41105.04894341086
41146.31121072432
41226.55132864647
41262.00047339248
41346.25713566362
41380.76593533133
41468.804443336565
41545.25091710247
41545.597348335185
41546.62609293626
41578.04708756925
41604.737544702926
41648.0194696569
41704.96597299865
41705.595896728744
41785.83971303113
41807.584601477516
41820.78386083536
41859.90473901238
41874.330746569096
41901.47449492002
41925.57593025873
41946.72180072957
42083.86826725158
42102.29538309628
42143.81355120843
42150.53436057144
42168.62847809329
42409.488837562734
42465.37821801926
42506.46401513159
42509.38109361064
42545.830774935595
42747.40589625302
42887.162951922095
42891.6342249901
43020.40867130008
43058.96067049667
43085.44745610151
43152.34995904806
43166.375641725856
43204.36383534935
43287.38914174512
43324.56869262995
43465.42911786036
43599.677635506174
43784.88775120689
43829.86721763339
43906.607353147294
43970.89559058071
43985.75217139815
44110.954517019934
44115.56897102959
44124.28291487893
44145.23452767605
44156.789326228885
44166.15024521203
44324.581659712414
44366.929129016586
44367.68767846393
44369.627450681706
44371.871753637286
44374.56682997183
44384.638823627705
44386.20149321998
44389.636273070246
44390.95945140808
44392.48702781107
44393.9855058298
44395.2892766795
44395.35780010163
44397.814756406995
44398.320375457006
44408.169908133044
44420.253827575405
44421.13952739692
44428.20645889137
44432.494105664504
44435.46064193988
44437.997465318374
44438.08609055322
44443.488070692765
44448.919204136095
44449.25035530889
44450.767735057096
44453.66071504071
44456.15902027538
44458.42157953573
44460.89808485954
44463.17229110677
44463.94903215846
44465.854168084436
44468.164362903764
44477.63603025406
44481.53012787868
44486.100258629085
44496.20909645824
44496.73473462819
44498.64843095998
44499.90100368547
44501.9885013788
44504.056836400785
44504.6193569974
44507.316927879285
44511.60121959744
44513.06768253041
44518.04097531607
44518.74487915278
44520.537930009836
44523.059709286485
44524.98528055949
44526.367104565055
44526.70150266518
44527.7741770031
44531.9846868306
44533.49699217053
44537.800584898134
44538.70156015128
44551.994140247385
44558.23193462938
44560.89502493802
44562.73723997985
44567.49823179982
44568.41111272655
44570.80391702491
44577.80430298422
44583.957561312345
44584.120615461674
44586.16272732997
44588.123157054484
44588.308934725675
44589.05793344671
44591.83193583101
44592.436211745204
44712.56942097347
44745.232968668744
44864.96303666331
45146.48840877356
45166.041555433425
45166.580494632515
45185.75284479136
45186.81078446248
45265.798596962
45300.39833919515
45371.002633637356
45424.62403400361
45485.99149884172
45487.580053457845
45504.78818015678
45685.73231125041
45733.748016455495
45766.46575771046
45781.31225537278
45781.45168537477
45891.27040985072
45945.77974396868
45988.144251662816
46007.2016537993
46065.24985739477
46104.74955867334
46125.42461379538
46141.0083254998
46153.70875394353
46369.53919381863
46432.847056154635
46494.31867774609
46536.87064965104
46564.42827128015
46565.61591363029
46724.3026217693
46737.055495171895
46745.14190572439
46769.14935306509
46806.24010938356
46865.338816263094
46945.4630782133
46968.770002936915
47046.16862228091
47046.24325022069
47046.34037619264
47163.77114254137
47184.773305906325
47312.86613828634
47345.377990830806
47355.2527969589
47366.45519943488
47405.848587386754
47464.28348954361
47485.27227511292
47509.63505760725
47646.591551658516
47905.12268357545
48006.57893489369
48085.29172990616
48095.9955521862
48175.84110324988
48186.2634397799
48208.81390784703
48225.86258683817
48227.40868320508
48265.26411339631
48445.624700456574
48465.579071612054
48528.593259739
48534.132171178426
48553.494939353135
48671.82305261816
48693.648899149324
48729.42805494418
48828.87938930359
48885.16952664079
49105.82983940262
49185.79854482134
49237.07449185073
49445.645768230694
49446.315633341146
49465.36908993144
49551.12858591224
49684.14020485242
49740.738349759755
49759.88210412455
49763.2439288762
49986.35251607674
50024.76693057559
50025.67390382828
50046.17990359934
50178.96726775455
50182.95076904918
50217.324374924254
50267.67380178557
50271.84352484957
50352.01998731013
50382.53025625063
50450.157569185925
50526.52495769855
50565.61536020068
50585.28610312334
50623.631521296375
50662.25614830962
50720.525497056355
50743.32956177409
50772.73604018028
50838.31414839806
50860.77222543796
50885.24433477391
50905.87292033788
50985.04874841877
51005.46014698786
51132.26067101686
51245.04939281884
51246.480046596684
51330.32498810212
51330.73549230199
51362.7815583175
51384.8996096516
51444.135105981055
51485.838098096836
51501.8195878561
51506.05551471471
51614.93389747472
51768.978620385686
51826.19355497397
51909.68765139199
51946.249522316946
52026.040670400755
52154.63047555901
52185.16211640609
52187.75726059809
52205.43867135311
52226.743831415806
52247.4563356934
52305.4858974229
52305.75770702698
52323.88410628182
52384.694405768256
52431.03311478652
52473.31496158655
52565.78196306811
52573.859442104294
52645.71925177654
52724.21731923814
52732.61430279991
52825.434930647854
52906.77983095575
52930.34638716239
52965.85883478657
53006.34107823043
53022.15024773623
53046.09976597811
53046.302258594886
53066.465252172486
53074.47333981413
53124.85081017804
53250.07553986756
53273.2726123704
53324.31702397558
53346.451973316165
53365.02735094924
53404.391402417896
53533.066927642874
53600.47354677995
53645.06615006786
53705.69906479812
53742.7677605582
53783.34908058264
53827.990025053645
53842.748513040504
53844.9834876738
53925.81344290128
53995.80772697134
54026.491255822635
54085.181045130696
54086.593377340345
54124.868553144195
54225.676257955645
54265.842064104356
54313.255045048005
54326.29561456771
54412.562082517645
54447.93920573308
54505.66631132266
54511.203286978125
54569.76711559916
54714.018807378685
54725.12864702858
54745.74254244212
54786.14528958624
54805.01900953433
54807.163776061316
54864.73914981356
54885.9432895516
54911.94580897565
55057.04520375991
55106.41759285855
55184.552248760774
55186.49648097045
55211.15876226851
55217.92512607842
55265.62621677974
55440.400179688935
55485.77908435774
55587.90506508477
55636.391766427136
55746.14136049288
55806.211259793614
55904.96131622106
55927.11457537083
55942.116032688566
55977.86370390431
55996.00676909708
56015.75457171026
56028.34054248932
56043.80655171226
56045.18968641435
56048.57198144995
56066.63578517537
56098.29726971364
56107.53127498588
56126.25569539205
56225.61205853585
56282.171642356516
56306.005707602904
56426.013146000616
56435.51802418564
56484.95295175026
56540.06533269054
56605.02495664955
56609.06577932877
56618.44764372771
56623.8820562088
56664.8605555683
56779.29468531911
56785.61439969657
56892.76268330319
56922.94933794271
56927.19472737287
56943.95628244677
56985.6042292081
57025.52630235686
57126.22715303335
57146.36705372835
57202.55271846243
57215.30921827669
57215.31500312698
57226.170754956605
57266.262008787926
57277.57508871167
57285.735778939656
57286.41849886119
57381.62054346091
57383.75833328516
57426.06122727921
57445.51688898399
57463.709297083056
57525.698989401186
57548.339985403814
57557.98601567368
57630.03420829605
57885.97666942035
57924.47391096842
57994.087699702286
58005.5232397124
58086.48561332919
58124.904993930155
58166.89949820236
58192.8296511425
58227.14778809198
58261.76723883456
58286.74368180104
58296.31545690072
58327.21940093563
58344.414946226665
58404.48278122909
58485.77494030394
58486.05805133633
58585.41810810768
58666.00420409153
58669.39069185901
58704.89837110418
58728.17027710348
58728.839203093594
58745.09088531254
58805.45142397633
58840.50183678411
58886.18647718953
58887.150078151186
59065.15466261419
59145.235034191974
59604.15559676902
59846.695345712666
59885.938233782326
59905.22142134335
59965.74173605345
60027.338699964464
60068.70056967691
60124.61993260251
60125.25614531476
60165.54775978074
60237.63967054784
60240.324218313996
60329.4420284
60364.80846418957
60386.964665783315
60526.72757325663
60566.73672523011
60704.990590178386
60744.90825679293
60787.97568172935
60811.45434645343
60889.498001458356
60926.24724177627
60939.9771908327
60946.09417765776
60961.731817307766
60966.09563255083
61045.71023902657
61245.933230980896
61252.01021641478
61262.930119975565
61281.30289025431
61285.64130119983
61344.81920241459
61356.45269099835
61357.93700387292
61457.49999268775
61486.17152439446
61552.50867940936
61566.85265572498
61625.18257884901
61726.955746174026
61745.482874691035
61845.968592003264
61931.24407377802
62065.614594100625
62345.185536941295
62470.29629866302
62496.801687714986
62577.243663691515
62625.584019167916
62698.58560093661
62705.81388315144
62706.242798467814
62745.56275869638
62757.29955233612
62759.986607709776
62764.5262239753
62866.34680825676
62872.41554527946
62877.222474169714
62923.83685191676
63006.84056780406
63045.23169399251
63072.79746489949
63089.28948914164
63104.65121919927
63115.439950201864
63145.89619666397
63284.44471436595
63329.09511118929
63334.76342267004
63383.12001396537
63424.271608776566
63446.04816734882
63447.302476448276
63492.20595402114
63526.45910220669
63612.554453040124
63664.900561209564
63766.666519882376
63904.31504864432
63930.06019511287
63944.83472691354
64067.9704512963
64137.84251131664
64183.36233218754
64196.14955793255
64235.21787504693
64368.77816575499
64445.89729441391
64485.15090874501
64488.90803608674
64493.09737629468
64526.22886528556
64567.216889750496
64585.20317351666
64726.92258851189
64846.34125004091
64885.397382803756
64886.61567901367
64939.2563578438
65005.72059894761
65011.18251329211
65186.36299133805
65245.50921656384
65258.04464580585
65285.529361980036
65305.70565059165
65366.06261519288
65425.12526851909
65544.57661051111
65582.80691890366
65726.57822658299
65805.48477754847
65827.4569053106
65830.17962004693
65845.730094673
65885.83867270774
65895.240442338
66005.45120774611
66025.45147333482
66198.58747634948
66205.70023570232
66224.87681045936
66265.59424277954
66287.36658960258
66330.17067243473
66342.25301380224
66380.78008090214
66398.7928143374
66416.11744353693
66619.05969860384
66625.12225759728
66664.73332859353
66683.88916970373
66684.66388235493
66684.92639036167
66726.03398178573
66765.78161296499
66785.44846834768
66849.1774965152
66918.70260817341
67004.50767162103
67005.97774579276
67025.71498375601
67043.22063276604
67068.16675568344
67103.913244362
67125.06406367815
67126.49616111316
67185.65621079612
67245.21379048172
67325.6561473681
67333.10824766355
67404.96013873782
67405.63474653306
67429.29032832525
67482.38462064153
67507.47651881089
67544.41161031771
67665.96937638766
67666.55361237256
67725.43627728029
67803.85655026234
67888.4698339812
67925.92145178161
67964.06391198521
67980.99796065268
68104.85671699914
68185.37343424754
68235.43410900566
68246.70777059629
68326.08257562105
68386.22626006311
68406.06057596605
68424.71313100518
68446.56934426368
68483.28991409985
68525.25144380104
68525.81740934475
68605.48930779121
68643.54580175877
68685.5740999443
68699.25058468191
68737.00796980622
68764.29025613361
68785.37576717426
68852.89435350394
68873.40257636031
68919.93220625244
68944.89647019346
68957.9064126516
68972.7012771509
68973.55860620982
69055.345928472
69064.40559578639
69084.54243625615
69105.39698123561
69202.199785119
69258.88438884933
69261.0977151255
69265.56175744449
69305.289211311
69364.37525045626
69386.6578278866
69409.76599360832
69504.15643828003
69524.0757273629
69602.11231961977
69606.97731222869
69618.78757526183
69625.45058160431
69668.75254406894
69669.13749818646
69696.92182297671
69696.95114723567
69699.15379324535
69716.41157644692
69716.96701916607
69730.05248310894
69744.64958365732
69765.46943857949
69805.63959498804
69822.35664102624
69885.74071193965
69887.75187822955
69903.77499090036
69964.89177002019
69967.90797487689
69985.25675871795
70019.49828212008
70048.12134715785
70067.2407395353
70086.21383314671
70285.6696412327
70293.32808460898
70322.61475560906
70345.682855487
70356.64129820692
70357.05941695388
70364.99868772991
70400.76393473956
70453.08320824715
70485.01149718631
70513.11949361398
70559.88407551554
70566.48115525175
70568.45184859895
70579.58174056637
70642.90518371425
70645.85731940922
70693.08250940384
70714.96638614337
70725.34901495927
70748.82730824348
70751.79185694856
70753.5808149948
70754.49321896373
70785.86534079108
70787.7583397888
70801.55372465348
70836.05638864855
70847.31120315462
70861.27549423944
70861.92068904538
70912.35118663246
70993.98566100092
71004.97333930018
71013.25885081785
71019.84398770671
71041.92992442174
71045.66731548563
71104.52346477135
71172.39463305098
71173.66998721664
71198.61990308709
71220.80473374152
71235.11073226522
71244.27414964093
71245.41131506104
71254.25669079696
71259.2867879525
71268.49130574227
71326.42208347385
71362.97595703384
71403.31396891056
71405.28547535566
71448.78559240242
71453.26589479022
71464.80142007163
71526.84055911475
71528.64502930273
71529.45898632058
71583.17692260831
71585.30110094121
71673.53339884659
71685.10634507291
71744.97632360768
71765.77833682697
71765.88590805311
71824.12415252333
71833.04735667935
71844.43892167482
71846.0137628993
71856.21370486726
71871.70141636328
71947.82295175614
71971.64417784587
71986.03143351288
72009.63456080713
72068.3728657475
72093.40845975373
72116.41156051459
72125.46921594201
72145.6186983459
72149.04248395485
72164.66118523442
72200.9178031231
72203.39425791775
72221.184990075
72251.78518761501
72258.25976371294
72272.91401352837
72298.50531127972
72349.23065880353
72380.90542877681
72476.99189387857
72544.64753274679
72545.37832834265
72557.35964794585
72564.98545345846
72585.32697873503
72614.5696484681
72619.29436444512
72625.53784155546
72659.88375367572
72667.93981153952
72674.85394731932
72685.45786655799
72695.64066877337
72710.9851107978
72713.17077861038
72720.89195963625
72767.39714042094
72786.31108518862
72806.54487190576
72876.50611657722
72905.6520469029
72928.49412215514
72937.83952354085
72944.1208093556
72958.54521477116
72985.45009056418
72992.19286756955
73047.9967744729
73048.7199219022
73084.43318390293
73101.81238769743
73104.23168127376
73106.16698235564
73109.4094005403
73118.20532702589
73126.33239561228
73132.09483265338
73137.38638709375
73188.93026206382
73189.72490502047
73205.38387777671
73224.92284737347
73237.66047370264
73237.73409166733
73241.15994028376
73272.59588805583
73285.46481165428
73304.98571164836
73317.06839477965
73331.7966861982
73335.65658411822
73368.28042227248
73412.08139109446
73444.8309959226
73465.59272220155
73486.8108911093
73518.59387138461
73549.8416427725
73566.40648508309
73567.47174798066
73588.0659598165
73589.52924594126
73606.25859986663
73618.49693046615
73619.09940863398
73624.28529740912
73638.53004924995
73670.19840678934
73697.51613152478
73712.27121099501
73782.04772145061
73810.87441372787
73823.91629523077
73826.0143411792
73965.98158909984
74019.99535156647
74026.99721595288
74103.3942888813
74119.91159569913
74125.71074390877
74139.70312314414
74174.5450655082
74194.72019209586
74196.99500408447
74221.43126718688
74224.85921582048
74245.15413770062
74266.17506760891
74344.98596457521
74359.23728591038
74383.03613658929
74441.37012341514
74488.70209896984
74506.44253724375
74617.55222488628
74644.72501234617
74645.36728337855
74653.45744529556
74680.11561961425
74697.0270729047
74746.15225444023
74762.56202057509
74825.12147764438
74889.60267986693
74910.14919895165
74964.39911602286
75040.31464807727
75044.33032085739
75046.8169522785
75061.81886489628
75078.79979163042
75149.07745136475
75153.60448836588
75154.53301844555
75173.75279433938
75181.67882438564
75241.22211163366
75304.18609513507
75346.49602902838
75379.31577644557
75525.74850502201
75605.74306405017
75625.44034174646
75705.1866613899
75854.83380130627
75864.53656809757
75885.66494092187
76145.87838053735
76206.45543681466
76286.73870190931
76414.85302213946
76644.58103803248
76645.65039981896
76758.56192657954
76945.02146023313
77105.05633934375
77146.67934783279
77358.9875759829
77410.79156392284
77511.20853469746
77584.60442618292
77584.8239314588
77586.55017585731
77686.40925421077
77695.20339482566
77805.24599613315
77886.89066224196
77964.94860304057
78006.1545502476
78107.22656955312
78226.35826982291
78245.70379533731
78265.90567497253
78327.46552413193
78357.89613561038
78645.865935583
78786.00590626967
78885.35779929016
78886.70386214553
78986.05613583674
79046.49518735084
79066.81039163512
79085.09501971431
79108.89368402923
79234.32969878973
79286.50327781276
79464.65197398259
79551.387340422
79585.38550027447
79625.13671804371
80038.0336082403
80045.12881011864
80062.22062187108
80105.61906792666
80244.55364211989
80425.67103532786
80604.03349099265
80744.96775677534
80905.3855311071
80946.59552882858
81185.75961066835
81260.32041140147
81323.10615658888
81405.80552934931
81548.81727027526
81762.96879086604
81928.20835083225
82048.36795179876
82103.40510646728
82105.62609305583
82111.47091335304
82126.56209777531
82186.8683133912
82265.51657229911
82325.04344891725
82459.5492115865
82525.87526154611
82726.53939061587
82764.3685579366
82845.41753249474
82866.7091399948
82885.89725621218
83029.41239560473
83246.67913345374
83364.60007863092
83404.49747096818
83565.0439831613
83665.45562804096
83686.03160860323
83765.20079558155
83785.19126867985
83925.38700129087
84044.97035085573
84089.67698810782
84140.44653909054
84225.48118902101
84246.63994442452
84325.6829785901
84356.58685978354
84610.50005141147
84626.57451450525
84685.85461040612
84705.03802219965
85126.28689260661
85145.10888508943
85186.84835372202
85244.88360875957
85245.57556417999
85325.11642129412
85404.85953870194
85425.82083232496
85524.71591660692
85596.09166707817
85604.33146011944
85606.41389700914
85625.48312129114
85846.318288396
85905.35055258514
86266.34466133948
86299.10888353988
86539.98210871601
86545.836161097
86623.16104825948
86645.6299779494
86743.44021604075
86795.04781402489
86824.81073696891
86945.38836889144
87048.91337564844
87063.45135574375
87420.29381185176
87485.85312856687
87525.69430358923
87585.92436334003
87586.6676766946
87727.34376336138
87744.99167678511
87845.31017140864
87867.06721689485
87873.71178827056
88044.82912725685
88045.62651859022
88065.0162941395
88169.96959451221
88244.83162855665
88345.77970171621
88345.94305760841
88485.74067357958
88603.93767539642
88785.84328798913
88796.73348738744
88866.12255494054
88926.09853421812
88926.16600600885
88966.66651618936
89204.33825707455
89224.69468391773
89265.80155069393
89285.23764546265
89405.32027531393
89406.76799594445
89425.34500722027
89426.786123285
89445.53054785995
89659.68072379919
89745.42360500593
89806.75482964193
89806.84898826778
89944.31979488628
90025.1705920706
90205.23446631372
90212.27922146459
90284.70808427199
90405.9877805218
90485.5206218564
90504.42679743438
90525.30057172145
90565.06755656852
90584.18873661649
90584.85129601153
90646.3716323885
90686.39509653283
90705.7978268185
90846.33069731058
91006.25302949733
91125.91665617269
91205.82905597148
91283.7874445567
91406.28054438606
91606.13868957956
91785.1967649225
91846.20577931263
91905.6190750214
92105.70773915644
92172.90033603796
92545.22166833525
92663.85834826573
92703.93453793373
92727.32109543076
92801.99566309166
92965.46650792101
93122.5817144934
93205.50829151034
93285.8247337293
93286.32617411365
93326.47210493378
93365.7504861023
93367.04194845591
93565.51175715463
93604.67631389055
93666.52211982185
93946.2997585384
94024.36679641544
94069.61958876003
94205.62258256775
94306.32214108275
94327.62987372771
94365.71297515284
94403.6909980051
94444.81371629499
94548.50822751122
94605.80626759418
94685.34464727416
94945.30963178693
95185.96774342583
95233.35197931038
95264.74409095946
95280.53401109546
95284.37842261491
95365.25680543768
95372.45557730547
95406.0440056117
95484.64293514425
95485.53272621908
95486.50328187378
95517.81808933118
95525.0494880118
95546.1015684252
95565.96438571252
95605.4684550512
95606.14878046297
95864.41695480733
95884.77879792397
95886.60762958275
95946.70304587031
95985.64846837787
96025.30457700479
96115.93825803766
96226.87518272435
96248.14015460739
96333.11201025703
96386.11434629257
96426.21867126274
96451.71427422903
96485.40044069763
96524.66320281144
96525.64869198746
96594.5214752721
96646.6816649537
96746.58517060678
96746.70578361371
96765.80302960965
96985.94141334656
97086.27485308974
97156.41275285433
97165.89122709974
97172.86536001085
97188.06116669613
97206.80967108063
97226.39644926452
97245.14708358103
97246.04747048579
97246.2783728394
97346.24283824356
97376.43696460647
97404.85458517088
97460.28160044203
97464.18398505021
97564.26789199715
97599.32333389312
97605.00132971504
97644.58884576055
97665.73385755137
97676.83906231126
97805.34240296748
97887.27040589429
98081.42451898249
98243.9300686782
98253.34797267785
98292.51019809725
98301.76117518486
98307.02034292376
98344.75727486517
98359.61255136874
98392.14476838136
98451.05364149352
98465.60369837674
98524.84202349717
98525.09848618392
98559.55749537851
98564.72764341802
98586.35105057717
98593.18087911037
98625.75396089253
98665.56071849418
98705.67635532714
98784.66520732615
98796.07074425128
98805.75534372525
98846.23725243987
98869.28245149596
98901.30245513788
99145.27652657204
99159.40854310305
99160.18939165464
99265.97166533666
99323.61643317067
99385.12635451271
99493.0510104532
99642.02626159579
99718.87162188244
99727.65521385064
99769.05923433727
99781.89908981147
99795.48720898108
99814.92113576682
99865.67917104613
99866.15779315194
99993.37428153414
99999.50774731186
100005.58253718857
100056.89974698017
100078.5898881506
100135.48140994538
100185.66993536612
100193.9292383139
100253.32936361597
100279.13521408473
100313.91442818393
100360.66430631994
100403.10401789339
100436.61629381229
100445.65040078742
100452.48957337144
100565.28867097541
100599.12084994621
100607.80977443594
100626.62180987377
100639.55704103521
100645.08738886719
100654.80629893998
100718.75077069397
100719.71345044306
100865.74817407507
101041.90770410026
101125.840463761
101185.72200653891
101214.39628318787
101265.170048167
101367.11886849008
101472.77242972194
101485.97989999322
101494.46733523316
101506.579736531
101546.30027830515
101595.52748921556
101617.20586060887
101740.53138883221
101744.91883090761
101745.81771088901
101746.31509893012
101766.20527474818
101784.93753554643
101817.33867822881
101869.96372976688
101885.79171425474
101968.98844823833
101986.03646742494
102017.49537008136
102034.04690463012
102044.525029523
102065.9405666519
102096.92369633618
102113.45268991048
102139.40247549582
102152.6881641137
102185.4383874302
102205.69287578811
102225.05664198403
102282.73849053557
102287.0768911592
102306.12309257158
102306.29200836878
102375.76725463971
102378.93222270072
102395.82996167823
102399.8020122854
102404.58824789996
102425.36788501024
102426.99569944643
102485.83183851464
102645.23565258931
102649.70100032221
102664.63726855486
102766.28031490349
102779.66716101594
102825.23736411693
102839.8394496238
102866.07752057328
102898.13349663018
102916.79820042088
103097.07910906585
103103.56472984838
103116.36346741002
103144.99439796715
103184.5207620372
103184.80016860388
103200.60235084752
103245.62673034631
103272.13896294056
103275.3303599779
103286.03524041054
103294.25513262105
103298.72484754014
103526.02329571206
103541.98604851316
103597.91484776617
103680.76645054127
103686.94841588015
103705.58342030842
103756.58737136499
103763.97103727394
103784.92868524029
104029.34914958256
104105.00908730776
104106.90228231592
104155.45680824398
104175.39232822812
104202.66392686532
104223.63947383469
104226.0210292525
104266.34840886146
104306.18252319844
104325.22160755529
104327.26086444188
104345.57768777548
104366.5241137294
104373.71505277358
104470.2341711665
104515.7237493298
104560.41615307788
104604.54170897836
104626.84121086201
104631.45577175116
104692.07599947412
104785.23589902517
104809.79991333907
104969.59694531158
105045.14396647699
105146.44755495891
105150.9768336609
105285.30376936865
105295.1633944814
105364.21587992176
105384.17942437786
105528.40462411425
105536.40612101652
105605.6367429569
105771.030939484
105907.20674415276
105924.22119288585
105986.05666346986
106044.94059753614
106183.22295209047
106195.6617873398
106203.90979055624
106325.47312086007
106326.02917688596
106505.6055283075
106532.4291602872
106636.79340562597
106754.07371612515
106765.18878063477
106779.51160951282
106865.09297486792
106925.56217605493
106945.94423487334
106979.52154285678
106998.09938485891
107185.80614900943
107206.14990057792
107232.14375621108
107254.00035163529
107424.47159723025
107446.97148167618
107545.69682852503
107565.38655836317
107581.72477002053
107687.71034425062
107783.75126467981
107825.25110925321
107825.71091628284
107826.03756743911
107882.21593411228
107905.34003504404
107926.1044218876
107944.50668439452
107964.66220252699
107965.0522551368
108064.55530927352
108074.24872393666
108265.54515376015
108305.08901251653
108341.9941107101
108425.33096271638
108446.45595405505
108525.37611500331
108609.83595181537
108626.10551472589
108639.1140506459
108689.724544252
108695.50156280505
108724.57518268294
108765.79023466067
108864.97957790448
108898.01044712894
108985.70456888352
109044.01733458007
109066.09579148433
109067.388592352
109087.42772433802
109106.22407656907
109265.48740826541
109326.13602076033
109399.80390532086
109444.89811404594
109579.00746248159
109685.04664433764
109692.51723475837
109704.52153750008
109705.623684566
109785.23415060232
109828.10438802793
109836.66006843878
110024.29018700053
110045.92521252153
110163.66051071075
110186.71355913924
110193.02978329432
110205.87668735147
110209.59732437512
110343.3872459686
110472.08867911137
110974.29315807602
111042.93730345699
111045.11220499116
111064.84321719836
111086.24007331958
111145.22815035962
111254.01729827852
111265.8383691771
111381.37761988914
111396.74712164947
111406.118134589
111406.53516192532
111446.09033511751
111485.75264537091
111506.11619861747
111565.44877571765
111712.00676278563
111785.78658813902
111840.7533595391
111885.94107905359
112026.54415094042
112113.3820265781
112129.33872977505
112147.11174907254
112185.57887450805
112205.59120251618
112263.96529837229
112266.90419453027
112267.07662709097
112289.59883718926
112446.97912771914
112505.0546694815
112635.83864705371
112864.67054301902
112905.62099272781
112925.58842376583
112930.73658887642
113076.65480919438
113085.99008638406
113112.23216000712
113184.91324295333
113265.03006146516
113286.4193601589
113325.10139893842
113366.71202859517
113466.64723069307
113483.36336452946
113485.73545882133
113504.76029324209
113547.14648323922
113569.15738962298
113666.71020698153
113677.40506250062
113725.50140919098
113805.74804766978
113864.8885535724
113945.4212140141
114065.2202989856
114125.07634756184
114225.99235452985
114285.02611603735
114305.72510188018
114307.56926796128
114365.60706291211
114382.07867896723
114471.53196382898
114507.4981254101
114527.11970208917
114566.28236078956
114605.61064769466
114625.5716902955
114666.18646298313
114666.92038093045
114745.79685437461
114945.85290798401
115005.69328523947
115006.08283678982
115024.83171433532
115042.85170679181
115125.38558600306
115175.04342072413
115485.92577960694
115506.32988714278
115535.0425372599
115597.14043196704
115755.37607915114
115766.76715515593
115783.51120106221
115839.5699338248
116016.32045526944
116072.66958453646
116211.15223262578
116224.74972359992
116284.58762345601
116284.66945469465
116365.88394521648
116374.98029364557
116388.75836758845
116417.24523864931
116605.29123871334
116612.7092627834
116661.64354515365
116684.99324373227
116709.5113401899
116744.4118123932
116745.77020043827
116746.49287479967
116780.37238072486
116827.4478764043
116904.68102248602
116905.60784244389
116960.34089080838
116985.16087155673
117144.80090032403
117168.39325078476
117204.80549833296
117214.46225440022
117226.60172688497
117289.96937377607
117319.52429984062
117325.78889544516
117384.83564563621
117456.8763274725
117463.96699403241
117505.99439930856
117545.90887565758
117634.17171061263
117644.93220650777
117645.44590051583
117663.9958164909
117705.29907379729
117726.06562154938
117863.46535655292
117897.77200965631
117906.8763531056
117988.51031523441
118121.28188069558
118186.57035163771
118195.69508119402
118284.46717963944
118295.5931670144
118384.98164109414
118427.06162630954
118465.13407683113
118526.23270534728
118565.29605062338
118625.05579331514
118626.32521545813
118648.05760726865
118705.44336758484
118726.1900853662
118768.549489156
118864.52064336387
118905.5479547353
119387.25993080935
119403.9036472462
119559.74446698593
119604.28104920857
119645.99823833098
119705.75701590507
119734.49952708947
119764.79763012618
119831.48966078678
119837.09977509247
119885.94050312391
119945.87099598502
119984.92885191593
119985.58218918144
120042.81907942268
120045.04722450135
120081.36245147393
120164.68278058921
120191.50591370599
120225.85025390309
120348.43655767135
120418.28968989622
120485.8251335419
120561.2428758645
120585.26731714749
120591.05551805187
120761.06611965406
120772.93114071233
120845.53266349394
120992.66162460993
121006.18175134111
121006.60828786815
121034.44556709925
121085.58302701225
121096.32521992624
121185.94746007244
121243.99759318579
121245.41589831177
121266.79294365003
121365.30923786873
121385.43028759806
121400.25513726388
121544.97074613858
121665.3155974192
121804.4830398553
121936.05184492383
121998.70884433796
122044.49953986728
122044.72067125408
122046.27008348872
122086.30755333953
122104.97852929914
122184.62413122051
122217.47574342227
122254.32089315844
122255.14444396457
122346.08474994889
122346.32348080845
122350.93591437447
122444.05609328322
122458.42392620782
122466.11840266055
122551.10984514063
122625.80123055598
122626.42567417992
122725.83307247455
122748.25284742669
122785.6058050789
122866.82422287928
122958.71610954925
122995.36974283998
123026.25765237294
123086.59980793203
123106.66529315988
123247.29399614756
123368.09722065408
123415.13498471718
123465.40281285222
123553.6234692236
123619.30981515787
123746.38239982146
123845.420840923
123925.13320893348
123965.54872689131
123985.41255130437
123997.15714727511
124025.54167393234
124026.17649968558
124104.57275047636
124157.20978562906
124210.043229773
124236.25207824085
124267.81615693936
124299.57799660764
124465.82680192534
124488.98461191745
124646.24977556309
124746.31834747025
124825.71643623742
124826.46422052772
124962.16181102276
124965.3603751397
124986.4270456031
125029.08322524982
125030.4812488635
125053.38845377314
125145.38004198234
125341.47636775419
125423.65902857302
125452.76323099699
125485.85540224562
125486.51630802943
125522.92746289786
125529.75971107595
125644.61152295317
125684.84802838364
125733.4193556475
125744.68852228558
125946.4550860056
125965.45450658335
126004.70642816089
126006.16065305134
126045.65528204892
126066.05484366664
126122.63725165723
126225.6649385955
126245.51155814227
126275.10512177511
126275.12894004019
126286.16535622046
126289.83937334624
126298.7025417604
126304.42168713376
126312.50356971685
126326.09924450253
126346.7942668005
126382.68289780727
126406.72596142115
126412.67244125082
126445.63297099096
126451.99784646796
126465.06666719637
126604.06920613203
126685.6176994644
126736.56265442321
126839.05051439466
126924.38821980913
126926.93750840936
126930.07902131003
127065.83255430877
127144.30895381025
127146.04901900514
127165.34597503208
127265.04012789023
127266.33058702627
127286.14667351266
127286.23002829128
127342.97474550515
127427.28876922996
127445.8827667734
127455.00485349295
127507.2837764114
127518.55326856916
127624.60643359534
127645.92832221558
127709.88552574646
127804.21189811257
127808.57072853325
127843.74359759377
127905.00111244607
127945.49277057058
127955.6253255567
127985.47284362403
128021.07093494429
128066.15532194548
128071.99034293549
128084.02479320047
128166.45763197228
128264.24581613104
128305.34873255127
128325.95763119098
128328.03075483859
128350.08600171993
128505.5610327873
128584.76831539001
128598.2397858465
128625.88672101936
128680.0407573609
128684.6021534594
128771.79085009247
128925.09684299314
128951.28563580484
128965.69978234594
128992.39633816716
129044.4789711011
129079.9978590958
129131.97437032012
129202.44163550195
129206.80867025297
129211.72414741086
129232.03308075918
129305.01675733911
129394.70481970857
129446.16627294425
129537.20808573926
129546.84979518793
129565.74272514367
129608.69309867195
129666.18110470023
129875.35289404281
129887.77551816005
129988.58622575161
130001.25279429663
130145.43470232519
130265.91443264257
130305.27711873941
130425.17345461836
130444.25609430156
130511.92036203388
130521.4669551123
130545.6198559732
130606.45827263639
130623.7789652183
130665.39499794506
130766.9066847341
130767.11401383963
130769.96545029034
130770.11555986237
130770.34521909087
130772.00924495599
130772.63978641543
130774.86369611364
130775.10813574656
130777.06681498003
130781.5888207006
130785.49136771998
130791.36590995867
130804.2009587154
130812.59508993253
130815.12020375751
130817.9190533829
130818.81291704328
130819.92191953957
130820.99068596192
130828.03881748448
130842.92587720611
130844.24190093437
130847.9781717626
130848.92309568933
130850.75089541863
130850.85079917734
130856.55949891715
130856.9499843997
130858.90408903721
130860.71074193524
130864.27139579298
130865.02697059629
130870.40219248942
130874.75443223366
130875.10658843874
130875.49297150681
130875.5006295285
130896.7603242918
130897.3552224754
130901.06772809415
130902.78149135437
130905.24621021288
130914.95545600986
130916.32137364565
130922.74399064346
130922.94531458814
130927.19754819793
130930.26107356884
130930.53319360863
130931.45099831835
130938.38642696594
130951.87509490733
130953.21362742958
130955.4971555418
130965.26825551587
130966.01984984806
130966.2046907076
130974.45170976542
130981.49135733859
130987.1512480621
130987.30235320772
131005.73970747531
131011.15830072609
131134.76514343562
131285.4605675417
131449.1101755572
131582.96518608546
131605.87568071205
131744.68842180885
131763.82944053883
131814.9258671138
131865.8005137149
131884.08542489074
131885.11545369102
131939.73322869325
131964.65546179065
131965.01205435005
132005.70722976737
132085.43406111663
132108.38174292727
132244.4837406576
132264.78105958865
132424.70964714832
132427.74390588893
132454.53050457148
132465.79033381652
132508.74638898423
132529.7269669433
132586.6875933566
132606.76600015303
132646.277110681
132650.14732427234
132866.53160441434
132928.64693925966
133126.2804553419
133143.58662579945
133177.21234443763
133245.53043323467
133364.16516533415
133406.26145905536
133433.16000092248
133466.1265787797
133545.5505748118
133565.12396730456
133577.11431383697
133581.30772369067
133669.71225786235
133698.487357168
133781.95740019987
133848.03846997232
133858.29303874262
133879.75769030745
133885.44801590344
133896.89306905775
133921.98691312614
133925.7766125984
133965.55102096937
134013.73471030986
134026.53373736338
134046.05931007082
134082.35103105803
134226.0677014539
134236.19782610837
134284.501003114
134305.33960538937
134404.78592782366
134450.82182072022
134453.58832522255
134464.70212034314
134526.28283238088
134572.04100073123
134577.17373943853
134865.7743487623
134874.7218638965
134914.02621809902
135005.12026160237
135024.8637619787
135044.532089292
135065.65728712978
135067.82068458645
135125.97952868644
135126.77428307026
135199.6326500325
135249.86942254897
135326.20376729337
135334.44823182066
135349.43992230535
135364.96999219808
135450.39961083958
135497.76273520468
135500.26525280855
135565.7866957312
135686.46747996775
135824.51048637734
135825.12192956553
135876.37677982124
135905.30466458082
135905.7334067186
136004.24237689475
136025.1772125762
136143.58340209816
136198.91823486442
136271.7252506762
136286.1239245033
136368.42166656704
136425.0221830823
136445.23199351295
136647.06919223708
136684.63364348083
136688.53335595748
136715.44085020412
136739.19569367653
136786.25479422577
136786.69730309575
136845.7187322397
136866.3223762373
136905.33331656267
136936.30330782777
137045.42807096132
137124.65751971665
137145.80591469764
137154.73979628034
137160.79288775957
137426.11548848852
137527.2835294316
137722.03401433263
137733.66414864556
137767.36679085874
137966.72849264927
138032.28953651775
138039.49078528723
138078.68768287153
138107.5141861051
138164.38934644122
138207.53083187406
138229.8865490214
138364.78351390758
138403.95443185966
138425.13345798256
138431.81872019084
138510.5419241874
138526.45087673314
138597.45178463982
138645.00967549346
138706.62718686782
138737.44564158723
138765.88025898553
138805.3761548581
138825.0482311562
138836.7359177894
138884.07696339567
138916.7696236209
138960.06185180807
139046.4287161787
139125.34671360865
139137.89912922404
139164.7559411647
139245.25630396677
139249.61246323562
139363.8208798237
139408.91345376297
139485.29897341007
139520.8277379708
139530.57892622682
139550.7198817163
139604.41675013182
139616.28494555553
139623.5231196542
139646.1503576065
139698.4072317029
139764.47442896193
139865.36617334175
139905.42533810152
139925.33534712414
139966.06951306606
140002.55205974902
140012.17441109382
140084.63236823547
140105.4142275592
140107.35459763618
140174.32529133378
140385.9725881579
140386.69070856133
140392.26140741387
140405.5896585653
140493.87145364675
140580.27166450396
140590.71414212827
140639.39951166755
140745.3023827411
140827.24602389123
140906.57710485207
140932.3941881709
140965.707863513
141012.80858705365
141067.62617356126
141084.05390949105
141164.07907747605
141266.15246021326
141357.2645278493
141445.58684130225
141485.25277696294
141566.1424198001
141664.70731071042
141665.70335918813
141720.53235793815
141785.00455120567
141825.79096153183
141826.2700846095
141882.9381331961
141944.5706243737
141949.1265714895
141984.9063094266
142038.0503223702
142165.55793477633
142218.73837139233
142288.27037111652
142306.11735225265
142344.91029527056
142390.57467976693
142399.80900454806
142506.38190113977
142532.82361132832
142646.21933431478
142690.15044365337
142697.73249873304
142805.11781158016
143066.81501474662
143165.87149449522
143187.74354348096
143205.88565236764
143245.08581621564
143286.12922645488
143345.6108121722
143365.09936538633
143386.71691086015
143398.74251001782
143425.40368135052
143477.84542879387
143530.7165325508
143645.29151579092
143660.404444355
143702.61410306295
143745.8970451058
143786.8145729185
143818.40460268702
143870.4052315993
143975.38804064307
144025.99947528742
144045.43026886758
144126.0623962907
144227.39906250936
144248.64842411375
144365.30683143524
144385.1182676386
144420.05433300268
144443.60237804026
144446.12109097603
144490.77074650212
144575.58083328552
144587.43716529993
144591.09625796342
144625.82898950088
144665.7633414469
144679.71429286987
144785.94330034294
144795.25966397376
144825.6273612228
144831.04459541693
144864.70598452046
144885.3437128256
144885.45912836416
144904.47155802758
144944.57906064432
144999.43587562727
145024.30292878972
145192.93272885348
145365.13539846436
145425.91010086518
145447.21832979957
145454.50987162057
145487.162221668
145527.5837895375
145566.12937638606
145685.06382381322
145730.65821937667
145745.9510287112
145765.5860358194
145826.77225677614
145845.67965576766
145965.9096457908
145977.70599140358
146006.0785427317
146086.49073078486
146144.70331221228
146305.91100250604
146324.42535276906
146445.69592033006
146446.07311627668
146524.95869535208
146525.89397908174
146566.9747967937
146685.4623005946
146753.5935406117
146805.8775653438
146907.4465302861
146925.839922946
146963.6646840723
147025.59889745398
147065.3961995859
147184.96474560254
147206.2201556416
147222.64438034123
147367.05065561624
147505.58190624474
147570.09258124194
147576.36916574743
147625.05405993058
147665.7894737354
147695.46583876203
147705.57272899014
147733.5299695958
147824.12049007035
147866.19996127745
147878.58217824367
147885.2572622467
147948.95645618107
148025.89696505357
148071.9037401478
148084.20649242107
148093.88644134265
148104.98418452404
148246.44928755585
148279.8599935116
148301.28094319452
148371.49320826234
148459.50121558458
148514.95768924846
148546.23789016606
148786.07861394197
148811.93015490077
148894.79168952553
148894.83208006245
149006.2051329263
149006.45453071612
149009.38364729157
149041.53971557258
149137.673158286
149415.07542226402
149432.56779135347
149446.31740691236
149485.3281939711
149654.70981960377
149767.28796831414
149785.5404778821
149852.07733716117
149918.96149544496
149924.39090182722
150005.50215232625
150024.36404177858
150046.26624426665
150140.0557863811
150225.8850538498
150244.67330790535
150260.66400051716
150285.29023215416
150305.3964987164
150556.2077518279
150605.96577501856
150632.88020893084
150669.05353170546
150800.74365553417
150956.20716315095
150966.98065814184
151004.47116058256
151058.73390212288
151125.68551727434
151206.66331256012
151206.7077985107
151225.20890972923
151306.04962938844
151366.29409664258
151427.38335639818
151506.2144261744
151586.1515903
151611.3577128968
151629.84850383652
151725.99381276217
151785.4956191752
151794.06530518783
151936.9091356636
152025.0099669154
152085.68579296392
152086.39739455914
152107.87544469835
152267.06895460217
152285.26170929178
152364.90971522962
152466.45794513167
152506.55721737922
152540.78243991098
152545.35908755515
152565.4301593214
152606.63557855325
152744.97667156826
152745.53940135293
152784.74724985575
152935.31458652485
153144.33619845338
153154.55853501975
153174.23499932623
153185.50708177034
153265.38368388003
153456.3922439576
153465.6984618474
153486.42098727264
153525.66622855474
153531.8148320713
153545.5099472203
153546.52523463228
153604.86185112136
153635.1971116432
153649.5403359565
153805.67625791588
153815.68968376156
153845.2673176317
153933.1954314274
153934.438570086
153936.25354722893
153945.4130786759
153945.52889721058
153966.5517814394
154045.33745129153
154055.2189951731
154085.9216333427
154087.0676151737
154125.821089653
154146.16123114314
154159.13626292208
154188.39092729666
154265.43791401116
154324.60713416478
154360.409064052
154386.88635111167
154516.56221101788
154587.05754824277
154806.28438553185
155025.7595643618
155026.51105462993
155038.2803988774
155044.94915130545
155185.85882051772
155185.985521428
155205.2513930712
155225.54402395218
155226.5573240691
155246.9579581274
155257.56608671197
155285.57966973173
155327.4127892137
155342.77130061132
155342.87179161713
155386.00706964955
155396.8386701324
155399.6611828445
155413.73740891536
155434.6923987897
155447.48357607907
155465.83267424768
155526.0795290868
155536.38918492105
155538.30884327245
155539.88882583642
155548.5994336651
155575.0798052147
155606.82307779574
155628.31238317242
155630.6406245365
155639.2311817647
155641.29269823746
155807.41419093442
155892.3476713547
155928.78638597732
156009.0673346176
156084.3496336111
156096.67980859202
156101.86279221805
156102.63199064095
156105.93714101467
156126.8945594437
156222.5425402847
156227.16825330132
156227.54557544627
156245.69063426027
156337.24769453262
156353.31667396252
156368.2408950769
156387.21460411997
156420.75770155736
156464.66125085248
156464.80764718846
156499.13988569018
156521.04220000305
156535.51073877414
156539.0803000307
156544.973710211
156545.24981848826
156546.80357983414
156575.19888577942
156580.52041715695
156604.75019444645
156608.3520287371
156640.41793658098
156643.8917101304
156649.53581465624
156651.28996878528
156680.98401976493
156686.1107547982
156708.47506090146
156709.41877150355
156728.56584300223
156753.09476432635
156836.14773648314
156886.2419113003
156945.9472144713
156960.02570644696
157004.77539251948
157026.01038941048
157046.57404030982
157057.06774249134
157085.09223652605
157087.9541732053
157091.53248167748
157202.2670602775
157204.4139382556
157252.86677284405
157255.16429578164
157257.30518982012
157265.26158784248
157291.76853341673
157404.8703611574
157411.34888031957
157444.46600441143
157534.78159327523
157569.3212106528
157573.43466737814
157575.70577774837
157620.20529817976
157624.98835877306
157683.07056506618
157684.57002535582
157778.8597893447
157785.50869576284
157807.77907331253
157844.94090838853
157845.4172855922
157904.87585916722
157906.55819432117
157939.67667763878
157940.79246678395
157945.8918602072
157953.33346148665
158059.4627450331
158062.1789713921
158065.80380023472
158188.5795369978
158207.0030206709
158220.02052220755
158224.81971996976
158255.0177891879
158265.87295546778
158272.37953655486
158324.642431093
158344.8357569086
158389.23838421976
158421.23132125568
158457.52051008109
158509.17047933495
158573.0369097298
158575.92268368506
158624.31093658606
158639.18378151342
158642.45972497592
158686.65252760542
158704.98190794367
158721.03492162662
158743.75804048596
158745.47695027862
158782.7467524414
158794.22527169943
158800.77978743895
158805.32639089614
158805.51284746992
158824.85609156458
158879.06218459795
158903.25734188152
158925.81757033733
158926.28912195735
158939.84189720993
158952.97271049354
158999.40210359712
159019.23396355333
159035.87130961573
159037.266594864
159037.6267697172
159038.41062556638
159065.19380396573
159067.74059467847
159105.43585761142
159155.35085396492
159165.99449893425
159205.82893598592
159231.7640806908
159300.0676347029
159331.4121717163
159341.32321594332
159360.8393299473
159365.29598583182
159375.66643540334
159405.73954083485
159465.4284862533
159495.03447359428
159510.18232828495
159527.65979226865
159547.62612295424
159564.23410358018
159595.9011260013
159660.23741900304
159670.6594513238
159796.4193458921
159805.1542493776
159835.5606523421
159879.60460226
159900.54545587173
159905.63995057723
159926.04673531902
159926.54536637734
159936.23377537285
159982.01222038933
160004.69398896775
160005.60268991342
160029.924715374
160047.7771236017
160059.23239434292
160090.0794643
160105.53493870766
160125.69158590422
160125.74253783486
160157.86210442008
160176.30166197586
160207.4104646949
160265.15063759068
160265.59227810643
160283.7504286932
160326.69936531098
160346.13813362154
160398.1116270044
160407.46279001038
160415.35357411002
160460.6435429641
160487.14415600867
160503.16250141384
160511.15097998
160513.4848259638
160524.77172889945
160530.8535540374
160532.03592808475
160565.88874104188
160573.34951438545
160584.8158694685
160585.61180342856
160585.90062822425
160665.70271846614
160666.79312407895
160681.00661680888
160682.55556548492
160723.69162664015
160726.46756366963
160760.78275223423
160767.09981981228
160778.65828369732
160846.20499890315
160857.92464504798
160982.46077268026
161005.49817098858
161015.41243176034
161031.9370475125
161077.40310579643
161078.60221890628
161124.19048889837
161144.72060190304
161178.59902530065
161199.5242400731
161204.11035665253
161227.13812140393
161229.49047089013
161245.49103941783
161261.50062716258
161263.58469350194
161318.1565588357
161366.00155080992
161389.74510044383
161422.24222964395
161456.30653521616
161540.63080769777
161575.80994437498
161666.4414306025
161700.90312525124
161748.7163722932
161767.72947145265
161785.5457135573
161793.9204275468
161805.41018218122
161805.80863734317
161825.97591398866
162006.4867270427
162025.91451023423
162050.09488534805
162086.58451833128
162286.12374428267
162375.6581038133
162647.75551669058
162687.18638085693
162725.56327853265
162904.9222593353
162921.89819374064
162946.37967567655
162986.144260336
163045.156325531
163046.41169729587
163064.86061111497
163166.79885564404
163385.83056713987
163626.16152695534
163646.47135083532
163905.19673083478
163985.91612805723
164005.50568032754
164045.61365973385
164104.26107020368
164123.7771944754
164405.65673307094
164464.87685607406
164486.54707115807
164525.4468574842
164526.4524326845
164765.22518512976
164785.79920748953
164846.19775638278
164860.31467538717
164904.8794519511
164908.38459179184
165005.28495958238
165006.52084446463
165144.96323720075
165184.68932800367
165306.27016757155
165346.30595573326
165465.83577891203
165557.8082534955
165674.84640423855
165685.4846983742
165884.2781893862
165924.833577061
166134.71740564605
166246.05261673447
166406.27386565483
166466.1038939226
166545.20391930657
166625.1190300007
166825.92631144667
166905.27033387538
166986.4234975103
167004.2941661229
167030.7083836794
167044.66029991396
167066.61265738116
167154.71465597965
167246.58181788947
167265.6655814927
167285.25197970477
167326.90422117594
167345.66175353003
167365.24884457965
167406.15358581123
167425.44225513327
167665.41477891742
167685.27619522446
167704.7781322467
167785.9215154697
167944.94498811962
168004.9950252938
168084.72532984917
168285.1776103091
168306.33254473895
168430.70547203344
168524.81682452976
168547.12654949343
168663.678829018
168947.319165856
169093.5123485343
169145.79078742044
169445.16048818818
169726.53736758864
169745.5448088265
170006.07393220763
170064.82594656647
170085.13271395554
170284.81003575175
170385.50232814322
170385.68557063545
170390.3559056762
170446.60083777254
170505.16565191967
170606.17029225317
170625.5771866088
170704.92425397382
170746.67327591646
170786.2936735638
170845.03220312754
170846.0357151254
170846.0537640794
171086.33455980645
171144.5647961193
171186.27109530944
171506.78147530425
171575.57604570623
171645.291721449
171685.3248289615
171725.2359947298
171786.7268990349
171886.25067687102
171926.38329985304
171965.76655144527
172106.15131701026
172385.36622144675
172444.64242807656
172666.26999963803
172725.11552415756
172832.1739438727
173205.63158320598
173265.9990529555
173304.36473670846
173365.9454895321
173385.86833407832
173464.9450105104
173466.8524169559
173486.02601056104
173546.05658753763
173606.745407686
173665.63521580942
173685.18270333967
173698.30416521113
173764.97032062264
173786.1591909185
173864.15815759386
173864.23213330607
173885.12173031532
174110.43115344996
174127.24280624776
174242.00851477333
174245.87937454233
174426.0339108813
174426.67987163353
174505.5573425218
174526.31692479877
175003.8808765467
175045.35970517824
175045.8085381403
175066.54141058167
175107.35269324444
175347.3414117335
175365.61371429343
175446.4835362183
175558.65920811341
175624.32246932658
175646.52159416678
175911.68984450639
176144.6831157708
176196.6070112414
176464.9031827894
176506.56343218102
176526.11540058051
176545.12757598585
176725.56803353652
176804.06116791966
176863.65742664068
176924.67625142154
176926.42567569704
177025.62022524374
177036.59431372696
177064.32623452245
177125.9842407474
177165.90837564235
177264.77679692247
177264.86462927973
177266.16213799766
177306.0778899919
177464.18099132224
177525.63694211515
177857.19303799147
177866.4372787116
177966.1594351604
177986.16050105068
178046.17400045454
178106.9505926603
178145.21495607152
178205.2340198748
178265.03945852336
178305.15036372282
178564.48194560298
178579.88498257464
178698.70514096777
179245.9974421376
179255.01704336237
179406.12117612868
179406.3729370853
179445.29864282548
179464.30688620068
179465.63994407354
179480.32948559723
179495.8325090593
179646.28347199617
179725.75251965903
179735.55005646838
179786.2275791003
179810.62737585907
179945.5973981447
180063.8032733828
180225.75573398644
180265.75750395414
180359.40606680865
180426.06858149284
180485.5155049404
180506.72287921718
180565.19163399105
180786.00320773557
180805.4740609075
180905.5196447061
181085.6296852971
181125.30576234803
181304.73229051247
181486.18988549255
181495.0404120011
181520.9760395524
181526.599134301
181566.26362677556
181585.65602331035
181635.16575946315
181670.96933280016
181719.76250879053
181770.5888559635
181785.34456581844
181813.83979168753
181925.74825177406
182005.6156615534
182125.7781849515
182211.5330807638
182239.33034796093
182289.0177012875
182307.4052106927
182311.62001282716
182486.44037051193
182525.269543707
182526.39943137454
182530.42710126436
182594.3420817131
182625.27630225438
182721.53865740317
182727.2857210779
182744.91328344622
182747.13581722567
182955.0551860734
182980.34930244522
182987.6128078672
183046.57555620733
183064.65876903728
183087.76664888175
183096.3074969326
183192.87304513005
183296.210791271
183306.20245808605
183325.46810143764
183345.74956727534
183385.3466259393
183431.91050885047
183483.81621719475
183487.60795787018
183565.26065622937
183625.02223204717
183645.0881089617
183850.06991256154
183885.47383493537
183958.8504638808
183964.93858918766
183982.89699063313
184041.38748995963
184045.84091021615
184074.43044282196
184097.84924031002
184116.01634570528
184145.36389407012
184175.58934214304
184195.9551383598
184225.867942125
184304.84188295604
184414.39598365984
184466.83592592998
184667.30179396886
184746.08328193767
184808.83044484645
184824.5076462419
184824.72636545385
184845.07496381813
184923.45102454987
184926.07242416253
184926.78186939372
184998.61650652776
185022.3023596341
185031.1688973617
185045.33474324766
185151.39000882476
185208.2916133762
185232.49308447173
185277.66623664333
185286.29158944704
185287.32302045514
185338.5996393459
185345.60268802103
185367.58906812445
185401.23777567234
185445.68010554215
185484.11831406818
185545.69953043188
185578.14042096
185586.26425777195
185617.65200760838
185617.8360434958
185621.15342354376
185624.78009170937
185665.3482385665
185746.06409752986
185766.03731664238
185798.884271718
185825.1178605055
185826.15066255684
185885.13344146757
185898.07952048103
185967.81975598226
185999.85682521533
186041.13257838238
186183.6095817837
186204.60884310852
186213.63409040694
186318.39474793107
186351.11210913636
186386.83656416013
186390.36169157265
186485.01353339685
186486.11134494713
186490.3789053544
186569.3889566678
186594.87100329777
186620.69176856228
186683.84950671025
186684.87535798145
186691.93388723742
186729.23976652834
186730.49875363542
186853.89876467394
186917.40093644604
186925.40923439557
187045.1796990224
187125.52148228313
187184.98986850557
187244.9107073207
187245.93089161208
187247.38838990557
187266.04638938603
187305.55111411304
187384.19114247363
187396.1879883066
187541.94821201512
187614.10463004906
187645.5277532335
187672.22047400588
187685.11178805595
187757.07462571308
187823.23044773718
187871.80851238224
187905.59626626552
187912.66849619124
187962.4687320066
187965.624426655
188022.96735227376
188205.2562217589
188277.9925225244
188332.94621602912
188343.0827146992
188386.7490027411
188417.9295631429
188443.17545103515
188527.00152086074
188572.05990883498
188657.69829795766
188671.42611691848
188695.13418784915
188704.5300766362
188755.88875754186
188786.38485102204
188800.7259607111
188805.58510894765
188825.30666305218
188965.67091639267
189034.1003122804
189087.31887073576
189124.72364303604
189124.7854320092
189186.16850405853
189189.01567517797
189311.0684673229
189451.9475430672
189465.37285426707
189486.20132993456
189543.10117962462
189567.1032136522
189572.5605396294
189586.3237973107
189607.4424478824
189612.09571736938
189645.47260913427
189716.9459542502
189786.0557260018
189884.8546693031
189988.3694188727
190045.24248322836
190068.01505505882
190105.2486218807
190126.5217000923
190165.80181380713
190203.9042281072
190264.30916706
190284.35749848527
190285.13283734172
190304.24472640958
190366.76492143722
190429.72103825436
190523.66177612325
190545.46725986645
190565.3417086372
190588.96076117596
190602.0956192822
190628.38975088258
190716.428404316
190723.54593359702
190784.52714439874
190785.71649237222
190791.70384769235
190845.91185103753
190929.92165049852
190935.95163675596
191026.47543014775
191105.3044094718
191105.94375128145
191284.50896301933
191286.0768502289
191324.63085864726
191346.3286186481
191384.61393023626
191482.0938576988
191597.67041862253
191654.59864815
191750.07601523295
191867.25787402323
192065.720916639
192186.1442697429
192256.042552672
192326.44092119666
192385.2691984842
192525.1341557932
192601.50711479117
192680.7531696848
192784.34048170436
192806.2673507224
192925.52983760095
193024.72749272318
193045.73040505516
193125.56151531453
193264.29266030027
193271.89411494276
193325.94581104483
193385.66824684132
193445.77675112864
193448.94605281827
193549.25190456695
193724.65465960262
193764.81814484316
193848.27042014536
193945.1343310454
193962.22596741907
194005.16693347626
194181.06522659725
194202.56811029944
194386.17572628855
194411.0210192684
194443.55241138555
194494.83667296224
194669.07878458733
194684.12197657605
194705.23234607122
194706.42157807833
194742.75741403972
194784.7108376688
194864.75036791325
194867.25754052497
194884.40990703064
194948.5636051274
194985.51214542225
195103.85783879348
195288.5869782944
195325.8325451512
195438.90384635827
195588.69914982386
195598.34454293692
195664.81609171804
195720.29379882597
195803.00878667465
195805.32331692142
195806.52925181575
195829.5087848967
195845.58255233796
195911.41790438077
195977.45968725023
195986.2755563707
196045.90728397318
196087.41266465033
196146.18639391495
196191.55049958613
196266.5240315811
196584.93405124443
196667.71488426105
196685.02637880316
196786.461675173
197105.7826651597
197125.46551798753
197197.18989208827
197252.0554429383
197304.88079433222
197384.8623713817
197445.9705592677
197606.86283556838
197645.8916811955
197764.7156532423
197885.66448505112
198079.85190575622
198116.6400035262
198125.56898322026
198205.5736317116
198304.75401863232
198489.37068540178
198500.29055499673
198663.53386840972
198685.97796308628
198723.40745100356
198754.51812834168
198829.4069006465
198886.27178223353
198927.9441194761
198966.0247950274
199206.1621397274
199240.69831869972
199266.52537249585
199267.1749717623
199356.56928461054
199445.18801380528
199459.26541616843
199505.305367258
199525.73749779805
199644.7166991336
199700.26645737368
199729.80320158426
199764.76608789433
199788.94057394177
199925.68439450563
200065.20756561848
200104.88989069496
200202.5829422264
200210.2955253469
200364.8259642115
200486.27527449632
200606.23181917713
200710.16007767172
200841.32844478646
200846.3517748601
201005.63883811436
201085.3498915069
201088.43153034977
201176.74069256597
201185.10817000645
201206.99146853696
201245.88175673914
201278.35324572513
201305.1507193714
201307.04663249906
201316.11031291902
201365.74516013448
201381.88821539798
201449.4644555178
201546.1458204389
201636.12120424293
201646.2158746517
201666.27094919342
201687.48498287195
201701.7973200824
201705.7149878328
201705.96617857454
201745.11841394738
201756.97726463468
201902.32817608715
201925.98063836753
202044.29199803664
202063.4091426576
202105.90759586095
202117.22693340055
202205.10293292435
202226.02510537673
202325.54143171664
202346.47330304858
202354.11681748377
202403.93799930837
202426.62658182983
202449.8615593452
202466.6289728892
202503.8600312591
202566.50159499794
202645.629680587
202705.97117554618
202745.43575241626
202764.67322394965
202765.32005822312
202766.05403536063
202917.56671285682
202948.2944705321
202964.46401343457
203025.00691361554
203025.57242282704
203057.29943935203
203345.93485855122
203367.27135036056
203406.1765561917
203437.97485584268
203465.2119019075
203601.3559394608
203616.87076334783
203645.92320264573
203665.76066503755
203705.20766939962
203805.07213436812
203844.72290926703
203855.01918285116
203865.94337152707
203906.27619816773
203925.3953647929
203981.93104337607
204005.82783698317
204006.1258043272
204045.6693702913
204050.4276331262
204186.23222015201
204406.1250197519
204464.62326906234
204483.74400240195
204525.4623337526
204586.21172010078
204727.5104898344
204774.86507462748
204885.49754698673
204903.97792777582
204945.39672853626
205006.40844245514
205024.38825856708
205026.89663477318
205086.30867639653
205124.65420404644
205145.3425935428
205158.1799462974
205166.2548331053
205224.79892807684
205370.00554270376
205388.07145262847
205425.7240573211
205494.17581684992
205545.25387075433
205562.0376366064
205686.002045256
205714.8701057985
205785.26111156738
205822.20917776012
205884.05038440897
205925.8723678702
205985.86398644216
206002.886623853
206051.85243151287
206211.10867990303
206226.08170909682
206236.6690840022
206425.58983335842
206463.49789454095
206715.8823024768
206744.59394183158
206789.0199527177
206807.7090024856
206886.17150764534
206894.88281216362
206934.93428380843
207164.64372232728
207185.45949794896
207196.2766040376
207225.1001932167
207325.74305801676
207326.16979498733
207418.85544133506
207425.4459146145
207444.60390735447
207444.67304792834
207626.42145247455
207685.31098237183
207815.76885392598
207886.0025051509
207903.18145187432
207934.59817866833
208145.44436245828
208165.75376543024
208336.68525779474
208337.09353287844
208417.51520437843
208425.9450535263
208426.60932505332
208427.17108197144
208446.96505062384
208464.8549325986
208466.1719691657
208466.76252903527
208521.30718717223
208595.10182748374
208666.11849549506
208725.7651923833
208751.97383356298
208786.297062139
208866.33769038075
208894.62105242955
208904.21573647024
208906.86556643562
208914.21486209225
208914.46956475778
209163.0007833398
209184.389666845
209345.1310476489
209379.97501881138
209466.26965466008
209677.2674067317
209684.92134163802
209686.32472045676
209686.38141876535
209724.9898496028
209744.6116101312
209768.87073206605
210037.83294099435
210149.3929608617
210165.4312606801
210193.66584204437
210344.9210493463
210344.9393335288
210365.55628226837
210426.27721726827
210427.497684047
210557.7107364356
210595.50837954294
210611.97443705762
210626.6252823952
210639.08614812666
210771.22602973267
210794.32438283542
210805.32829047527
210849.7973719423
210882.23861019636
210905.28998005533
210905.84678496962
210946.56945879624
210947.53388196474
210985.2925297878
210986.07651786503
211004.36291112707
211038.33174397048
211041.25164239388
211116.7433733823
211165.34657086077
211259.50591487985
211284.96069453273
211324.90768532146
211434.77107912098
211604.99903139123
211666.46153480315
211749.59405369125
211778.1638943808
211813.28331304443
211824.25519789074
211866.57594480432
211906.27477079877
212067.02838365355
212324.53121486507
212446.31573809325
212447.82550385577
212540.81547004287
212566.52991263953
212585.5975772582
212626.04890954655
212626.3154182942
212706.1748577663
212706.29445980655
212737.2038450317
212772.1738880372
212783.17347545017
212906.38728422558
212926.4134639088
212964.9421905088
213146.42474881638
213165.5303227499
213167.32623863485
213186.43663200253
213192.0481950745
213208.91206851654
213245.28369469402
213297.00459837215
213311.3983579581
213356.03916062164
213382.6033138728
213449.40769231654
213457.25694559474
213584.27930839566
213605.01048913586
213646.66771162313
213713.99886007427
213765.00247185255
213765.33534953196
213791.80003457685
213805.16511317296
213885.70357245544
213905.39356068516
213926.38844719558
213945.32358763352
214085.38617549738
214102.59385982162
214298.4477053756
214365.53062304299
214404.4092025486
214504.6344795554
214565.14085037858
214614.42902644703
214625.67639602406
214673.78176773217
214740.65251944686
214789.98180590692
214803.08103878968
214904.6066510049
214924.86644075435
214939.75511938153
214944.63366808512
214956.755854503
214961.04994598447
214985.24464615717
214991.26068044658
215071.7258747816
215183.142792954
215186.25152873737
215194.14023058218
215207.87324476647
215487.12495832957
215505.3249395572
215765.64962819527
215901.64743682725
215942.94990140555
215964.4583613304
216025.53874437237
216048.42371420286
216126.03309591208
216127.03310900336
216138.91035258787
216144.15616954048
216146.36120753508
216204.83980699794
216226.68709330013
216284.05392314878
216323.73533760145
216386.0380854873
216392.01476608493
216465.82106281564
216470.0363320999
216509.3171963457
216546.4835854954
216585.25975914497
216654.58162503652
216691.1044166222
216805.61362292586
217005.43403543494
217016.79019382922
217045.8343339379
217066.45214387984
217086.75573957525
217115.98608749692
217125.5095303479
217145.24626383474
217168.7612399879
217169.83526963345
217172.28455930072
217176.68805919786
217177.70924259798
217177.78477681638
217177.86693202076
217179.5383799944
217179.7444469721
217187.92020456813
217188.18114974326
217188.407574564
217188.67212001092
217192.53202666022
217195.52954064953
217201.78331459133
217202.52569793703
217202.5708638408
217212.78340421186
217219.46052747534
217220.4386231671
217221.23586228935
217221.7396743275
217222.5127953404
217223.012579982
217223.21017757428
217228.44899995934
217230.60561302555
217240.1527029513
217240.46072580875
217240.60574888886
217242.04326065385
217243.60672869868
217250.14288681158
217251.64125606202
217255.1832789278
217256.12161223067
217256.94219223948
217259.49720129918
217261.88965308387
217262.15522441932
217262.71271759132
217264.193108037
217264.97861260944
217269.04606134887
217270.05056360745
217273.8479407222
217274.7645862784
217275.99033494596
217280.1609487788
217293.98313179798
217308.62484989158
217311.51480298914
217312.23762155417
217314.15582026314
217323.65760972875
217326.15093279097
217330.75330364276
217338.61162648053
217339.8216047032
217340.36916956672
217345.01544518914
217354.92657529554
217357.59110792895
217361.5372317339
217363.8914754545
217368.44568385626
217369.01472904143
217371.8504343002
217373.30125518815
217375.4181456233
217388.17849702164
217391.46763209446
217406.05056431185
217411.2601708678
217502.4213944304
217614.26755647975
217785.55941923975
217826.00918580758
217876.37804369436
217984.6421004514
218043.85779060714
218066.0228056554
218107.98390488286
218204.77204198256
218226.0220030471
218355.38097916372
218427.8637279795
218459.3404217932
218522.7415842916
218525.09967731015
218566.29122931993
218661.0805057482
218661.50953570867
218689.18146534337
218742.71360164043
218906.0106574627
218926.02030808388
218926.996821298
218986.68155132033
218989.9259930577
219025.28304126565
219065.0310485118
219186.57523901865
219221.28660319027
219224.38131017314
219253.10838691477
219260.97488693753
219267.6603258545
219310.6583500025
219524.83115056535
219527.13370628018
219565.33661608174
219575.47448470886
219586.15992392434
219692.25485341775
219706.51595604297
219879.88498046086
219884.21560551206
219926.4194760973
219945.80096472142
219984.8775923088
219989.55345015012
220024.79027289068
220026.61223512984
220101.92276395415
220238.1297834045
220302.661154367
220366.038418895
220373.15153148977
220381.51725090953
220445.1047798719
220453.9673621007
220486.7984500319
220505.8120735437
220530.3661040075
220542.51415579914
220586.34166308187
220706.50250904926
220785.42754435702
220945.16319718346
220991.79995484
221045.72723594922
221059.77194295306
221083.92014289252
221126.4107705625
221143.5898645011
221166.35094479372
221265.84003463085
221346.81444388517
221425.4854631106
221445.91128798266
221705.74027620108
221731.4376449296
221764.55495550547
221786.23504359045
221825.36178461023
221825.96373420334
221867.76595309304
221945.8807014718
222006.17271371564
222037.73776328287
222039.71974766522
222085.5910180508
222088.43692955375
222143.71116945357
222215.5991065129
222327.4072274111
222406.48288646617
222417.571217841
222466.54642029482
222581.7262626217
222665.82605387107
222666.05366041858
222902.76152066764
222921.85967130153
222926.0548768381
223032.99918568978
223085.03203800233
223127.16882044735
223164.17472916318
223165.35941166576
223186.35648982978
223245.88463874743
223276.8680777276
223304.44299647227
223326.258518327
223330.5177945083
223386.99706705168
223427.28940565596
223446.28185483385
223465.0008769388
223466.81060712723
223500.43245644035
223645.35944680215
223688.63675315608
223725.07542907333
223747.0548340307
223843.61925276063
223865.97985891323
223885.86387664775
223913.56395552348
223916.5957664166
223917.1587616285
223924.81041332704
223925.80003211775
223964.51910147065
223985.72384651526
224126.37392462458
224185.40871342915
224258.8203302256
224265.83534439057
224266.7525785051
224324.4534545928
224353.9025989911
224385.26185148384
224575.91647331984
224665.89257707403
224685.78593185794
224700.59458933922
224724.6793759131
224865.44876361662
224886.4104808492
224922.83610650344
224945.79040755873
224978.31205314785
225106.5089661645
225225.61384209245
225267.36545250076
225285.2059302492
225302.6638097897
225305.8197975127
225361.88448091038
225446.12036928424
225545.71879094653
225562.93249162182
225566.73939194484
225663.22265142287
225666.63940970937
225679.00334682263
225726.1387634489
225885.25685020257
225885.75395494746
225997.9982729871
226025.37811247978
226059.77198512616
226162.4678715841
226166.02993661864
226177.31839391697
226225.9458296584
226238.22213346628
226242.55733639523
226243.04240144207
226277.35914126976
226346.13537871517
226386.78002567834
226400.84495494288
226466.09844750463
226513.65778190535
226542.37040583338
226634.64311326056
226706.28512708613
226805.94796454115
226824.30227519452
226856.63358137282
226861.69286756773
226865.3140436574
226884.8194828544
226935.84080166742
226946.41058275296
227006.18589877742
227045.4500168091
227085.89265542376
227086.36748838672
227208.30291466895
227285.6379928156
227286.55792880405
227315.60401247878
227325.26334941963
227345.54859275307
227428.5514790061
227445.87026159652
227504.79831931242
227584.1792557193
227632.04641038284
227641.22532759403
227643.94781846134
227714.4505277965
227785.43939938024
227804.18864246365
227870.1055243708
227898.75779351033
227957.19194049074
227985.41945016076
228005.219941239
228065.9944647696
228115.67007226296
228128.79615275052
228134.97506240214
228141.1516753399
228265.9352048358
228346.82575485038
228364.37050266162
228396.1339604389
228405.80360639098
228478.6321064133
228525.3677310939
228544.67991778086
228545.58889458413
228565.43091930976
228577.12568694228
228606.96171842032
228626.2393108625
228634.86596238735
228745.01280531488
228806.86850594514
228860.81976471533
228905.44103361078
228925.90733916976
228965.73807271078
229023.73002706998
229085.4674169582
229141.82424661124
229153.63196216171
229161.47864911114
229185.2273983478
229185.58202279254
229236.80999211775
229314.24159082928
229486.5431653245
229603.76165726164
229628.61075997844
229729.62030516146
229769.16285556927
229868.08513579424
229914.7945624334
229922.83034758986
229950.86773493656
230016.07008364765
230025.22507638938
230145.32106119033
230146.65344360285
230270.5101912106
230364.85300590403
230485.57043479534
230491.58025455245
230505.0965618772
230505.2740567145
230565.76494293474
230591.5518245678
230685.4965039576
230705.38259797142
230745.53013929317
230746.11106639335
230806.22047019284
230822.60078188716
230865.23831443928
230978.44696871613
230991.1389564207
231065.5736587393
231118.76392753216
231124.10964319858
231165.51266711502
231260.2134834858
231265.0171160447
231432.2103056374
231606.6772864352
231623.5276513866
231626.54762367398
231706.42109834243
231715.75649529102
231749.428903456
231788.92280966096
231825.96869175968
231829.1243759577
231905.89535958457
231910.89982539843
231985.3003666357
232026.07627992373
232065.41528987905
232085.93993921945
232226.44279680142
232345.10848685214
232345.6905804208
232406.3521434069
232585.11956287627
232671.31101105083
232825.4037877215
232987.1233714015
232989.83298352733
232991.83895728842
232995.25084107005
233084.53286037102
233161.9130084494
233344.11576896964
233345.63987615437
233350.74382210744
233406.16513101946
233564.48442787072
233623.5146430132
233705.68333753233
233725.47605859448
233765.29289404885
233798.65623294105
233825.39793781273
233960.13194186278
233980.8929032231
234024.2445942637
234045.24082338373
234055.22252775633
234065.65653992826
234147.4445185802
234225.09160798677
234365.68830902662
234525.66301757333
234565.73876131565
234606.3914119869
234646.15029152232
234705.2637171753
234746.7089159136
234856.29370804454
234865.6305092894
234872.63345771522
234905.6982781439
234969.47295979472
234969.87679339107
235104.72314706
235111.06573080452
235166.32979328197
235192.2874093427
235390.94479832923
235418.4974904725
235424.60503761366
235424.81327847484
235473.24871032435
235603.72691879535
235629.76021774503
235698.92063709343
235722.96081792336
235925.6548174795
236026.6801571839
236106.17578564654
236175.29909006698
236228.0581164359
236241.51936085045
236244.3184824037
236275.77040045417
236281.83836970042
236285.5721764089
236405.23782411203
236492.69171189077
236541.2787474948
236616.051592567
236619.57660535502
236653.5193761196
236685.81203712706
236720.08551940834
236724.32785175226
236784.4693025949
236897.95784087625
236942.48907502592
237107.3847716161
237163.82818633862
237426.08024344817
237466.02614043045
237524.22113265735
237524.95255801035
237578.53213120683
237600.59729116457
237625.29619511112
237725.9721175463
237762.163239089
237788.00657949867
237825.06837966308
237865.8810126285
237900.55700065635
238026.5614566174
238073.03818640855
238264.98360104157
238304.5930111202
238346.25018521637
238356.10407973584
238392.79361190085
238405.6624101827
238406.19993462187
238560.77799229504
238586.9587500134
238605.9668951383
238607.06925795905
238655.38935789
238745.8657881656
238782.46274461772
238852.84847561253
238886.70614050384
238925.10717368004
238926.70502872195
238979.2291996255
239005.45455581832
239010.31576316332
239085.45401479458
239102.6223024067
239145.91628661213
239188.82945785823
239205.82820415325
239486.59304991242
239505.00645120392
239541.1100746484
239577.3954963264
239606.03855657025
239623.5885767517
239626.27774148886
239661.21371984883
239665.6361596932
239666.02345650256
239692.92263694474
239705.15148769793
239719.18690588145
239725.80708810216
239746.2401999612
239786.56983145323
239791.2756048418
239885.87327951167
240037.60681246794
240080.04088516737
240166.13310060295
240200.52463376493
240207.68569361695
240223.94906677504
240324.84444235708
240503.39347269657
240574.83700724738
240635.6404019384
240637.8453869953
240725.8511442535
240745.74817956774
240846.65308239474
240848.09394468687
240854.41086741362
240864.3089203301
240865.64999097306
240885.61837657468
240896.75215933364
241045.91560302992
241046.75589154588
241057.90495308896
241165.9842085109
241320.23519004992
241326.09574660566
241377.93325755344
241425.31597108615
241447.82809717182
241465.50618886118
241476.08123768086
241495.5070543604
241514.11073120873
241525.50862221108
241544.1556904431
241561.7727335323
241584.96441529648
241585.68092059012
241585.767849434
241605.6987228402
241638.29815216208
241649.54515372185
241685.57522641358
241687.36744291696
241698.32765353995
241705.56243556782
241712.88767567676
241722.01909519656
241762.60622915556
241787.62345965358
241814.40882596225
241822.19450533652
241844.39042467612
241861.2561720144
241871.69649628474
241925.29958028736
241981.86361960546
242025.63555587502
242044.54156064463
242087.73219038316
242104.81263807797
242196.0543959561
242290.7872073907
242328.67594663822
242332.15195553235
242333.6929448651
242345.34884924383
242368.2079193187
242395.52459870197
242401.68917298375
242408.70612188792
242419.1813127371
242421.41402303835
242438.0022006682
242469.02399393287
242471.70303697692
242546.13450965006
242558.8063293313
242577.6279935692
242603.33477765275
242655.4866405988
242701.82289677428
242744.85717337354
242765.64756248324
242784.9467255313
242904.93219451347
242926.15110921924
242938.37071609488
242946.96164297705
242952.25329617062
242967.2454229425
242990.836760778
243004.41824561125
243020.06855898496
243068.47547252482
243121.1786128161
243126.2043755306
243166.2604280254
243198.49386765316
243238.7655573013
243243.62153684808
243265.0505828898
243307.33984661225
243327.35945923394
243329.89279198897
243335.06618587332
243340.59234824503
243343.7723087671
243365.22194409065
243377.32317579084
243444.93304701944
243484.6468459318
243503.77508224826
243509.68751199835
243545.77229728235
243545.8771571989
243581.23702179058
243585.02913978221
243650.68766675706
243675.4984772699
243724.55646876415
243753.95567033422
243754.17100469157
243758.07586531906
243862.51806550735
243904.29166755633
243925.7930225299
243934.04011152568
243966.50669186434
243987.49992401834
244039.75745326758
244044.26591449982
244046.0024663311
244074.62483598845
244082.72654946303
244137.35611316032
244182.14310187293
244184.84702045878
244191.9256341689
244207.63701681266
244286.49797626096
244358.31127729846
244365.4777622363
244410.89989341632
244470.11576780537
244519.39187975827
244522.94636086753
244538.6118539115
244540.9558446542
244548.13298792412
244647.36929284
244657.78597312773
244665.13609409696
244706.50756727415
244708.33801814145
244741.9905727905
244747.07967614508
244765.1030747376
244784.5562288069
244801.28214158182
244806.44161640975
244825.41416337327
244845.5037910631
244894.93748520984
244902.9644606187
244946.0176891367
244952.56420563388
244987.23362596816
245005.55448081528
245014.34651030038
245021.5318605756
245025.24550588403
245025.6063112404
245155.3674770752
245202.21346917812
245212.79812994343
245228.79100436938
245264.65622329593
245265.25828619083
245287.0248066641
245289.8922042704
245306.21797940857
245368.4066284349
245404.51182983344
245420.42406579264
245465.42597998955
245467.40500362712
245545.8472046848
245621.5020753452
245644.16320162982
245657.48663516506
245696.12988856708
245696.61532307783
245746.7130203026
245757.33343965476
245762.3683800156
245777.42163872963
245792.4043744305
245824.48719082118
245829.27511206293
245850.30517752297
245871.264674716
245874.77165905497
245904.26378977724
245921.47776217113
245964.5858802924
246025.70691990945
246085.4741657093
246121.72619511862
246145.02947170538
246153.26178096182
246168.46566914223
246174.71861906693
246185.11680243458
246248.7817681924
246255.55665951065
246277.6968453605
246330.96143015707
246345.56926376038
246366.1087900292
246418.9827605142
246452.40329858026
246486.56011442104
246531.51158334874
246545.3273095738
246545.4436994688
246546.0734597386
246602.72785770387
246679.63386895007
246705.81411520287
246760.67931038857
246813.06713146233
246829.78901087033
246856.57127720994
246876.59793832208
246886.9298635672
246891.787365746
246893.3610433511
246901.75883033377
246906.94247351034
246907.6647006269
246933.1135913118
247005.43085897123
247049.43813022628
247085.20845038956
247103.08054494573
247105.46895651665
247120.54638160334
247145.6014425389
247192.01776457974
247208.89611024113
247215.81230308456
247238.2234372622
247331.4552389804
247355.8712856152
247369.92630287405
247373.06472328288
247404.33045466855
247444.58285404704
247446.39858595707
247458.83496300955
247513.5939207315
247515.46300682973
247564.07377849153
247582.69783954765
247605.14621570834
247606.33299065474
247646.6170179937
247685.2027856409
247686.83671317613
247729.71295967343
247778.91338757676
247817.10144934902
247826.44487539466
247826.7681646935
247858.89589275006
247859.26514475088
247866.88997952128
247897.6963597675
247907.47147067788
247913.0606889787
247922.32615069783
247924.11309741478
247980.54659132866
248072.974688207
248099.73596772505
248145.67922143533
248185.5609553202
248205.27822152886
248224.55518298195
248256.49343506107
248405.73475714156
248464.79682305237
248547.39263577797
248584.81213026273
248729.78014093504
248745.94031574353
248805.18685832457
249006.14407742108
249286.46954726992
249366.42767964376
249384.70448936115
249406.1009364675
249486.0831905206
249564.96517351732
249645.45690552893
249705.43074990142
249724.80818128135
249764.5121507368
249885.52389074085
249985.53166987962
249985.59994655158
250057.1257491773
250105.75053911447
250126.24252789622
250126.6721230509
250325.63506946585
250405.10579453135
250666.08005368942
250726.7118430779
250746.66412349226
250765.4575944286
250906.57102617662
250924.71702825656
251046.40080270983
251505.56373164454
251746.12596465985
251805.68539476345
251885.77791656044
252066.70301282342
252086.38504620048
252145.30103144053
252184.53537328402
252206.51386007445
252246.53455803756
252366.3664833062
252384.0133989524
252386.23189903994
252507.03127846497
252625.29667293007
252675.79307907264
252766.09708145884
252964.86275908755
252966.56144119965
253005.6135323723
253006.05317411036
253023.982712292
253116.73940378244
253293.24698989128
253305.52423818942
253446.44788284122
253485.21362874212
253486.83028406938
253545.52380146016
253685.44046239636
253691.40523527577
253705.73255470637
253744.96327308682
253754.42821170483
253846.54390309227
253985.52697752457
253985.94174522976
254005.8356525549
254165.18323087643
254166.5717121695
254184.7615977141
254257.35533017293
254306.5573667889
254383.9589742491
254386.4392254059
254444.60228207844
254585.13949235587
254624.16474127083
254826.26079257525
254886.60232127534
254905.3843343314
254905.99094545437
254951.1902355724
255077.6750677821
255086.26143058136
255086.48572122154
255170.89973752128
255216.0697833901
255324.85516541483
255344.47914890782
255344.86657611307
255346.79048664542
255525.78705887785
255546.10927979246
255585.44636188084
255626.3207077977
255664.5965452889
255687.4338781283
255804.99684983268
255866.1813135159
255904.80366033464
256226.04277198273
256345.4591694089
256345.54006032005
256366.8631176384
256585.68826613305
256805.85916481665
257045.77765901273
257162.52582150983
257265.62641543272
257286.92566671182
257331.728893186
257385.6271082743
257386.98960328737
257665.52474982035
257684.17284309512
257687.0810371977
257806.07817729525
257826.50925019255
258025.88817608362
258080.06501621634
258084.47136800885
258225.410357124
258234.57729922
258286.22866484034
258425.84355562678
258445.5250800555
258464.71143024464
258464.92656249172
258564.94563704167
258624.99437227513
258626.13434950617
258626.44234828127
258845.39166390756
258985.4405580918
258985.72023040953
259004.05778227779
259084.75046909347
259085.23112340085
259185.2900422338
