257.5316690209112
303.94371883991914
554.2365171447498
797.3958908174649
907.8905417482518
912.767831665962
965.9795398842555
1048.927820440729
1109.7282913293584
1217.651929399938
1221.2113793801789
1273.01239301026
1299.5429699642798
1382.2580972057
1400.4588619922588
1416.5914916116412
1622.638963900438
1667.8354887209937
1801.205441328373
1975.95109361215
2064.9632949800143
2074.299485871769
2296.787180348661
2347.031369223755
2402.162746112859
2489.7661693459663
2542.2381618688432
2603.1959576345093
3102.716426175042
3409.5065073413375
3415.7561802461955
3666.029240373286
3672.8759672191263
3699.5124170030317
3767.282751909186
3842.077647519544
3881.7725722616306
3951.3882109737024
4001.7212278183724
4005.988761290791
4060.9542107929137
4100.716900527317
4145.034809392026
4158.9927023543805
4263.687948808548
4546.9180723663985
4683.6143439431235
4687.749637702405
4802.539839572069
4814.583243959619
4973.222831693886
4998.890655212707
5026.570729332342
5058.720869587286
5061.662516336538
5209.93834851831
5269.092949903049
5335.048322340974
5498.083945840579
5580.343568104761
5686.41399118407
5837.223250296189
5867.379936464741
5932.290496173138
6028.647576922309
6105.562453623487
6153.541648748921
6212.039913853057
6398.358485198216
6506.351201518896
7259.10971973837
7590.375838580312
8188.970670755638
8539.316371886352
9812.103999373916
10651.23386602047
11730.922982376836
12472.390237907153
12630.645843816605
13615.719961038676
13812.010983262147
13980.575119753828
14920.157206986782
15344.76913903011
15466.808503904811
15750.778478038861
15912.412335435632
15912.630962760535
15952.55133199149
16129.290286077094
16141.326289869476
16175.698642023637
16270.453499653797
16290.246473234949
16577.34544873687
16579.338161982807
16579.9244514662
16604.824443980273
16635.925457862046
16797.26548824523
17038.497867809616
17060.710476316068
17093.45158581031
17150.78180985361
17192.268159092942
17216.599970168576
17225.396350466643
17334.85318842914
17347.19166559994
17405.873047675956
17411.022805233973
17415.435967408488
17450.97765921245
17487.529716305977
17539.58946484414
17615.86753699815
17703.853388804233
17938.138455710865
17939.7650146862
18229.53373033392
18305.024512753833
18417.90991905499
18451.58236363328
18497.40628290419
18546.466910899377
18615.927489883616
18629.56885500276
18636.81297174082
18659.13386654214
18676.146458540057
18707.91342514954
18720.5957303737
18797.24627313275
18950.589814285213
18957.901092029435
19009.95482378993
19045.41311715364
19088.73525741149
19159.608791140723
19416.200563889863
19551.320875669986
19627.742798435793
19692.694018443563
19737.43220877785
19975.37756873793
20030.2529237211
20137.05297920186
20294.131896772826
20324.485628789444
20382.85011048897
20443.892075996442
20476.29047183684
20490.159568755982
20495.898565435567
20613.6268765237
20629.181820138652
20803.64579494509
20831.347846406807
20878.997730043146
21006.077368829443
21079.575262149556
21094.700740790035
21160.84358945059
21185.13834280295
21281.618040396854
21307.31673467636
21410.91778366257
21438.212155305024
21518.189170072448
21525.281467616252
21539.18039777598
21548.33280133403
21550.997990355703
21561.998142041935
21564.180000917062
21600.48420729118
21608.744605716587
21615.543179622782
21618.39688651324
21619.12287464719
21620.638362040772
21633.143289769
21637.04395290575
21637.837178310787
21648.285079421687
21667.07622808461
21667.569854535268
21689.587831649766
21693.683581537964
21698.70108415537
21702.696464338147
21723.50310177485
21728.52152334103
21740.21395738357
21744.52960538846
21744.882623507285
21746.603729117956
21749.630702354567
21782.454874653016
21786.640538242682
21786.971911955032
21789.379175553342
21794.113327251373
21795.800792930782
21796.805712215977
21799.301829152813
21814.463319963532
21818.302363472667
21823.34233649547
21830.32671468184
21832.40814352068
21841.581297179036
21851.210669158805
21860.87341844538
21862.951083868673
21897.85089876537
21902.604546010603
21908.113601795318
21922.114910555305
21925.296149396137
21936.969469240445
21962.01319585931
21974.676382649555
21984.96271378553
21992.650997659315
21996.083485814965
22005.35141855079
22015.72878111708
22019.252785984427
22021.793791052438
22032.599435670927
22054.86660714408
22055.619415895057
22089.163504606367
22097.730231094283
22100.841565274222
22106.472321880017
22112.48821951556
22118.001192061052
22123.58422214218
22125.726406219404
22132.185098065056
22147.985017673538
22161.80876814505
22180.480917512574
22190.16949627397
22202.444392106492
22207.920886952958
22210.576126417
22217.05644373768
22223.41581185053
22231.61542750838
22238.12297628881
22244.171040273137
22244.889981171604
22247.309375495865
22251.44476400536
22295.992063364472
22311.57451807872
22319.089556649156
22336.181038526458
22345.961136776205
22358.349894489696
22364.17388700731
22404.924974126607
22425.574508396425
22438.678104029794
22452.871710594674
22461.4251819146
22469.42258639721
22483.954734367824
22495.760396124573
22526.775681628453
22530.53075237495
22533.6838275905
22537.71817741253
22538.693851695014
22539.235876318176
22544.701459101158
22556.187816273617
22590.09223246316
22871.676934490897
22928.4834032244
23223.561821304207
23280.149492783494
23346.61426062032
23489.39797976131
23753.8871930578
24218.89754477692
24300.17714183603
24408.846352635966
24547.907137848913
24790.469830039197
24862.02104180416
24862.62251093927
24876.340018571023
24926.641940088706
25263.016247528943
25345.95852387412
25804.15594371027
25897.017551070177
26153.779346745803
26301.152994208733
26528.551689045893
26573.680333070544
26706.75746692807
26857.076710269917
27135.987299904235
27183.79107626262
27474.121714818873
27551.713724686084
27749.29495939774
27749.43703490164
27778.47398425031
27929.528929147244
28228.626062723783
28268.537459533098
28306.821478731992
28368.449045846144
28459.299872696225
28613.307091241088
28649.045557723002
28957.770687597822
29011.731480868566
29037.90501082171
29264.4981254298
29596.23277151339
29838.101114599256
29888.35816743553
29998.038890810243
30263.310271855524
30285.849887903467
30519.603574953493
30653.94088911772
30777.975369796633
30841.702752551162
30855.714923449606
31252.83304868158
31537.6048130283
31669.30637739684
31678.652761845784
31689.638597297642
32007.707601610902
32007.831524110177
32420.089287830848
32856.26164790881
32950.319103344555
33071.87440588359
33278.49627766906
33486.86244654914
33528.22851473476
33672.44408896618
33842.806088921956
33958.21667775195
33990.372281831595
34140.124510810056
34230.798264411584
34639.147192643766
34723.089019679916
34780.8806982508
35116.028449367834
35189.962879372324
35227.53297046107
35252.680457127164
35373.225921485886
35451.14943055557
35466.08002639588
35547.798134429184
35577.20808106735
35590.13115219877
35608.03869172499
35642.6810679601
35742.41354661705
35865.307430684246
35946.70909527955
36000.85594649994
36339.7275286328
36383.9707308025
36458.022480444575
36517.56430614003
36567.52513641671
36692.075499822764
36709.90788292612
36760.12228377129
36860.1765656712
36919.207505091006
37016.792791291984
37106.76758620457
37284.54253855123
37377.54234681679
37379.99943473031
37687.8065803043
37794.09644931935
37841.94475799498
37963.65911274645
38054.272255603326
38114.30246471052
38140.44735847683
38158.97227375039
38162.29692485787
38200.44778898834
38365.68821756965
38444.62567435247
38465.123215119325
38467.693437459864
38477.02396713457
38517.40843078676
38523.76291590469
38562.108828357814
38574.255011466026
38578.4742287966
38622.53236932772
38640.940204577084
38714.098392380554
38727.706375199436
38766.7843160077
38898.196353751984
38965.95903938866
39068.416528458525
39074.72374086859
39080.40440847473
39180.45739543214
39303.51533639071
39343.52584110199
39411.62228662226
39445.71727354677
39454.03652686201
39485.63976513172
39529.33307788731
39558.61497256481
39612.468828771576
39621.799968225336
39622.70974498171
39692.03923197975
39702.09025413958
39708.45117336198
39749.717111160004
39784.535847686486
39976.553960207675
39991.89717375862
40270.61219427593
40330.70286354689
40426.89238721707
40466.799926598556
40563.23440675866
40581.99366168134
40592.24445238643
40617.74996479199
40662.800521523546
40674.387315024236
40678.552028778955
40681.244845343754
40708.45440370908
40950.084860306255
41063.1549321316
41313.7640627226
41318.56588171738
41325.06326355857
41353.175427159185
41500.03501092118
41538.358713558315
41630.044269021804
41644.814984116805
41653.26377835938
41656.476632742684
41656.48920684391
41675.51708848469
41689.222516686496
41725.748132280234
41794.06663648137
41813.9174902542
41821.49735121968
41829.81766562792
41868.739816364076
41876.99681145105
41898.96746905837
41928.64286497481
41971.955001812894
41987.29366133158
41991.96734708018
42009.64110995444
42017.99426356748
42029.56465275964
42042.94583832169
42057.114283291485
42287.827101227784
42289.85796859264
42316.88367006186
42321.83890384376
42377.658009018785
42392.170333563976
42422.505396190274
42479.395424071416
42482.83582331017
42548.70678045761
42574.30692943811
42592.509303706494
42606.51659769606
42692.28772281245
42726.66292085104
42744.172465898824
42747.16262971999
42747.24544393293
42752.91834369415
42755.817881257535
42757.29006193216
42790.03810324122
42809.16783892759
42838.57539527831
42841.10173608332
42859.42690154064
42861.29920517202
42862.18017927281
42866.06278503979
42911.22204034264
42930.77385629328
42964.063066165225
42980.674876168836
42988.45885690281
43004.00040374685
43006.16838993781
43026.33204382093
43063.25394680008
43101.31313790355
43108.12181928479
43126.96668684996
43169.19546534694
43196.20559689043
43205.47188179369
43225.601408649534
43232.00800488631
43295.25292272678
43325.32467506603
43334.073716051964
43345.42372667622
43348.38697129513
43355.110161614924
43373.85264334231
43375.614568359124
43396.62258579509
43431.2983065057
43467.338610601815
43539.74169969766
43545.68510427609
43623.53112042775
43636.32846974946
43648.61817395911
43678.03193869611
43791.99101562657
43803.117506716706
43835.583267892216
43858.29948307553
43912.718859645254
43924.798087696974
43946.723413870095
43960.2574816312
44011.21352246812
44065.85714758635
44067.6137320889
44111.8430312569
44115.22280020412
44120.06492588938
44155.47531991632
44162.93572656586
44164.15121475479
44170.22889272711
44228.39141324787
44266.714773474094
44329.97971097022
44331.13790670263
44335.95678484473
44337.69918544057
44415.63506742848
44430.25898812996
44511.63950405265
44522.37935819161
44532.005436426865
44577.26849896131
44579.11715437902
44597.237797557085
44629.82591593101
44705.63871263327
44780.91676595075
44866.20286877808
44903.907396708586
44909.787238776466
44924.49376862893
44992.29065141672
45003.53499326485
45006.22889314794
45054.10777596124
45080.34296194693
45115.98178948754
45154.19901061929
45158.7010818538
45182.13723302177
45277.55172159923
46061.88613962516
46104.02965487946
46283.899564913154
46435.20541507792
48446.05149493583
48613.436495778195
49495.64933463621
49575.09615717833
49985.16123402913
49991.574047583934
50291.50272340144
50687.73371760132
50903.072969795285
51159.40662409265
51415.27532592591
51692.19919987359
52124.81862066991
52675.17780809354
53137.64393295679
54475.46599853573
54844.595364424014
55248.839576365775
55395.15739140043
55769.400624988026
56138.53828939272
56586.71013977109
56936.1140423732
57504.33399663064
57523.892556750696
57642.275057283856
58407.05089310172
58914.9085817949
60112.75652022718
60340.2503160904
60774.56223640464
60794.379688390545
61043.26195030136
61191.771689008456
61209.1497791511
61797.40437717291
62017.064851879564
62243.46392958449
62849.37211945776
63022.39183242995
63294.32637606656
64120.130711057725
64141.89728748355
64255.280557130136
64277.433267053624
64402.278384128775
64432.77072568479
64558.32143527049
64709.698102709845
64725.99084471138
64788.74879151285
64794.288997395546
64837.61618878898
64867.39104943192
64887.05076536914
64943.892174849134
64977.50772644891
64990.115461330446
65016.3962280651
65030.707004723445
65076.880605320366
65136.04487866524
65155.320859508385
65250.291340922144
65264.03782464418
65422.1245999315
65486.10970907172
65550.67612321691
65739.08432622551
65743.48768265508
65789.6815582128
65805.7208336114
65912.09584350704
65918.54561133447
65943.50402751451
65945.81358447272
66001.43657985174
66018.46070117944
66073.08562367478
66108.20709859938
66192.4811228388
66227.39772578681
66271.84198198917
66322.18428015274
66409.61594422892
66517.62498760041
66623.82218651068
66626.27806125955
66675.61249788605
66693.19163197635
66809.04176249194
66885.45037963877
67053.42981706584
67117.33632207614
67203.40745552165
67313.41245758183
67642.27147767326
67646.18778745874
67830.99204851518
67861.3262743864
67864.92645473091
67871.58817307476
67883.26842967467
67917.90254329378
67924.71454753939
67929.0581315379
68137.47455998971
68139.61992557831
68228.43487380822
68338.4664886613
68389.86992514461
68464.8736150696
68517.09896117958
68609.13537490551
68654.32301493743
68661.0738725312
68709.88554665378
68711.18735777253
68734.95345033264
68812.41462308387
68819.18508253565
68920.34019728843
69101.79728830565
69103.54799545607
69158.48380035817
69180.32335934804
69318.00970110114
69453.71633874805
69508.50057072262
69565.18565057167
69640.08313308994
69669.12599810067
69802.53084611493
69946.59027335288
69966.36308083465
69991.34172461591
70000.99983067498
70012.22455638787
70034.00824787476
70122.13794458593
70198.50469800325
70235.60562628406
70267.54063627505
70277.37863423963
70312.85695172707
70357.92240735855
70404.41966292387
70479.0518831492
70529.76308833346
70531.92694464569
70778.34523285244
70811.24411106839
70993.98018152585
71103.9737338089
71106.91121949628
71119.75685868267
71313.12648265527
71374.87667422598
71571.62151936739
71593.51738354214
71766.48244681882
71793.6183224971
71821.50240219622
71942.26990486766
71973.5064277596
72012.07404870896
72036.95828761075
72067.39061058442
72078.27307602185
72211.28832329664
72246.94560712471
72347.87243884869
72366.48267792244
72439.39834162117
72500.25535839952
72576.93761602174
72644.62078047244
72833.21215471259
72840.91494103368
72903.00159700651
72984.28434841821
73020.9347838998
73075.27067619449
73146.61664226986
73374.0636906281
73391.97079200896
73518.57021972063
73609.00320658012
73668.0201585662
73827.27483593904
73831.28580208361
73850.89365991372
74077.37547904042
74321.40214798057
74354.72729148442
74388.04419255239
74441.01258855285
74553.72578898251
74554.54922471265
74632.5477050615
74641.87988757089
74806.11751533046
74810.74141566381
74818.7136176536
74842.96961424242
74893.82768326961
74960.33443036434
74976.10673645353
75001.27261259336
75123.34982184741
75178.17726219456
75239.07586487054
75298.54276876405
75306.91280812914
75310.14154823731
75332.82640675662
75409.01562999564
75413.34209453485
75559.36629078591
75581.5104457992
75586.79549919264
75703.58721229555
75711.2210980266
75807.73685206822
75864.50560840343
75871.06596598848
75938.26885142505
75964.54776343727
75979.41480171541
76000.52397725223
76117.83219400323
76125.43261609845
76186.13285707885
76303.61163913106
76327.51588336765
76446.61000263334
76514.82512074773
76582.88316966864
76597.24676636598
76658.47615336173
76709.90342939648
76790.7440785437
76896.3009228495
77437.42385384624
78217.1464092956
79051.11778225806
79432.11624782336
81185.78632379086
81337.46762056413
81389.57008553532
81682.1832706995
81800.77655208949
82011.06729385932
82093.21991499088
82146.59237337805
82236.21080538163
82486.58901530584
82533.5750543478
82580.73352120667
82873.9149343824
82881.7022098885
83478.19513069812
83716.92953990486
83891.36745335329
84166.63574188403
84178.34573653636
84216.90829147179
84276.00855876984
84362.94990159372
84505.21621426565
84560.49736773071
84634.86791341334
84765.17025814817
84941.82087713457
84963.42471795027
85073.59935573179
85134.33540497454
85171.14369235303
85289.7852937594
85300.17732267523
85315.45479408184
85407.93369098094
85460.75473349115
85638.57997068956
85702.17825054358
85721.1794137772
85899.431023607
86088.5841281045
86107.1312929028
86115.90591573222
86250.44481942774
86250.72255189884
86269.42226673647
86314.62543683642
86342.76155143109
86415.12882943465
86608.75594491973
86871.40841561065
86969.97883145834
87135.16731569028
87178.86108599236
87227.54577122188
87306.54885519118
87352.06602358786
87352.20409001446
87355.48754977575
87407.86959603755
87414.33518455052
87426.5762533114
87490.86619112006
87524.10824504792
87856.60778887323
87861.65907500125
87889.12446368618
88059.25390018984
88298.27751866408
88401.4563863473
88402.22326598193
88539.51571930687
88575.82912536763
88674.53281705733
89051.31951426908
89233.71713510917
89524.87195490988
89535.52178093231
89541.01979985171
89546.03402042894
90020.14680057728
90055.60985806932
90102.09704165279
90300.44637917567
90300.64474198777
90377.16921344784
90504.91522690305
90508.22363139373
90530.7736761254
90549.77141879544
90621.62111520924
90652.60405767536
90666.83088293143
90840.87344295348
90860.25384941479
90914.3813879563
90987.36634051948
91065.33991900503
91127.86665302418
91182.58950560082
91281.64130407
91455.35763055155
91479.69223455658
91757.4932193485
91831.55521094524
91994.26604914055
92022.82917511885
92224.7396552636
92337.87695640208
92352.7129420195
93380.06015515687
93639.88068144163
93694.8958545644
93742.69785320708
93764.91377444477
94370.29237685741
94371.34688649538
94964.11641625816
95344.43104317594
96745.72090428048
96904.36320937959
97443.7246946383
97579.09794210119
97618.82318043706
97954.22522729065
98101.03304473098
98613.92744882431
98614.45006526446
99362.76921275162
99968.4875780995
101156.96271585517
101193.47621681128
101401.3432497129
101703.54151255076
102053.5584896025
102387.1298033118
102507.87638082395
102542.09100653359
102551.64874211219
102574.30972723299
102581.36264839483
102622.73114785881
102891.96249532061
102952.0070904446
102955.30524589654
103118.88005317778
103135.4623570721
103290.24976082328
103352.93716375723
103373.09221377932
103517.7475270142
103584.60473854962
103614.82059354943
103865.48560362202
103886.57381834227
103933.58083314513
103950.60456998508
104066.84766009271
104068.3482803397
104075.18426524318
104115.3161448232
104170.17694498194
104234.16820726718
104248.73118556393
104262.15884162503
104394.43227842143
104429.78647101406
104434.42970266253
104460.56265763694
104487.95529660258
104899.09838083864
105054.95719774714
105121.28337703057
105145.0932404747
105145.92120392228
105193.13484252375
105198.2744549053
105316.23612566144
105493.76607916897
105549.72755226641
105632.8014958023
105678.92748396081
105872.71976366272
105939.39818546812
106032.61605447422
106050.37518012205
106065.5952792479
106164.40017839818
106226.05714951093
106372.39015239003
106467.3508737136
106497.67366825888
106507.34848831856
106554.5954494082
106756.18034041162
106784.07828116596
106846.61027732046
107050.2540123591
107216.8188945108
107337.982123678
107346.03092072623
107377.2902068172
107414.61247521992
107446.43838314903
107624.221443426
107720.56399135095
107723.77941239002
107778.4384692178
107910.33927454155
107921.35830432514
107963.51100321332
107964.12855773614
107967.52955176539
107981.29449486657
107996.99556188591
108000.77437986775
108003.72982093989
108006.3328050118
108012.42032540787
108017.70437577106
108024.06015461494
108046.57715660444
108086.75844256318
108091.49758850936
108095.2877051234
108107.21465649956
108108.53074735767
108122.28964898281
108144.96837676273
108146.77589509172
108161.54744080338
108171.02287224101
108173.05298180341
108174.03408201765
108182.86365399233
108187.4862369023
108191.66667125965
108193.33911002186
108218.63579416924
108228.65269502207
108234.2273495394
108235.19680669543
108237.44049542009
108252.12582105007
108267.25674684418
108275.75037007322
108301.96784106635
108311.39726490613
108343.13493927114
108346.73004295312
108354.9079632971
108355.91824716392
108359.01478273238
108365.96942357476
108366.98807456238
108380.76301534292
108385.05520736528
108389.45506943333
108389.76994882207
108392.73347267075
108393.31512451623
108395.08947947872
108443.54013342981
108444.98876006449
108464.70500764363
108475.4899844696
108478.29527676247
108478.45483315061
108493.22161715114
108512.2606438131
108527.04321428697
108527.87504868621
108528.66682281141
108530.78964311101
108536.26463008311
108545.7475272993
108546.50862219285
108559.32714708622
108562.67984920742
108563.17831484227
108569.06280964868
108585.26182861955
108607.92156166598
108633.18828116263
108635.6646936203
108638.91478025744
108651.07840931998
108652.21239036563
108661.36006225646
108664.61158559883
108668.3389452644
108668.70195005962
108679.74099955785
108681.8281827065
108688.00677020446
108692.49566840273
108698.4999227135
108704.52548508228
108729.99580951715
108738.04730164983
108742.14284671065
108758.8291927723
108764.59063434124
108789.83161943997
108790.26736572749
108803.40163996075
108804.15627392578
108812.26217821467
108827.1355347467
108848.75822978938
108853.75613287598
108864.46515471951
108872.38645512688
108876.26081143007
108879.35593501641
108912.60782777508
108940.15853693555
108949.96185556332
108980.11375026283
109278.63410598897
109551.57774116566
109723.08115324944
109938.83159353407
110111.52111395156
110290.7709975456
110362.28895161809
110517.08469005469
111617.88385154001
111859.28461850222
112244.10490286103
112254.48422012452
112336.1902857021
112727.97326878847
112982.33435382508
113176.91522085188
113402.99580954302
113567.08313849058
114096.590604519
114156.31309124765
114213.90342609535
114520.46283442841
114661.24802107824
114704.77264202235
114790.46673549867
114899.80916727493
114966.78766683271
115211.704071349
115480.612198841
115598.10784430378
115617.27761447153
116241.24510367896
116250.79064803741
116511.39092846529
116756.30213163015
116789.36291240003
116791.95690170085
116831.5946179172
117028.10173450387
117182.67881572465
117480.95433500975
117843.12567925054
118321.11087434416
118771.3431659751
118772.43936064727
118816.85662120729
118855.83920696244
118918.52050322165
119199.42303572364
119431.63931999078
119503.85689631867
119640.66774763382
119697.5542007691
120211.29467829956
120458.65925629687
120563.57719706529
120617.5257820354
120745.90942409071
121361.02497333079
121511.4137469111
121515.5324428872
121524.01660827403
121557.34244618866
121568.34320570342
121643.33698845754
121771.48816346281
121771.71907312915
121951.97616275714
122027.3189516626
122077.00533672482
122113.9186879958
122297.2722050288
122333.72515334508
122341.43051638789
122376.20264115956
122419.29054435795
122455.73535805626
122486.05082070464
122508.20199445172
122588.75778564342
122648.46947819405
122728.49475622742
122846.41995176041
122922.90532663258
122959.19235044069
122966.79840884465
123044.08660145906
123130.02684162358
123147.52582873404
123194.52563530355
123218.3744866692
123395.85066488475
123401.6412574997
123460.29211810822
123483.26278123539
123484.86619363098
123625.72786579872
123794.16313763421
123887.21809753725
124017.786495596
124229.58112607163
124374.814863475
124393.18507487216
124461.3230332169
124464.0525840919
124486.42304415724
124677.16736584235
124836.57705851733
124959.42648889899
125041.43024766725
125151.98223931127
125197.45303375873
125247.85036072499
125344.26208194965
125373.58761777863
125484.05963300349
125486.2585005739
125525.37751727074
125576.73349092781
125614.43055048205
125714.98761797213
125732.9612626369
125786.5215793193
125825.3578592343
125834.35686545286
125856.9820305027
125861.1868073898
125993.28584914425
126076.93756056506
126093.86075682254
126098.73405257544
126238.76616467017
126281.0614335998
126333.12216511043
126358.2708600609
126363.95068764791
126405.21675337589
126411.29130979351
126563.56396933095
126599.38125865339
126632.07167362781
126760.78977736333
126835.18215985033
126905.1146175878
126915.14008829718
127009.61973463514
127117.59191033037
127135.32966550515
127150.97408908124
127283.11566191609
127315.56227964337
127378.12571589692
127424.14137613235
127435.62071673262
127439.36563629538
127517.43647351896
127538.67794462737
127563.64062965148
127586.0335786863
127634.1246606157
127677.78367796986
127756.17742892672
127784.6473212216
127856.82850617534
127957.43348424233
127961.02980708165
128012.70709020222
128017.85417507053
128023.1933138097
128107.05204421098
128107.7864140096
128169.4617412893
128172.87833287158
128177.49043198532
128204.45231555129
128222.9524428808
128250.73100262164
128260.13155271368
128278.26544147951
128297.54643074685
128332.97716369771
128364.70374973613
128391.15078207797
128410.59354616488
128425.75738538337
128454.88024185855
128466.56538750963
128525.37125066025
128538.83926424381
128597.74238517653
128622.11839595124
128624.7922294148
128658.68756945856
128664.94606007257
128681.20356186142
128718.07529884682
128743.08939960416
128743.51002263141
128751.3812981941
128754.34257716061
128775.72543800877
128793.48925736938
128801.48337872702
128804.98622883772
128827.43997473406
128852.84990154431
128922.21767324596
128939.0167403128
128949.12920501771
128985.59814910387
128986.84642870363
128999.39834619302
129024.12982207327
129095.41064347595
129100.74444144568
129113.75212432613
129113.75444737174
129114.39392988969
129143.8675636515
129213.80142066686
129233.52006970646
129277.20808872217
129336.87694259617
129347.18873937818
129365.64780887199
129372.3005694838
129390.46187352473
129395.80503582448
129424.50341256754
129430.6185765306
129451.58970844897
129492.52012413155
129554.3808253003
129609.31406522071
129629.43359907874
129779.88803826256
129783.45158448679
129801.72401245072
129813.6029430225
129813.97256451746
129843.97115381905
129861.87519710389
129863.02550787223
129870.24006482976
130038.2142895108
130092.01679792337
130114.71759048595
130125.04931150336
130165.10070775734
130173.87915903993
130194.94721949496
130216.65833421279
130227.18106112155
130243.50880101541
130268.97767092966
130290.66629891202
130334.12396557098
130336.69008473525
130368.02030701734
130379.584022476
130383.19340691285
130404.8504342993
130456.43894718422
130468.8399617323
130478.83468938587
130584.21175811699
130587.23674002002
130599.6296490421
130603.59519543438
130608.30223844772
130637.22223400338
130642.4576768233
130688.00786496207
130692.20659630239
130720.7888573866
130739.12480543964
130755.83704157302
130831.28279112253
130834.02096719264
130888.40756941834
130969.54896541242
130986.89829980448
130998.20654171219
131050.12886543115
131123.205798941
131136.20177241295
131139.82385142933
131188.23531173464
131188.32460681454
131188.54394836992
131194.94496710494
131239.0891555631
131249.12223029096
131265.20168661355
131275.3753224896
131279.88915131002
131313.5940795486
131318.65173353688
131341.38292424945
131373.01411524147
131402.1605449817
131418.58715446873
131427.92655970334
131439.27126269616
131487.97508005737
131504.62030855526
131531.75382596502
131562.06221512155
131592.89401580472
131632.98619346984
131638.858675712
131646.52508735989
131679.51753740435
132162.07418720252
132228.4529248203
132376.78682497801
132828.42171035623
132959.61005607806
133559.0195866407
134445.42432922992
134654.65416733993
135478.7608216263
136078.0194469586
136835.0334358505
136843.2630537124
136847.80589412962
137141.6689719371
139489.5479705309
139669.28011624256
139964.73637622505
140037.95388014783
140932.41936872565
141118.03385530625
141263.83525384084
141712.700617304
142121.67314857192
142940.915014409
143612.43771962327
143916.64342030633
143996.93295710752
144147.52238492944
144855.8941457319
145229.63839151387
145342.73290649187
145867.841545964
146253.73384276376
146416.60965434826
146557.89345727052
146584.71658231455
147659.85018563684
147992.0417350821
148046.86182692618
148722.6271897728
150206.13485624632
150620.83182150882
150649.98599225166
150714.3702193804
150936.11398041467
151049.89872895431
151115.66908508822
151119.09525815974
151211.23181911893
151231.63028988344
151236.42486266285
151237.70522633585
151279.67488402646
151298.5221986712
151370.56455193544
151375.17352242075
151415.14808456853
151541.1560835064
151542.5595834458
151618.52129894728
151658.0994105762
151754.78482211143
151759.06296141638
151875.36607343375
151929.17000344646
151980.1426718343
152030.1749702909
152033.4509972721
152049.43423411134
152241.00227478804
152279.84647506813
152435.62703929457
152511.43952836172
152570.07898053434
152683.9262693115
152732.18857447832
152767.88838672996
152780.8288539683
152830.51302953254
152869.42228827014
153041.22281710824
153046.86838756513
153112.33397144155
153148.98187441519
153175.60358952894
153187.6465679183
153191.5365126208
153205.7082833785
153436.28611610018
153459.92953147396
153544.52073271433
153744.89590722474
153914.10536946508
153975.26424399987
154082.05237281992
154128.18150655288
154216.18954975024
154249.55262856104
154251.3256418539
154271.87742735335
154377.31040962788
154433.82390536056
154443.64937701297
154446.19781848148
154554.47990052105
154580.5406274902
154713.56457261328
154739.6763020753
154848.9627385773
155025.48149940808
155108.81322167156
155109.9236308544
155234.94238184494
155318.23154446762
155413.20339211082
155436.07820602547
155457.82705365535
155511.56524209114
155673.909796232
155746.81596998824
155788.26384347636
155812.45636158052
155840.35934285165
155862.5814874197
156028.70919396024
156034.65600712926
156065.19332159543
156246.13204694542
156342.69436252717
156395.14125140206
156452.55204756072
156529.06044481357
156723.97372756997
156748.21669406124
156858.30025045297
157215.05021915957
157234.0784830055
157265.24858602966
157335.15676333505
157470.1461573095
157575.17167391413
157631.56181396145
157636.1710814123
157795.00544190698
157843.65804957005
157899.30586038317
158039.27969043044
158129.98541965388
158261.61007216532
158296.34437171702
158348.19802669092
158387.11486065135
158462.55049795305
158464.61709289928
158526.48972543003
158532.3567535319
158755.3219842309
158934.1998931599
159006.6809576691
159085.3859346292
159190.2258650693
159345.18162123638
159501.17313947843
159658.96988187128
159726.7577568977
159813.24307620816
159832.60310833206
159853.92715291603
159889.95448029693
159895.57698519895
159957.01804919343
159997.5696199009
160335.03644616297
160478.25448194676
160523.90731928917
160569.52069886596
160573.10802633985
160575.52298493023
160664.22127658903
160803.10479590629
160818.07942182
160839.70576243906
160864.1098870284
160992.1423753809
161149.02375855672
161259.22169671883
161416.21924281563
161449.5675847758
161474.2702255312
161522.16233151258
161584.2201579024
161586.89412077563
161679.17262698157
161746.142541504
161766.66230350107
161768.47906788273
161944.58588632976
161950.93211977184
161980.8699830821
162176.5355747359
162183.6772296486
162189.20838880457
162216.73085570347
162347.53611449932
162378.77447120193
162746.28903849618
162775.5306681705
162780.46337040293
162799.53927539504
162862.36380727054
163207.63979205984
163261.39158396877
163264.76374739443
163344.56503164567
163348.04542427635
163395.31153765114
163439.89770212432
163622.03948351857
163922.9195145598
164679.58168137912
165439.92473770108
166018.58027787495
166120.46893103898
166478.81614674898
167210.7521589342
167483.6488400449
167578.4470959742
168227.4551732712
168480.76238642068
168504.16261324106
168567.52465033066
168814.76184354222
168823.9335329687
168932.75201309574
168968.0196509003
169089.07453400374
169173.9868798497
169177.2834132373
169416.59920575944
169440.62589658867
169704.93508895132
169897.41166100922
170006.9179282342
170041.75638986687
170348.0508227452
170485.76712348536
170505.44997777964
170519.7678423971
170537.2433783469
170543.3371550379
170547.68555098868
170570.11215244798
170708.44776563533
171028.21330262988
171101.8090670506
171340.48480544955
171359.85848922032
171394.75107527297
171699.57936029544
171701.19515970896
171704.84269045678
171758.2282204689
171769.73667405715
171817.92092495805
171979.34976646616
172139.67812810763
172222.24144946807
172324.98907206225
172340.50683030923
172429.69022685528
172438.4470419899
172529.56717681536
172534.46845506932
172582.58570721257
172583.7693290877
172799.26203239599
172895.2183945455
172903.1701232651
172944.26854242067
172952.61855487863
173090.88138558107
173180.85406253263
173261.96985296914
173363.72914333912
173365.23396119798
173441.03845033166
173443.3039648362
173486.24591267665
173494.62479967298
173542.83129166544
173575.50272985868
173779.02968258166
173857.7268442924
173918.15451324507
173927.0078901067
174114.47148349843
174249.83889915893
174326.72178048128
174715.94387541577
174787.8730105642
174815.01349440866
174851.49636081283
174862.42025574658
175053.31168895602
175125.1562588311
175265.2392855304
175285.0973417881
175389.22465745462
175389.52228644985
175523.337561413
175612.77903164705
175623.64024512324
175871.16185126817
175942.81675013804
176033.5449925798
176162.55580409424
176233.60404712448
176238.2145345365
176270.05724635246
176300.22290506668
176311.37726073628
176315.80122629047
176323.65192435353
176454.35857161015
176511.94911574063
176527.96677861855
176547.63594023485
176556.66373281574
176581.67715808764
176618.87381814996
176772.43300617422
176841.19156594586
177040.5306890027
177057.6084585405
177086.8656225347
177126.5824566942
177243.44238148473
177319.33199959394
177338.54828149176
177380.2039718189
177432.29208020074
177996.30262157958
178138.27308798814
178213.18297979655
178274.86579020688
178358.68590167497
178496.19464784444
178539.64327056313
178826.14257147847
178901.54181135516
178983.49616932977
179408.2270296991
179966.47894761257
181042.6958941435
182721.80952358505
182824.48232421122
183290.0932189222
183367.0095357687
183555.15365097087
184761.30236634094
184776.71660743628
184866.11427029973
184907.56744598952
185046.872400783
185112.08981007177
185784.02485376975
186955.23252088643
187566.24768483973
187578.67871097993
187961.9098633421
188164.05389229665
188717.36384770545
188741.32838996133
188825.85950300805
189029.1039022989
189094.7347222833
189201.78120677493
189229.10031705326
189300.9326815937
189301.30847129607
189355.94500905427
189464.39695402895
189480.29607511335
189532.3976009267
189566.86623848486
189659.20317928796
189665.63372465616
189667.77761185434
189806.60694372276
189811.17503001224
189873.1105615124
189873.72579663448
189890.9010916714
190012.5478392173
190013.33599565888
190354.4917701444
190361.85349553122
190384.5539465686
190432.58778761356
190440.2888604863
190469.10221758377
190549.19400496947
190752.3530754986
190778.6925887016
190880.41987079053
190931.08825257118
191002.83450500836
191003.76443785738
191041.62769124296
191080.5026286867
191093.23009137425
191165.73571034108
191245.71673108084
191254.01547545713
191316.3893743426
191418.4087025021
191428.73454901116
191495.51492138926
191499.8116569098
191501.28616974154
191503.34881689088
191533.08337695865
191763.86214815878
191773.26485230104
191940.50912152496
191984.52609748868
192017.12622862484
192151.72649514145
192169.35758700263
192170.44676728256
192299.30818467983
192340.56875632633
192806.66236061027
192818.1856864903
192888.4074713547
192950.12063187946
193114.77487045512
193210.5638682254
193253.46009870872
193303.36111415183
193348.2275502656
193362.56295540967
193389.68498447142
193614.32675041314
193678.6293146925
193743.67313289942
193795.88789517424
193900.35776386253
193967.71236365757
193991.20526755607
194032.33641024263
194035.34861845878
194042.27538000338
194100.3800043449
194139.35370578605
194292.47890358864
194317.65076586092
194323.11784566683
194326.764270025
194338.9726039104
194339.28441452788
194347.94808693617
194349.09047376242
194369.01359313776
194375.38447209937
194385.16336098526
194387.06487868063
194397.34484541166
194398.8134144781
194423.0177605995
194434.9885823179
194444.3676681806
194449.6325550643
194451.55287555157
194454.99998862486
194472.9088616734
194475.36234459456
194475.90875695186
194483.8577478314
194493.20791978485
194528.70372761146
194530.66025483044
194533.87369777611
194550.2290270323
194556.8197899833
194570.33655314817
194578.38327958956
194601.15768844116
194617.97931958758
194624.16009029013
194631.83425259643
194645.84170278456
194681.1540748762
194692.72992352583
194708.71133036312
194729.00557621557
194733.8479186934
194736.99380900414
194741.72900103853
194752.8278551258
194755.20543154818
194765.69625158445
194767.68714505227
194781.64258721226
194784.57107211143
194793.3815311764
194810.15394593807
194815.70417889094
194816.6017734839
194829.9400898897
194831.8444983585
194835.84270531195
194857.105829166
194881.13026581367
194886.23645506921
194889.1698901333
194890.16771618524
194894.32925597165
194894.82309684405
194896.3863499558
194903.5710078476
194919.62977500504
194923.92147496287
194924.0708937554
194931.25824996058
194934.24932496517
194938.5377766313
194967.92307957273
194984.82677457464
194989.20949203457
194990.94697650406
195004.0961194591
195051.2993556911
195055.31303045334
195061.67739664827
195070.4000548306
195075.4527454152
195076.1793429157
195090.70270438175
195095.6480209153
195100.6095363639
195102.34632364832
195104.43409048044
195119.71749498547
195124.41828967424
195130.73290940828
195132.35236607204
195138.33416366472
195145.32178236608
195148.6391029431
195163.71482748265
195165.40559395487
195167.01538433039
195188.72532684577
195201.3955425697
195211.30617267836
195215.0255808069
195216.69262693942
195218.55663989048
195223.24824532017
195251.91268024582
195254.70179872884
195256.71738839892
195259.6046138612
195263.6329959791
195266.06566108545
195271.42302430127
195307.1718719342
195316.56352437302
195329.98204850918
195331.82157335986
195342.6238191906
195352.59253111904
195374.29628321005
195426.93137630096
195469.6615129305
195542.49649638537
195647.11761121242
195709.87489654598
195773.47449850317
196241.38644463205
196427.66385814612
196552.11882662293
196638.84265386785
196645.60763599386
197505.2090746962
197886.22564214276
198559.6428428897
198618.14380209337
198631.96375785983
198692.04661375904
198953.92454012283
198979.95516157645
199069.65547034057
199121.6764626672
199316.03437909152
199569.70980228228
199833.82738572548
200297.69860722928
200488.00284769057
200537.89312215088
200604.0420120012
200648.81771106122
200761.49607073748
200975.7839227588
201263.29550317075
201282.06414984106
201342.74779067904
201537.08399506356
201645.0243030254
201665.64770015053
201680.327701606
202088.18389580227
202090.14499057306
202116.60427882825
202132.6541142736
202520.70587679945
202618.3326023258
203064.70478552292
203385.71829747877
204062.86080757272
204215.77572082126
204515.6783768268
204703.39903062017
204784.60217361338
205089.3513050626
205114.72683285916
205846.78635158867
205847.32967381598
206748.3481929213
206807.4266881337
206935.95815780136
206975.29791250304
207078.24826976057
207132.6874786223
207288.26335454342
207319.15860013437
207361.48801897437
207548.6863133689
207873.99211532128
207921.62678797808
207981.35914257058
208045.53888605378
208068.6392209972
208136.6627375639
208185.982407943
208269.49470034777
208296.2823206898
208351.95488903264
208351.96706225816
208562.9579327996
208652.6956733402
208746.4109902401
208848.06751532422
208946.09047161168
208968.24676637034
209043.2557210458
209189.63766637322
209326.09489456314
209402.63404874198
209450.63738169277
209532.49137290462
209643.26842968728
209879.76918800274
209905.19648576985
209949.47377190186
210011.9972690515
210017.70274918363
210100.84964116986
210178.12662241416
210178.19737600544
210277.3236985364
210277.40734182298
210337.09727188625
210424.62852768495
210451.77418822487
210530.01257524115
210584.39406691864
210584.67884896672
210614.08443009437
210649.7233877475
210682.25778105992
211096.0108932408
211099.48332856287
211273.10068506052
211274.17835060952
211414.82701081768
211453.24366544752
211480.65302470978
211560.7732436087
211563.16014569972
211567.75730577233
211608.47847837675
211659.13430870807
211682.54263876722
211685.23283157096
211698.8027814932
211722.24120534884
211733.3356464133
211739.04765125873
211769.7920605344
211771.27861685512
211796.73659610422
211840.69085013817
211869.0747186825
212009.38841372053
212070.86656643852
212133.10400163528
212142.6029040181
212239.90753846115
212250.70860979654
212346.01067231168
212389.9309916871
212408.6370664717
212451.20907429268
212465.52749186155
212514.8252992042
212861.9023798225
213132.32816751313
213338.2571829324
213376.1713842205
213460.3870927447
213486.56998920446
213628.66413200594
213646.84820735146
213758.00128538554
213782.90285719038
213862.16864167823
213893.96844433286
213917.46905802304
213921.14990930047
213942.4382169108
213943.96125382767
214019.7996552007
214247.12364298943
214290.5787775863
214321.55891011137
214413.37432678184
214441.51102581306
214502.4279808711
214524.39003104495
214532.79112505203
214545.24544306262
214553.0268894014
214574.35742584433
214582.8711647333
214605.27509506347
214623.1561037443
214628.2955142686
214642.46094236593
214650.82864995897
214663.54603102582
214673.23120773662
214734.69901985483
214745.17257912445
214857.9860545541
214859.04435134825
214883.90311192806
214923.86198492977
214939.95014377253
214967.15064247817
214972.194600617
215008.19537479835
215014.13308608555
215024.64485006614
215139.2957276009
215174.0383180484
215188.87854911335
215225.72239137342
215235.5208991042
215342.57890928793
215363.76027356033
215371.18265216236
215378.7804887253
215386.42025820055
215426.59482870402
215450.7667088028
215494.82880618065
215552.9321586741
215588.19764511412
215597.98439342057
215629.07404367905
215630.33856004395
215655.7619666675
215685.49500527245
215727.52664087465
215782.9211673595
215784.1701170829
215795.71053474635
215834.3092094166
215860.7913031713
215861.70042837982
215871.8913361333
215880.80167169977
215889.27989182912
215931.22450484743
215941.60159909417
215984.78192677963
216002.17861712578
216004.59726783368
216078.5980763748
216153.21972251098
216164.80961430984
216172.13770755427
216173.8329439866
216192.64026706884
216195.32473425346
216197.37585785263
216267.8921973831
216271.57065588835
216281.34129972872
216303.01535009392
216324.3929737243
216345.09728291066
216360.80189104995
216364.96847756876
216382.84512664226
216392.408620068
216421.7026280138
216433.84772110466
216445.91936643943
216456.14351346908
216479.4866968103
216481.1315273712
216483.56605353835
216522.32970545016
216525.7665698019
216570.39533276297
216620.40692800982
216622.99457291086
216664.34324855322
216666.00749970414
216666.47297945173
216697.03846388686
216722.99799002294
216733.75323588832
216862.60249695106
216878.33735311558
216889.60625355024
216902.9962701485
216990.5559869758
217004.40846655658
217078.9671695704
217090.3139047935
217135.0678228764
217138.03957505306
217179.7576574872
217300.37032406637
217302.38697636485
217326.70836102977
217330.56937297032
217348.18947520023
217355.33637276158
217369.87315309624
217376.12043534836
217382.14782766826
217423.6717229163
217450.62062786246
217521.11170288484
217574.1344373598
217576.7878927536
217632.22361477625
217644.31581319644
217655.95097039896
217659.2814706677
217661.21260734086
217664.75209255333
217784.72138209367
217795.48361734036
217802.70054797415
217878.76469303365
217889.113775252
217892.0550548464
217928.90941831376
217983.7454243252
218012.86337414302
218024.58485561746
218054.56546933032
218508.62494864964
218821.63584172443
218876.12170102546
219001.40803478652
219160.14123378613
219286.07558369526
219421.97719678964
219691.4680210791
219984.92641089985
220070.48552404356
220278.3678266415
220556.78184563626
220894.2536076571
220928.27407009993
221052.94254456167
221059.83725059972
221113.52616928337
221346.935794249
222085.13367669994
224835.10249553443
225446.84420991925
225511.34879892756
225633.34135266213
225825.7122148729
226065.7878013135
226821.25662604294
227185.5661728809
227415.6050636769
227994.61351628538
228000.40175074575
228980.04532486477
229110.01873789067
229187.0247300737
229524.60007206473
229934.86011317346
230640.51805348962
231401.75016915792
232095.5505796066
232665.06547882504
232714.64909068868
233169.36664897337
233493.7646112335
233653.29446155153
234060.48217917548
234179.2418531457
234261.94041554135
234960.8824678068
236849.34755380068
236903.1975746611
236914.93080360815
236998.39795799233
237048.44186455768
237127.87628156092
237239.683174245
237279.1092626516
237311.80888947262
237422.27462086405
237446.27483275675
237493.49465673784
237507.27340619892
237536.45377824194
237613.12449326104
237642.56257860814
237712.35185064567
237765.07968188042
237825.13086014433
237989.7407666602
238031.58020384578
238335.58300364553
238344.5664953512
238377.56647017377
238409.91556007921
238499.88888043887
238515.2115919164
238602.94061307685
238667.3651268034
238939.84483403421
239085.09467252003
239126.95537200884
239174.21717745208
239302.25780300022
239320.32404206035
239323.268031401
239390.75177404768
239442.25376621727
239555.34868165452
239577.31604503893
239668.78685353775
239720.96114625543
239820.35309227335
239945.88982176024
239949.060414002
239988.50577216595
240089.50355006434
240154.66807266523
240155.1283556829
240427.75846275478
240439.48144605668
240488.28211264603
240627.00117934492
240645.33476422395
240666.97490267354
240850.7001859234
240850.7608875822
240919.2184117142
240980.87346164504
241009.56741140154
241009.95107487962
241047.14388958574
241053.00682519085
241065.46275705268
241257.2139221652
241286.67564699004
241355.74524747222
241377.76641696916
241559.95933287696
241638.1272778227
241720.4119291417
241828.02091449546
241850.10393404638
241873.50805391546
241875.0201653602
241936.10894351662
241948.24363253007
241992.97274038248
242030.35189672827
242066.28550262089
242078.42427585472
242225.90233155628
242328.46841161262
242340.8746418882
242386.1703463599
242458.80927769994
242610.74809377376
242713.78499418352
242736.92021635518
242743.19773698383
242770.12627078337
242775.52544029476
242777.5829704692
242904.19875063258
242916.360925522
243047.52306357818
243131.75614948344
243163.78603525006
243212.4252974442
243338.7690061644
243495.52746754044
243531.4539175392
243554.58756725898
243568.01234522724
243613.83213048388
243622.13239199086
243626.29068679502
243630.2546937017
243696.7431816367
243774.72712730867
243826.95555932852
243856.6964977355
243898.25343719334
243955.53896569606
244018.83573567288
244052.91853218805
244167.21989730344
244185.30721079698
244312.6430539707
244349.39972452552
244369.83961429336
244399.7234778336
244648.09255273314
244775.49271721704
244788.13946662482
244828.34082444976
244908.41349251158
244935.61529929627
244948.23183861925
244968.4594867403
245172.6127686702
245205.86886998772
245229.69171855162
245310.79290875938
245326.30082234368
245337.73164662157
245452.47799121647
245493.63838526775
245728.4376692077
245856.405046496
245981.10229236196
246089.82796275965
246210.54718544468
246325.8449637827
246342.63800556026
246493.70784419807
246515.90929015697
246521.10569716882
246547.0748111608
246643.00375133182
246672.9946958726
246702.34448841726
246870.8242409769
246885.4921611638
246908.89979806216
246974.11446993897
247004.48027876316
247052.7376099308
247086.52169774057
247286.46324886353
247322.2725395847
247326.08645828118
247382.58480158122
247428.18162121024
247468.0773152347
247601.0187459875
247955.96455101724
247958.74533007032
248022.50813988323
248103.20765583962
248111.04719444513
248226.88384104864
248241.0323248633
248263.0138258405
248271.84021331609
248277.89964849706
248323.5783727953
248465.48672483058
248550.93598516713
248551.72013962927
248561.31880164662
248592.6310661939
248596.1452622668
248665.94806746644
248672.93448035532
248713.8258308312
248781.94113099188
249003.10749825288
249028.15343212662
249053.4366362788
249097.51800779393
249194.4782987935
249209.48754720198
249329.694550419
249364.13487751363
249502.9905034233
249709.13081269985
249783.16953504778
249877.023891138
250752.88486910722
250872.95393378293
251087.37160422723
251356.08351540312
251775.34466791796
252127.7360144499
252338.14226249105
252491.71019824612
252672.09455164085
253887.84681215306
254097.31699972326
254920.59043303342
255085.33231328434
255122.69869517346
255180.49000306468
255202.6301443281
255310.66968258913
255530.67856468377
255592.72822879814
255604.3860133108
255620.71437463237
255637.32718193159
255672.3805742153
255672.98254488583
255821.0881525389
255844.6014040762
255851.18072003877
255898.4428435093
255929.3940401526
255953.15372975802
256012.07916660974
256437.8100444175
256475.58692368615
256511.1037875748
256746.7449572813
256962.11994906655
257037.04371113982
257058.2383213549
257157.67970821293
257272.51678498203
257290.73436054957
257523.54900827346
257555.0706820049
257555.97598581156
257790.35231898463
257812.69636035332
257824.80304072905
257845.72679057874
257896.18362038865
258061.45802139505
258187.79990228923
258211.92052744137
258679.04938071244
258774.63476250524
258784.5608355016
258947.53332614526
258971.44112899518
259000.12634237233
259045.44482932118
259072.00344379898
259143.53811425436
