181.93718869743466
234.7517918624449
422.0023412403735
597.0765632211005
677.0385833087239
966.5483605546507
1346.152108178656
1638.543955684769
1797.8905395971221
1871.5825740737164
2418.5277980326764
3430.5279995567803
3722.587636111608
3731.4953888852356
5227.876113209483
5794.788363660807
6357.755278827935
7763.526714097497
7801.3525146915945
7967.340808659858
7968.605239526997
8054.550538436846
8069.593328364753
8141.28825904398
8306.726292294114
8421.670226687313
8495.510887144852
8557.555815963122
8593.42892948165
8692.622440134044
8762.068263696201
8766.819814698521
8801.273526749084
8810.841161261622
8834.598837010062
8863.403689702673
8990.19372994006
9002.305980091127
9074.149883197493
9177.765778298086
9211.18059583456
9261.071151582993
9372.120531671248
9423.615545304456
9423.740233093591
9441.889962591751
9448.096760047267
9535.689730755868
9537.35999850143
9582.528750975825
9640.380905595992
9645.317301002739
9729.399808105027
9863.058737538913
9997.619091937859
10093.198100846588
10117.682777303953
10250.638819477032
10280.615800956812
10512.689411470574
10797.95052517186
11090.187913954729
11094.247682897663
11135.657548858479
11340.797602358589
11374.138565915691
11478.375628991273
11513.15039101546
11598.881866181335
11617.486351344358
11623.604648725097
11720.700963029485
11732.189657770703
11881.748805941592
12008.614991759949
12020.229257971901
12085.047713761782
12107.903366256685
12136.214336653407
12170.310911204657
12265.109382834644
12273.093397683968
12422.12431201776
12454.094593055235
12530.26516924331
12673.829107761041
12720.643265579643
12955.665361028254
13142.310909319425
13352.029997163021
13571.473683015209
14008.735699566898
14130.888415454752
14297.588917421195
14333.605330440727
15321.41204467704
15430.342308728776
15898.023689818498
16124.914177119472
16946.176653843628
17236.142751578678
17300.08478377289
17475.546990459614
17753.386599777044
18007.87069547817
18015.668034665006
18143.895429281332
18214.15433562881
19170.63045502637
19311.852523057656
19839.632215242076
19927.128470182164
19985.28422835143
20011.56936604007
20247.872095524963
20325.875307481692
20552.175648210854
20900.685596295476
21001.133864116695
21299.338855100457
21361.00914525552
21451.976825114973
22020.824232539457
22634.47884045187
22963.096289295903
23746.420200918492
23849.959416333717
25980.840377395038
25984.810686265613
26044.023367171056
26374.81334463558
26556.988015931227
27182.2695818572
27388.324958732628
27492.32472748798
27961.023893125424
28083.794669890336
30068.61900988744
30329.82190063175
30345.4935160453
30405.303054120148
31108.187228672654
31511.126212551328
31577.34124876595
32324.217232050734
32531.458647860887
32874.57549142094
33367.93376097747
33540.290825587785
33696.015811426536
34320.65333982946
34591.41831257122
34793.87964788329
34849.973181952184
35565.278779959874
35634.66117252259
35693.71210850164
35753.77471463581
35814.32074773088
35893.61895796172
35959.29920793927
35991.31175944777
36022.45617237601
36107.33477128911
36135.88002732779
36167.73726626214
36215.2047889966
36218.35018391478
36234.76230521757
36273.84864427498
36320.28472889823
36348.112409941335
36444.51604042669
36613.27224868513
36648.03636518783
36724.546245754864
36866.449745210484
36976.71225462782
37005.6135576519
37025.913304451184
37061.175630249185
37139.3810153333
37240.396422127036
37273.259222141176
37290.76649803184
37296.426236754145
37301.903149537604
37359.06590728609
37471.82402244083
37488.03305444375
37634.7852909426
37649.43948222302
37666.939677366296
37761.24369200913
37815.35208628405
37915.48066548888
37929.664265462525
38046.94935965252
38056.9189478729
38076.185866800115
38141.07337414578
38161.57549058057
38162.25749537722
38171.782740013994
38234.238312337744
38240.409065678105
38287.250248513665
38294.81903500564
38387.30103716149
38399.48116482951
38421.53227500754
38502.1191260002
38586.81627868442
38640.05008609813
38801.45820779418
38900.89796095829
38937.40512147202
39151.95899573317
39200.52988356754
39367.46730310658
39537.917096274265
39675.78281104827
39725.8101674005
39751.48742453294
39804.838435875135
39865.17167083275
40051.01666825876
40094.63179653423
40130.35271078646
40147.619010662565
40158.36442489527
40207.830085543
40306.489289227495
40442.090022420634
40454.11049296956
40466.73271205638
40481.14715477133
40481.41632662943
40501.021350909614
40595.540331438904
40649.025187116764
40662.30698831628
40681.375685503226
40682.4698596363
40725.778236769154
40756.19898972579
40779.811152340124
40832.02595588983
40845.3735376637
40928.43182218338
40936.92962167743
40950.517272440855
40977.342898388626
40991.77024436936
41067.419742494174
41076.48371270191
41222.242517069106
41410.1377325066
41512.61404198915
41517.655454876025
41624.974804422214
41716.54869804977
41775.580626380106
41797.43643020807
41827.835915270465
41864.325722731606
41906.111408964374
41950.26408460964
42022.37968011801
42089.96124609629
42147.58507880846
42175.27675710246
42194.710595996024
42217.052011772
42218.19283927099
42301.93285454318
42305.05285788098
42311.06361999289
42328.59440855135
42340.81653745163
42350.37096935181
42388.01168831637
42394.07464631738
42404.643877925504
42410.02880168127
42419.497264342885
42435.39513622962
42437.680925486595
42457.07082786025
42461.83010438911
42463.521081776955
42467.077096502726
42482.07151790432
42482.1247160103
42527.55031046835
42530.31566178802
42532.167895138286
42535.32340716766
42541.29505530783
42562.238533028685
42573.75714472541
42596.169534520945
42610.82869988274
42625.05729047234
42665.837735198205
42667.87928032905
42675.285988845375
42705.50944599512
42731.284288053335
42731.868846004036
42734.741495291055
42764.730910749946
42767.88808582663
42773.8245119826
42784.56103473209
42792.07338621329
42793.152411390714
42799.434803158474
42818.03073175957
42824.46491360674
42827.84618469562
42849.19616348997
42862.567490316906
42881.80910901873
42882.906687055074
42890.179475589524
42930.30594400744
42961.085524998154
42970.993159294034
42972.31571656617
43026.66796374074
43031.05094345877
43033.85712536382
43052.05515942476
43105.09821599265
43116.17778555521
43127.31758155481
43219.471370589345
43221.27011704356
43242.561712341754
43259.689025652784
43265.7656737649
43271.20723811279
43296.48240955139
43333.52170282997
43353.5868764837
43376.93102123205
43384.72147944958
43389.14702066451
43393.54270439128
43406.556478852646
43418.48750459315
43424.09599327716
43437.530334618765
43466.158708706425
43520.85416675268
43664.16032499306
43678.11678586514
43684.19624422579
43690.35471567988
43705.883442658975
43717.9543767046
43747.92298907728
43769.39925653569
43883.821238054465
43913.92288874731
43948.38121538485
43993.84101404037
44016.07582360121
44066.06112607053
44180.502338063234
44232.83657104656
44304.5032857202
44340.88866701844
44350.71236246035
44356.21219962865
44358.62177810457
44359.10064902691
44376.96809553312
44410.232117625645
44421.52439108339
44440.72676168174
44442.36161625204
44543.006060208754
44563.16539011626
44586.23110270339
44611.612097484416
44627.5215518845
44653.2704508518
44726.53756852332
44732.93960415748
44742.93242084672
44802.944264928694
44892.946920952774
44894.22050799526
44934.28010017811
44980.92465404491
45038.7806489796
45095.16726636638
45173.83829810848
45200.61242758846
45234.483152577166
45283.45237521136
45331.413088212554
45338.161264429065
45351.32148353469
45365.62051086333
45408.4979153874
45471.85794061047
45472.019796112974
45600.02217546492
45602.04288352536
45621.207825807935
45634.905379009564
45634.906384248985
45706.95684601556
45711.99053322548
45757.982284069214
45773.99302780467
45817.60003531596
45834.34540975738
45897.99223627296
45920.91503642358
46012.238361849224
46056.93522495956
46079.64578720846
46110.22328978601
46143.91333559556
46222.38720994472
46233.440025255346
46243.24211701372
46297.398028575546
46307.138404724246
46420.57219504084
46509.01838700533
46524.48210379708
46536.071925466196
46642.685013200404
46662.25087765433
46692.32254792986
46812.44644491005
46818.40498852137
46845.82974659996
46889.9437402541
46900.99576958912
46907.74981522083
46944.67235101357
46962.52134081396
46987.50258668235
47008.15402459285
47009.75507698717
47014.521418169374
47098.79118920818
47109.69701474965
47115.769074775504
47129.77472959115
47336.78896270743
47341.7685222308
47367.88352982073
47570.649458743566
47584.9172836904
47614.28433465715
47665.03428357485
47683.998978116935
47697.187760113535
47708.90551485078
47728.63053649729
47938.7690949421
47949.25556802978
47988.56985690145
48041.14622790467
48051.97779532904
48054.97517469309
48078.637433538024
48080.63417502757
48089.162128375545
48093.21100598067
48155.00548818156
48165.67427311309
48280.25492598947
48369.08502871606
48418.237379393046
48435.420598580204
48435.93751066795
48522.63059981233
48528.88622376185
48543.10091088848
48560.003720538865
48576.85446497954
48588.704170981735
48618.74278178094
48643.60754112675
48759.59575954157
48817.63344506814
48827.477666695966
48834.943779816545
48861.426502587194
48875.32234698767
48876.23112473934
48902.01543708051
48953.36787831939
49032.89294905314
49104.10895620208
49112.268342589596
49148.568094988215
49239.947256854415
49250.91971950923
49263.842882575
49265.81165278477
49287.280251170785
49347.25345102883
49353.20968448825
49366.8382068377
49409.23734525046
49421.00286427535
49470.87943260952
49558.28251109439
49560.21835065159
49588.67935577356
49604.401280233804
49708.510592046245
49779.8304036973
49848.59619037504
49912.780359764154
49937.44627621492
49960.919594838626
50070.60122972449
50113.46954425425
50134.3922337096
50137.03777980254
50142.39428804321
50149.590439693195
50157.25634873813
50268.03097744446
50296.99294678052
50319.65443277983
50349.51672378706
50383.28334817147
50397.33987100043
50478.078963512744
50552.91371609689
50656.87530320874
50676.91131103472
50678.06785417264
50682.03065954675
50697.627609216135
50721.223043342616
50811.32786904168
50826.07883750899
50857.219007030086
50866.891858282404
50876.03478474057
50971.04669410749
51147.97742881565
51179.193531179655
51182.775063223366
51323.23579845991
51417.17257917001
51462.37465873159
51476.584726881214
51531.96603629471
51552.71941619864
51565.127042009626
51576.12838123476
51704.63719297765
51707.93576122174
51741.77788997063
51757.739280945025
51791.071299666066
51802.0418602847
51817.55014510424
51850.36421971063
51920.72935879705
51975.36552776021
51979.74719255614
51992.53494153074
51993.16885662924
52130.52103458893
52137.025843873955
52164.06518049534
52168.15440768082
52176.44232664383
52185.548251475724
52195.68591695013
52203.00571786238
52318.61137864088
52381.97923987594
52387.19591102405
52403.685761092696
52405.18990298794
52411.3670023505
52421.63248487792
52526.64067114373
52561.40491084492
52619.04422379094
52620.95766350156
52647.45430040411
52648.40123784291
52676.134514486985
52714.19674726539
52715.78959897805
52802.8278633184
52853.9557571771
52855.34283610472
52885.01677034647
52916.25068018156
52977.49213788373
52990.15553921202
53010.49643040328
53019.36379767632
53081.89461389252
53131.24112926536
53147.69892958716
53183.37035105071
53224.626671200655
53343.458310390306
53398.09794279145
53401.333224291404
53423.25083311974
53445.14142799195
53586.66834070435
53601.80096827347
53634.57692712605
53667.38931358966
53766.12380632466
53771.36012828851
53780.656556918155
53791.06441478137
53857.126961434646
53863.02335026372
53900.24766398028
53998.87251383115
54031.32451585442
54042.34331574921
54060.64987113337
54073.15025113139
54154.79665281438
54163.606682689046
54213.06507977137
54230.26703126293
54237.58451092848
54287.07858835462
54312.85600042328
54358.00468950869
54422.514574301946
54453.13848765151
54456.04529612276
54462.28166305363
54469.096400304705
54495.65773225104
54538.06333135912
54577.81982963095
54592.25509625384
54685.255439067965
54773.32940746839
54868.23714489301
54868.58951914337
54906.96703409988
54974.73903558885
55001.24990610829
55097.01624094512
55176.756859048306
55213.63251937562
55243.613747177085
55244.80200625179
55249.23223535208
55273.41659098292
55286.08664495552
55294.933081963194
55312.42007906177
55365.929425455084
55381.8647041847
55395.26367037072
55411.75144648919
55426.21038632241
55509.25298734513
55578.65802317966
55584.82313926518
55593.22066492356
55599.91544392451
55649.108260040404
55671.99185084627
55675.03593206976
55685.88172787835
55716.1999221434
55782.531301592586
55789.58268102608
55899.72864531617
55915.93962335666
55917.19491005665
55933.84602167609
56012.14830366924
56067.4753857841
56067.9649507363
56129.34538398996
56166.15851933047
56240.683718784865
56256.955440579826
56280.475619968005
56320.67018596298
56417.60402381726
56436.85752999706
56463.23987988689
56468.303227143675
56472.845379821374
56547.66048144601
56562.26098523195
56576.012585153476
56579.912980085166
56580.121428439845
56656.319118734624
56694.86390774631
56778.31402462515
56830.20663408033
56841.43175429023
56869.31497397882
56893.68431921752
56938.592360941264
56975.31987803361
56997.561397853584
57004.27625225464
57063.34072137859
57093.81643135515
57107.44807980524
57176.293142273404
57196.47518506616
57282.01576116978
57418.253183755194
57521.04555620639
57532.045252802905
57556.26844843769
57739.08685697905
57750.97948243472
57822.92651888767
57939.52339061028
58030.632077329
58106.08877858174
58553.882805007226
58569.57952601583
58684.69774502423
58841.99376577296
59175.739326512594
59252.542528560996
59341.53690570043
59392.71740779258
59414.740043574515
59662.30053989464
59703.899152881175
60004.25661550806
60114.874098473076
60137.56655370088
60218.882579177895
60430.36680049454
60673.8020877572
60777.39940043356
60791.079534798235
60911.30520359847
61002.412809548325
61157.73146689139
61607.088856392416
61856.11310236457
62156.37604088891
62228.44041624662
62270.69456513479
62377.57584485048
62508.940380151435
63029.10469786278
63212.432986866006
63357.84609811734
63513.03644382042
63775.71470632768
64025.558462544526
64347.40397882525
64701.889996661586
65139.75113307011
65217.58502682691
65379.82181363601
65483.60462331146
65653.11227068039
65696.47392668828
65743.78529563136
65963.04516641074
66353.89620710726
66675.22865857308
66764.7367035847
66774.11431812106
67468.67317795841
67468.67466009545
67523.79662820845
67647.00861178216
67766.6008244801
68026.82283287734
68030.64452612567
68111.3132719369
69403.58101152402
69942.64372165583
70158.6598252838
70460.61694335187
70692.42810179753
70745.37499847141
70969.7354253336
71759.18254086726
71794.3761413699
72486.714229487
72491.9751230628
72737.42503328409
73017.90561042832
73325.47114661292
73712.95310720704
74100.06863132527
74203.09535627913
74591.8527751542
74953.29408988562
75013.22462513066
75922.57655502335
76415.20567989162
76494.96384044603
77211.9155494988
77357.7835131685
77419.94195468002
77564.70617325213
77713.67541582076
77795.32254421807
77870.85032257269
77898.54967951146
78069.60354257094
78075.94904987334
78085.78221696279
78170.21389128563
78218.66158540669
78228.94331232773
78275.51019175477
78365.8896728194
78507.8480893367
78567.64849923513
78568.6423645014
78647.8636301634
78710.34973735301
78737.35724086482
78867.9424082621
79206.39481607129
79216.12628192121
79222.71827513185
79451.45106133893
79568.06369128017
79645.98728567036
79755.4324508228
79991.66182900056
80122.89797519517
80236.61572892117
80250.288783662
80323.12484707475
80401.4528204399
80403.96745712818
80496.46549602723
80505.66906906471
80561.57512083332
80640.86743966055
80733.21664507114
80756.24723602673
80848.09177961713
81206.81762346531
81342.13626463735
81386.92114804646
81447.30460376503
81711.69028262049
81762.4410906332
83096.99675606836
83126.8515681934
83310.81085895434
83443.1073749832
83961.6812829834
84797.80282158752
85420.65191917482
86117.65135439292
86171.71352102289
88298.84318334101
89335.38989867251
89956.93444711507
90503.03325073405
90838.67149736611
91691.18979214325
92322.56428614649
92831.52727213745
93040.86253368987
93506.54855473865
94378.32833854016
94641.29508920049
94643.64477341864
94820.78188389065
94890.3682400874
94927.1879297712
94983.89367054618
95314.74281078897
95393.12117655094
95404.8198367769
95460.76980388524
95529.53652098199
95546.27867555697
95615.05241689162
95777.47906567022
95955.07578926509
95977.03398163411
96029.30649164954
96174.55965046505
96304.38330286938
96326.42824169024
96569.50557077528
96586.13117942036
96836.3646059663
97097.77839668238
97106.18099823885
97206.15594215662
97350.48468519904
97465.68730843099
97504.64100020414
97517.94585034439
97544.69809918101
97656.32230648624
97686.32359568625
97797.80924874454
97805.5184367923
97933.94266245702
97965.37837603276
98064.41417876758
98529.78331325059
98557.36594704505
98585.87103256867
98635.03265252875
98730.10759160035
98740.45379363751
98759.92869920988
98821.05157898908
98970.19754981107
98983.81021313074
99044.84144181905
99048.61884068768
99119.64899097374
99120.48853317893
99162.58161339283
99304.85741546119
99356.42112005918
99481.24298727718
99481.41966315196
99546.36816427507
99548.28834515769
99670.28886353472
99771.78987711422
99779.29660277875
99926.68193348138
100209.67789996242
100361.30342565497
100714.94400949043
101129.95340263762
101169.68685692408
101249.10564175996
101249.5900249613
101353.53909256238
101597.38744869601
101692.87863145437
101992.67239124051
102476.84224807398
102587.8268012205
103007.36969909037
103366.2431617311
103643.96046707038
103884.9665341161
104370.64126716141
105196.78521003103
105299.10707404107
105939.60984739965
106550.05310128903
107496.93530454105
107792.77036149948
107880.99054010407
108401.11797756671
108452.99566315851
108549.3341180904
108626.68581728055
108735.31220040239
108838.48264234883
109539.76039699925
110173.88369600901
110215.41580247044
110480.44127411577
110642.21300845811
110682.786624211
110696.57763468554
110754.66885254717
111471.40170982043
111842.41948583756
112172.06986349638
112564.54217654225
112654.68667533141
112751.88914891466
112927.0516917168
113590.03284800536
113673.31660442679
113769.8156628141
113912.22827175455
114105.68093276968
114372.33174513884
114594.07331326
115628.84231754062
115746.8433248272
115998.36543391965
117062.46392716025
118134.80351044134
118403.62692935308
119195.88193483246
119469.4585399208
120277.72266610849
120627.90866295931
120682.73498829379
121439.94419551024
121851.86394130335
121903.08929174124
121950.33266236275
121964.97630430284
121989.74443935767
122186.89901076884
122196.66029695353
122263.07275830462
122265.45503630306
122267.83407439498
122324.61610207873
122359.85671469073
122653.60373622694
122920.56629192969
122927.17666530694
123020.18154444348
123097.38928302831
123129.0466289306
123173.54667458203
123198.69132866219
123316.93997015514
123385.71672184484
123397.5379967402
123401.26738545421
123418.83060224802
123433.90624503957
123472.57425324456
123477.68278631827
123564.93550809422
123777.60686453358
123782.28126515847
123788.96707435267
123861.2894677781
123862.49165111184
123913.6597699463
123956.92266675107
124163.13857715145
124197.76322476417
124209.78493002141
124329.99104697048
124502.22983970631
124512.63315387694
124565.1391302523
124639.74839630103
124712.02640082187
124845.35549933749
124854.27345288394
125040.23760816336
125046.39410768362
125054.42112253168
125054.89295633705
125138.86042643432
125176.30349881013
125194.76630004437
125226.55275269687
125269.4392662177
125356.24064678486
125390.9487729444
125405.43521184189
125488.52738950403
125598.63410015058
125636.61002128353
125704.22167383811
125769.89227577574
125824.96929095604
125894.91690242142
125899.46972371695
125917.71463303818
125932.28010560747
125970.06167120356
125997.89120659053
126007.2747287643
126024.57262690226
126042.44956460936
126135.57194896435
126338.92870239611
126426.97009090158
126470.3586707511
126491.27420520163
126517.51829834715
126539.39934634419
126547.64604868654
126596.84944072382
126689.80812584548
126718.50283615745
126728.9464008944
126846.88182666394
126912.53225368098
126977.8095116599
126991.5306953034
127007.8552428422
127027.53344335956
127030.56894121159
127050.10897541331
127055.70180382936
127086.04135307085
127087.4460082862
127122.49258217595
127142.47591429678
127375.36762601315
127476.31533305689
127527.6434340873
127642.1166070177
127861.01041832111
127862.31061534458
127891.83621808511
128070.04216055703
128100.53253424127
128102.18526110554
128106.88047718973
128119.4652447282
128238.6154848533
128362.46208180013
128371.76175724578
128423.2958472801
128433.92584806807
128445.71283574875
128493.35639222432
128496.86036593787
128502.6053447632
128509.63008545406
128518.81096916203
128533.1335001622
128536.91901423283
128538.2301211491
128558.70094393168
128576.99953286635
128598.75946570511
128627.6970306603
128641.03151081293
128650.18614233051
128664.74061209426
128676.49738403241
128784.38730123642
128832.49006329942
128833.49544312542
128839.06448601969
128855.14810951492
128855.8779216198
128859.32362430742
128884.49642706684
128906.53140948113
128909.17334850127
128935.55989334005
128954.7369576921
128959.21932883354
128962.20968602327
128983.02527186244
128985.00927457487
128988.4533887722
129005.5609348898
129016.2476437916
129017.31847421682
129017.34500436053
129019.35138007137
129024.72074391293
129038.07445798957
129038.54686299985
129048.3369222153
129061.27596917015
129073.96979055354
129082.63824148514
129084.65963718187
129094.85669612896
129106.24797749933
129128.99846235414
129140.59092840867
129141.49653746365
129146.83849202306
129148.67209036589
129149.5733461725
129155.98950814368
129156.70940618953
129162.47526709881
129166.9844421602
129187.53209227789
129194.91724891138
129215.83275356615
129248.46009543525
129266.99262339104
129298.60393156874
129299.75334750052
129301.51197063643
129326.80898290924
129329.2310737274
129335.45020924162
129370.21353776917
129378.61928970192
129398.04425160852
129404.67957519734
129427.58322642876
129440.32884824168
129453.56520922047
129453.717902548
129463.93884818754
129479.26892339854
129481.68091902864
129494.60259119849
129572.57786775159
129580.73120614197
129590.56667076916
129595.20101477744
129616.187360707
129619.97580739704
129627.69882300824
129663.70175447842
129689.61218259862
129701.3100066564
129702.31097151308
129707.15748394694
129739.22803051499
129769.19167923056
129772.70216133539
129776.76335499648
129786.71351251363
129809.21793774913
129822.6467785509
129842.38113046813
129875.89608394585
129955.19959002329
130018.21200691404
130039.33272723752
130059.81456615069
130090.98416779743
130095.28908404817
130223.71089884792
130227.85701715961
130263.3602039782
130314.24520836447
130361.22075464412
130372.48975341253
130464.14811210187
130511.66711830457
130523.2921924158
130589.2142840758
130626.00020339427
130631.28766103339
130647.23566880662
130663.9030651005
130687.63263602884
130781.14731706858
130830.83164799376
130845.36309753264
130862.81093254732
130870.77787333397
130901.28246059532
130918.55074117193
130947.56509819938
130974.65560699932
131011.78198471875
131049.69875539877
131049.75059964735
131063.16051023672
131099.6522532766
131122.727312212
131176.59638891972
131224.44503597505
131305.92690379155
131320.85027432203
131359.01183987368
131445.93728729425
131506.09873602723
131562.34684813628
131573.77180907573
131574.45992758236
131594.19312682786
131695.86857971025
131700.4456279255
131739.89361477396
131766.36998494517
131804.29775236384
131931.53660082218
131950.33581857203
131993.30465894606
132009.99356154236
132011.81588886958
132023.35114507418
132031.62495697587
132049.69630891306
132057.5681120206
132081.88714699098
132094.50458365327
132096.6664807382
132112.26500602913
132122.41258565697
132125.02134563148
132131.266321238
132247.91969366805
132280.41844451264
132289.16328976437
132336.31974755035
132359.82657481235
132394.2970535656
132484.89102046142
132498.00595791478
132520.5526924047
132532.2838538962
132608.6471009585
132707.54026926603
132734.86957057175
132741.63461220785
132750.91570289648
132800.9225095594
132859.92715756173
132876.66281156393
132920.44236886437
132946.21281231038
132948.43949770107
132958.17321508215
132971.89216887509
132986.73640108726
133016.15345977317
133030.79556047154
133039.96357190816
133080.8448094932
133221.56772435067
133253.54767942356
133307.49278606777
133309.7891536259
133380.88235718026
133407.29124693119
133412.92498839708
133433.95433966417
133471.47270024725
133490.61292522095
133518.003455864
133520.1300176564
133534.14473311536
133542.09625014613
133547.83496786596
133609.90284536834
133611.94697129366
133651.09250174553
133747.85377848757
133761.08396974855
133769.5609608924
133783.3064081053
133821.43538830584
133848.4287100307
133874.62749363558
133966.3548605704
133995.67113081328
134004.069679126
134021.59227216925
134176.36949335146
134180.90709096202
134197.62230695217
134282.45163998456
134284.5142912579
134314.82028255332
134347.48842722835
134369.8414357206
134370.46636151243
134425.2258238984
134496.68239434366
134516.68843047007
134560.9955626548
134579.69602189868
134594.06605428012
134631.0643113594
134644.9126371535
134673.79035949032
134690.46406763713
134761.84058447514
134762.21107552375
134807.48613108668
134836.4987270063
134867.7194700244
134874.27120782871
134919.07687821097
134942.71488218795
134951.23893981936
134966.1572783429
134969.3489969275
134972.06894123618
135084.89938387094
135088.2442472309
135088.66841933658
135090.96832201222
135099.97516789468
135119.11606932222
135119.36477879394
135129.73859920818
135176.87305067392
135231.8644308565
135260.5219163494
135281.06219213104
135302.47822864604
135415.7820036443
135428.9747620892
135442.12220095238
135538.00944615656
135563.7314672566
135575.25552107726
135600.65203985793
135657.50863494037
135671.84382709887
135760.33050750179
135941.97578404564
135954.52249039704
135958.9261665624
136002.62779970106
136024.57993580154
136024.66641570634
136107.14438436026
136137.590188696
136203.20916257368
136233.61744313972
136299.4615778664
136355.9004269436
136399.06702235006
136414.5045300591
136464.0014644203
136491.1609632733
136532.4081132902
136612.1399105736
136650.0545671431
136654.62737756362
136658.09482309522
136676.36391667736
136703.86511596217
136777.5630755513
136823.15307582932
136876.58777896455
136888.60473495565
136927.7720254978
137014.91669488454
137127.90619798156
137248.78162330168
137250.28040376536
137255.15687846832
137270.9348033346
137317.27948715887
137326.9549167391
137346.6574557419
137365.27611399192
137390.47826022946
137391.96143290726
137439.00516669996
137450.80667204325
137479.40372614228
137492.17703904962
137533.57330116857
137558.3330752179
137584.3424080974
137695.01532809087
137713.36778626754
137716.6889086518
137723.2748319746
137734.85687310394
137745.14558388732
137747.1607936396
137749.1950502592
137763.1897075444
137763.19089614553
137768.00407159547
137795.65773537848
137822.31650527994
137870.91513829865
137887.87721803875
137895.95978360064
137906.9685404222
137920.99540875526
137930.41643681517
137993.06276944996
138020.29984979166
138025.7932333338
138151.7394153387
138181.8631489159
138187.5275391051
138246.89642572321
138247.63550238658
138262.9538889393
138264.55483483477
138296.78520976976
138345.61392788094
138361.8324664487
138369.59790395602
138393.7824424325
138417.6838706935
138469.292958227
138472.49209429327
138483.73081166355
138486.17453761428
138516.90420999852
138517.7306983103
138645.7747513496
138662.41161735044
138668.94689881324
138736.89034588315
138745.17013328226
138752.79516828473
138780.6696921203
138830.2205850885
138842.0227196225
138851.7844730898
138889.26776300176
138894.17822202586
138902.27001462912
139078.12514973484
139086.5915596062
139093.7098220104
139133.66633818223
139150.768597434
139169.20153818646
139183.17449364276
139185.64599146543
139268.11102047726
139273.32691940042
139274.3164469468
139275.34938557993
139301.01546018987
139364.50711955666
139436.31480639032
139450.69432530884
139458.82517536712
139498.0155482431
139524.3537414735
139537.63915237997
139641.88505316133
139727.91334213066
139730.3931414956
139762.24427898956
139779.53261652423
139834.27404143682
139840.79899498666
139865.64515457873
139891.5529794232
139951.44499678502
139959.47268038508
139969.37638484346
139971.41203615657
140059.09606278752
140082.63558426846
140089.55577387006
140090.60185289776
140099.8562983765
140103.2710535983
140119.2963510869
140123.6826867787
140135.0502736027
140262.8831840305
140324.62430291838
140408.78558531997
140549.11220180552
140558.93394258607
140692.5153702502
140699.1789248518
140766.65571278342
140778.64640764997
140807.5268110835
140818.66282137771
140824.76169393727
140835.7051064399
140857.0422212329
140867.62619263827
140881.23719588027
140926.00766523578
141003.07562853122
141040.92034847086
141051.81976163192
141150.45230204688
141192.78722802483
141217.26115381077
141289.36208289885
141328.73369981957
141340.79425486096
141388.66643995908
141497.1403747864
141512.6592250184
141513.66362150112
141537.7645354171
141596.9146380895
141826.32421853673
141882.58536953063
141892.55663526995
141896.7099681819
141909.95509197275
141953.18930229946
141989.40844629792
141997.7135970618
142011.9829386209
142037.60567987696
142089.10544989276
142092.05289444182
142209.3604519221
142267.38993560476
142285.16935543856
142299.5755642883
142327.9765314427
142329.30944961085
142429.60507433757
142489.0585518012
142569.22893891417
142581.2067455497
142590.29614027587
142612.56782847602
142622.10470057648
142667.4710587095
142750.13683854032
142838.96011736186
142957.90665035558
143029.08953443894
143052.34190310247
143129.48538089756
143166.84330011538
143248.27655964097
143273.80227921213
143295.3413099005
143332.66799274067
143387.1473537757
143395.5618846185
143476.2550096428
143480.03783654125
143501.93035947793
143538.22763377646
143562.06871098926
143568.27043704386
143606.52582824405
143608.43087017586
143651.20079529838
143682.3049772408
143685.15701158845
143798.53478809056
143857.93652961045
143906.49952835919
143906.84972271672
143907.84017936743
143937.71398876124
143955.33366050647
144107.66027647303
144376.5695308565
144727.50438224577
144753.03330899353
144869.83742212423
145012.7170764209
145066.48049029207
145144.11377971194
145439.66874542565
145863.03407205458
146683.42804438376
146697.2440622492
146977.4882197667
146997.96811774903
147027.92589774227
147088.71645306732
147357.62828789154
147964.72979246412
148040.003597688
148184.40077933422
148277.1818109167
148331.5583883726
148495.7805557956
148508.27869774553
148552.2411724226
148634.27363987794
148708.69238998613
148929.9451923645
149011.6542343244
149192.89178856657
149497.3546660844
149597.26957561198
149721.13697198255
149777.58301071415
149918.56304889324
149998.0584185789
150001.1517082635
150127.4406658831
150402.54776999488
150478.11961467567
150758.85320464757
150802.670524659
151187.95500104525
151408.48601089045
151612.90601370277
151887.1190838094
152044.94250319627
152415.0870125593
152899.75008229382
153153.25374855238
154091.93808073452
154396.9985029289
154512.25713876245
155241.6191663721
155399.35744279902
155466.36501441087
155784.29747834284
155979.4518420761
155994.0238925923
156330.32063577857
156501.1450151306
156538.44679207774
156697.29933644482
157210.09263075466
157747.93439616455
157771.13023089254
157862.29906259742
157923.65957093477
158193.50161617534
158930.27850466367
159081.4592973451
159278.2627461655
159295.54163269396
159406.48674921796
159426.3078024334
159728.27392894146
159851.21300974343
160635.05221703032
161662.18934252043
161890.90747381822
162328.45119418728
162590.76106283691
162763.9331866614
163405.9632944648
163596.6410244221
163735.94846230833
163859.61769561347
164022.17424584678
164080.17996870697
164120.36606284638
164125.0912410965
164192.9457967576
164208.6587144293
164212.56288828293
164243.3143415281
164251.3057143677
164272.8089646253
164347.93632192534
164360.46398388094
164413.28775973647
164452.10787035816
164615.01120751738
164745.50456329348
165159.55519110095
165170.67569233192
165237.11277279473
165329.6814079925
165521.62808328005
165605.61408191218
165774.96050851984
165952.3503709607
166040.7993886975
166254.00436266453
166259.48775457568
166301.64615367877
166491.0614691919
166574.81081342272
166629.6700211638
166830.87971531186
166872.1567818626
166965.31966892682
167074.98085722054
167423.4953032807
167872.05688047188
167916.90567692526
168496.9556241275
169388.24741716016
169505.33927181206
169596.60603380782
169669.3748621254
170421.71249506288
170975.7014431741
171462.9389368009
171694.60308796997
171822.69894247572
171905.55766761635
172614.2001344088
172731.22792437364
173122.70911729636
173222.81650686072
173273.06377924673
173561.1101177253
173734.17250233726
173742.17645404287
173902.9964576817
173946.46081034548
174184.19904630646
174364.41587961387
174621.28768858183
175039.69552249415
175784.9202363006
175792.95395752
175935.70962558707
176061.47854981714
176470.6679738496
176616.56407669967
176886.17850037117
177393.7928806099
177439.06221719843
178220.15975951712
178234.75511123668
178407.93189580366
178863.94338494714
180249.43200234236
180495.79715132486
180562.31327698854
180829.54020386303
180874.87635491815
180878.82437213088
180937.885041964
181094.30197944125
181204.4021586528
181318.1435721694
181353.5846097242
181442.28868063272
181454.03511721297
181494.74237013469
181529.78900660397
181543.86827163407
181564.82180135514
181630.32520981462
181647.80470143887
181678.5106346717
181865.38670359
181901.97452141353
182022.65518446287
182060.617376528
182088.6787724745
182337.81142356858
182352.1060877522
182371.4540107427
182413.17557635542
182439.11322849494
182522.89112123146
182573.87718423715
182705.91699516002
182900.36220222962
183085.02606018874
183187.29037425597
183189.05173801066
183205.59471041904
183350.3436952057
183393.1389955739
183485.27507494146
183503.90222426294
183539.8284748461
183782.42302456519
183976.88733584018
184024.56422223282
184055.98635333832
184202.4696598253
184235.44637410672
184272.7968702779
184359.62930072384
184365.62101649895
184373.56889818612
184393.62761209026
184486.39919242443
184512.395273878
184578.2216200279
184581.36865817974
184674.5380467446
184801.4542286855
184825.58599931945
184841.9279553937
184891.3873029704
185098.46961038338
185208.46074225628
185390.07065718557
185484.38857240317
185514.4674151296
185633.97101956315
185645.15941283354
185756.92949137327
186382.5538824755
186394.5334142797
186514.05882992438
186669.95045080245
186690.69037644324
187218.86117691084
187636.03021253928
187744.99284821172
188225.64068807103
188464.52813160507
188468.95830167164
188655.10602977898
188883.56963736008
188939.43592531106
188995.1437446557
189259.40706926477
189348.03781354573
189514.459147887
189636.5018529015
189833.8054639749
189890.96097334035
189979.85711402015
190100.88252562511
190372.55089942864
190803.67957045868
190809.647443807
191059.35101456274
191151.58858876693
191599.41353386428
191647.77144612215
191966.4425160127
191973.96040449291
192217.19962496439
192862.19087002092
192874.44155863547
193426.24059756473
193492.6827905269
193594.8964083278
194300.60319543257
194390.3132346764
194566.6410189659
194916.7005329045
195279.60390263807
195387.84319653874
195858.04427077514
196653.53097893286
197156.74776174434
197180.26061990162
197262.43797199128
197548.30203637233
197597.31091452486
198231.97404677837
198253.98568118378
198520.99718900223
198744.85928670937
199233.90558613098
200202.3043879684
200672.5265699599
200870.2809507801
201303.07091388953
201453.04723694772
202213.81857232808
202713.98287989642
202844.05818137949
202963.74063742493
202996.24574564738
203519.82774146317
203775.3255823834
204034.24731727934
204452.81370181008
204528.93138471228
204669.54803835013
205097.87507091367
205230.72245487137
205444.70163740666
205659.4010281648
205859.77640982287
205880.4110330571
206246.98587581975
206458.802324858
206624.92149222892
206918.6902781662
207078.8278022418
207692.59471670495
207801.22041828706
208570.90411608247
208615.3887527628
208627.2038783699
208637.5286262471
208715.59447147395
208895.13795137306
209046.08673901687
209094.8714872598
209135.99726408318
209146.3047546804
209186.64122012086
209278.86373389125
209352.0935605904
209389.6088913141
209407.1156092313
209443.24222534947
209457.75541558216
209463.63834150022
209492.90592364388
209514.33973759902
209567.78634659585
209577.3512312588
209579.26561484797
209736.3610675624
209849.3239181899
209885.7688706444
209996.89293809142
210147.0427142905
210213.12283946114
210220.5177994403
210303.91715055547
210319.84679786366
210326.57527008292
210373.27741774824
210414.71888785542
210451.29455371102
210548.7728013997
210625.5189461395
210684.50065493578
210864.87851270585
210870.76580212777
210887.8750742662
210921.03821161747
210965.73392911968
210978.27901649204
211092.9050800324
211145.78551286383
211205.5289552985
211215.17924688815
211261.13603932515
211274.47652608788
211360.90706880533
211400.1026283727
211431.7770680928
211520.20881796576
211524.52666642368
211536.67851010815
211544.39567785512
211670.89722120052
211702.05503009353
211846.1012515194
211937.84908964435
211975.00829241
212111.40962867826
212128.8279267761
212170.16331924975
212175.66115486802
212382.31846605812
212409.1671630022
212411.02078453006
212433.93780000007
212478.01161261942
212777.64364848073
212933.3743445022
212971.3424898701
212993.61163395722
213074.36250415415
213081.2492925529
213082.7260226513
213172.16622317975
213245.61328857162
213263.72417545225
213264.8981611079
213292.52059951267
213310.0331529843
213338.9069398948
213374.99051372026
213433.52531859642
213539.700125554
213543.4772929593
213560.52368874487
213596.8276903093
213616.03592441234
213713.45737295362
213723.10133656499
213742.3923496874
213779.3707796668
213921.89404490107
213945.3966036244
214005.8511847296
214019.608294965
214204.33592747795
214235.1450006637
214247.74518348734
214591.15239748973
214627.77397353557
214651.43034735767
214739.95859666355
214779.68640824774
214822.16030224026
214894.1820284432
214932.75728961476
214934.24654791757
214984.08861649496
214984.84968105573
214985.1717677889
215006.01903067992
215023.87205424384
215031.5495841329
215032.8338196281
215033.9052476108
215035.08944683522
215089.0984383946
215131.98137702246
215178.30077982158
215180.432529253
215181.77153336274
215203.77295568044
215206.2999784267
215231.2697358111
215238.8983864949
215254.47006260316
215274.7274618959
215324.5614499926
215329.3748507011
215338.15477709653
215352.4857230349
215393.69171783645
215412.31610815693
215421.9803157135
215426.48462209193
215448.12862207767
215455.97356014716
215459.8408154603
215467.09421443578
215492.5081492487
215523.2801573869
215530.873074357
215547.8979803698
215566.6182948958
215591.02997300331
215592.80787458798
215596.5590589014
215597.2020408119
215620.21323973115
215625.30642945884
215640.6678406807
215659.0031369225
215673.49457616973
215694.26442118722
215696.28165420072
215697.69641425004
215698.12268870143
215699.72160147573
215718.44758030417
215723.06358582055
215727.2987973714
215780.96983472188
215807.65705366436
215844.12545591203
215881.04928956175
215887.78658341223
215907.46927574254
215916.62648668833
215918.41050535126
216003.93139087298
216005.3786342572
216007.29690412752
216025.97641324069
216029.1047167391
216040.33270240724
216043.21551254942
216048.83001653058
216055.72890258717
216062.8830256351
216073.77878410768
216095.41030421617
216113.90117687886
216129.18084027508
216131.0810874792
216149.68484692357
216166.1094234428
216191.47665041595
216196.26701587034
216206.4959963313
216209.4904049067
216225.57869561983
216260.570567785
216452.81531909504
216505.9240112462
216531.46800151234
216600.99966190977
216622.5756064266
216629.9070046199
216642.10036880843
216695.22232196928
216771.7698323371
216798.64565578703
216804.42419549127
216833.40579364312
216862.92408077035
216917.8855450625
216933.02555360753
216957.28694818128
216996.6800336081
217003.04699561498
217013.73906812645
217104.84974514594
217120.1820948815
217136.88432883655
217162.96182805102
217207.92279221246
217395.0622677707
217407.38280095602
217520.88887465396
217528.40633288294
217529.68334688776
217568.54544832918
217784.6839778904
217792.19345396123
217809.28774607164
217822.5417305031
217888.53340429434
217889.7707547947
217897.052461983
217921.00717447954
217923.90000807776
217953.92413927673
217972.98623491463
218048.08139900342
218082.40290610516
218147.11699834885
218206.6263532184
218220.8822696107
218230.95849778556
218256.8919172918
218276.19425064424
218297.29697909317
218306.02660348185
218313.5877231221
218314.00016836156
218407.74098312316
218479.08357280787
218479.24451144718
218508.8876009604
218594.0169881855
218601.52873052278
218626.5082868465
218737.3082275834
218792.3233469514
218817.63971394987
218822.88196353143
218843.116365653
218856.856368787
218864.9043430671
218909.52082825464
218939.2794548478
218956.53761289356
219007.87683361047
219087.68203515827
219098.56897686826
219204.4079505908
219233.3516451216
219266.3482745064
219291.64293326446
219455.86603349878
219549.04703511583
219588.14155303303
219663.96697370688
219858.3555846446
219895.1033441999
219940.86759455324
219955.33776351647
219998.6870173731
220077.67333595725
220122.82073135453
220180.70844598452
220202.66687659084
220311.11659318872
220314.60455940507
220417.7311181748
220475.6990198986
220484.30113517502
220550.4226685115
220550.72935713702
220564.7212356552
220574.3913406631
220576.925965628
220588.8035991856
220697.8075027435
220716.1598447911
220735.81367979952
220758.39014690358
220763.7327746094
220799.27042779082
220822.3499695054
220827.08523479218
220848.02518636355
220865.32325173423
220919.30877301877
221009.9521362332
221019.52516457418
221036.38654803345
221102.52847784315
221146.63584765609
221151.0628778726
221197.84004704416
221219.52929360713
221252.4262587482
221255.67506902668
221374.71651970275
221392.15223536294
221432.03151568433
221438.15757142135
221453.36828119733
221455.2856806384
221462.9135213373
221509.20940493312
221540.22007782434
221613.64836806053
221613.785793299
221630.96074603565
221648.4979761972
221677.78318950502
221687.42141474594
221711.47770094493
221717.45425375985
221719.1119457833
221779.2492302484
221961.4802981535
221966.5224610318
222028.78959554603
222048.33192406246
222055.0650974215
222098.34386890195
222139.34359074757
222152.53594721996
222215.3704030821
222320.8079503747
222354.96921576557
222374.0620709365
222435.48438542947
222521.65896320023
222729.3295412813
222773.16570937965
222792.0058141569
222808.1002913386
222841.30948939265
222859.84890730743
222945.56273311883
222950.85106717568
222999.65173389437
223017.51223369225
223035.37448168488
223048.57749142422
223119.8858127819
223129.6921415103
223160.15684438974
223174.9659370121
223192.93644732764
223236.85395530498
223256.61751764806
223259.94067804966
223284.74903412862
223305.45681879114
223349.3496657838
223376.08243997925
223383.3914908209
223439.21992977406
223457.86586306492
223556.20892768117
223560.3431951683
223564.00761157725
223587.46220689372
223605.42328704166
223674.6285013482
223695.16023205087
223703.02447073584
223727.79857280746
223737.98400386435
223781.06995570913
223788.14478651917
223810.10620480977
223903.24490392464
223940.5210563986
223960.58928267157
223998.16764511217
224017.53229766636
224063.59115642245
224147.59378604026
224260.1360756459
224260.89820887244
224296.0340069931
224373.53388915755
224410.55802744854
224432.06952103422
224432.71188182372
224446.6309691345
224463.88056202445
224547.2323318012
224550.16577749228
224566.95555276782
224577.18428508306
224588.80414202396
224610.75267073323
224622.88568308597
224672.70330247338
224679.76424243304
224680.89836735924
224721.03245470516
224736.89067507169
224742.2603123211
224785.47968999465
224789.51041307792
224795.82647418586
224814.95538870923
224999.32558726188
225028.90205343036
225078.57711661555
225083.96760890566
225304.5733897939
225386.02482676
225394.04304138978
225398.0602661473
225447.13535076717
225465.3472175931
225492.36754724738
225596.2814687441
225665.03359958273
225685.87189394503
225703.54329710692
225816.63139390585
225833.18053407397
225887.76929352034
225956.9361008571
225960.50965438253
226026.83049841766
226034.28168200224
226045.49343079817
226046.54031958373
226054.39756073622
226089.2676555731
226106.8476580946
226186.9890954386
226192.81595903024
226280.3981350497
226288.7241938108
226458.8576601345
226485.91230602478
226515.26998634526
226557.85741445795
226652.6933217124
226660.09130024555
226667.90596617886
226678.95521564607
226757.55096411018
226832.42188001864
226838.33734537853
226838.90916255704
226853.6096958542
226992.77739356202
227072.97340168664
227147.14638383646
227165.03466100906
227180.4401746835
227201.61287820264
227202.75284674508
227209.8849430392
227350.8426777284
227385.68709927239
227397.2107848847
227432.38469859285
227476.12415805765
227495.7714867657
227538.86911076534
227563.00976673828
227608.56033684607
227619.7221283088
227653.16052958858
227692.17046321003
227717.6571287174
227786.2866617997
227935.0114536958
227945.67910165756
227966.0086510561
227973.18500400984
227996.05618671112
228048.23995309597
228064.40347541406
228096.74477764664
228114.61025275817
228150.6516074465
228152.96945992
228183.13993106797
228196.38053240348
228207.247545661
228271.924135829
228291.34245735727
228329.72664092763
228351.80996806375
228397.9597598089
228457.042507829
228481.13922603521
228506.9961843531
228513.07515124028
228520.88686699222
228552.47621208982
228589.64389888392
228687.63059996895
228708.65961068048
228750.09820383147
228775.12212613208
228795.30536084357
228902.73872865198
228944.42939564874
229023.7776079647
229032.63977030801
229064.58242091606
229155.66598478597
229254.2979514281
229307.99150490988
229392.16820594342
229432.15575117097
229443.77068409583
229457.65331065346
229511.14279546047
229538.35768012176
229553.7632574117
229588.20599958138
229600.295328637
229664.34661440243
229690.56346199883
229742.3577287771
229784.93490287673
229805.9343167211
229808.38268360918
229928.3682737954
229974.41636274423
229996.3948945795
230022.07964923722
230054.62387326048
230080.53679496475
230115.13046263705
230174.80243794268
230231.49435903932
230250.55696666896
230252.72525047275
230304.06633289554
230345.9698462873
230372.86264514018
230535.9300372344
231008.53388813912
231014.43923239206
231018.58441964292
231075.337611911
231669.81455356604
231782.8309802167
231788.53697125107
231866.9224209056
232102.5684684924
232176.69452137814
232216.21158639266
232321.3073457578
232385.26271554016
232547.96747812687
232565.98154424079
232573.44788808894
232871.0534455671
233100.11425758374
233344.6075684651
233491.46400767885
233519.47991981913
233626.60131278879
233688.4079209555
234308.4838721478
234485.06734395924
234530.74618503804
234781.69017443588
235304.64582737963
235345.79011412978
235377.5332228336
235426.09567741386
235449.45798024157
235504.07097029124
235525.41834912237
235664.4108471204
235847.54624047683
235876.89855972736
235966.46628063705
236101.0352100849
236448.3988929552
236553.94546539453
236595.28062480828
236742.0618627888
236768.28573342535
236795.79675972392
236848.6767657653
236852.36777645478
236950.3990149356
236992.28686588016
237124.17209785074
237196.89108068263
237211.29627903068
237317.48126902853
237432.7935995769
237480.00562531812
237567.3925393176
237757.72283159988
238051.0421655378
238314.00299430592
238431.71641136985
238755.0984521871
238794.26348902573
239105.66812035075
239270.4008139837
239400.47750224615
239577.65923913283
239659.27070852258
239877.71905810907
240661.17282030405
240676.00516992432
241307.38438814844
241393.77201254712
242000.91296668173
242476.19776749122
242877.17015888426
243215.73447686198
243316.03501367217
243340.79689867416
243571.0289004092
244156.0915246525
244689.50824995784
245115.93546052402
245310.46338510557
245415.60242600684
246270.49951212318
246332.69343356046
246990.97723898795
247037.3060210629
247105.6021682432
247159.66548918217
247297.02137365358
247749.59748063385
248022.04730679002
248430.8022976489
249059.79537150468
249125.0419314559
249520.82240757172
249705.93106153863
249747.10179824682
250012.2889926062
250192.80155811153
250397.57106976147
250510.46461829916
250698.9185278808
250711.9104765704
250787.8739088315
250795.36154270277
250875.65609628928
250897.85846046204
250933.66109701578
251001.09325817288
251157.2272202925
251177.58066622022
251178.12182394246
251443.76006979524
251580.20429078053
252195.12595875104
252229.55792814406
252309.2862772577
252400.8473833027
252408.12198440678
252653.19092561567
252676.07167783022
252939.0039003974
253101.93537318637
253344.3925101586
253598.35403983915
253644.2789493355
253738.19196949765
253743.37311049347
253793.22485492053
253815.01515253278
254988.4759981772
255254.95964923355
255633.2508855395
256260.59024221677
256862.17002262105
256962.69531877514
257310.22342059348
258209.22903976607
