76.57519120443835
427.470409473443
427.7257003933966
729.1342421198731
777.1657065379842
784.0890689656025
806.3451729322029
994.4122015798782
1350.2279260925247
3429.6562656051096
3986.859469163573
4387.0867182904885
4715.176081471794
4751.07220350297
5102.2482069779535
5521.49101944204
6732.368869701022
7698.507490665394
7906.405528383544
8129.772189502024
9011.393420648483
9079.147182529006
9960.384306565373
10092.774535294671
10302.695903813621
10617.868818396742
11624.880372397585
11632.77077337583
12680.37196379704
12814.929450630267
12929.683713869594
13048.298180993112
13873.706118401984
14204.649786766513
14576.361739047663
14744.751510902934
15958.993677068143
16305.851835984817
16935.01499706366
17460.299570563915
17836.219885002796
17947.79703129146
18480.403164082345
18510.497374684972
18568.777869791113
19038.01731780274
19464.24656698647
19530.02223793944
19917.087774745447
20064.063183837476
20083.763211216356
20926.98298343501
21049.805285707473
21750.563169953784
22067.974461739544
23040.641576896942
23514.74469265522
23661.02651364996
24758.079934147438
24960.78125308203
25016.200599560732
25172.578961590087
25256.452859966725
25697.491799921736
26191.85509773787
26346.333553333083
26349.739223525
26366.68643781267
26436.767605485562
26438.72959926663
26459.901786983457
26475.078078677045
26503.974845863744
26517.004923068922
26524.652582356845
26548.75380860913
26567.147818747784
26581.58920150016
26618.558169694672
26660.77920321736
26762.146452607973
26774.00313901825
26781.469435495215
26787.28595325571
26888.19763110153
26913.038150930068
26941.459652026962
26968.098197242754
27011.7943373947
27035.00065778284
27071.830926345763
27082.760316615473
27103.374977752195
27120.77080938005
27208.30580037485
27221.35844790113
27269.058579157583
27269.415798685153
27291.212735444675
27309.29253851746
27324.260475668892
27339.424193583396
27354.455699330363
27433.857737040493
27444.813509367963
27503.1347969527
27509.281320368696
27577.666648845327
27578.475163107374
27588.430024468027
27621.19600399457
27634.650364988425
27660.2487556526
27664.846168925844
27717.25987384965
27761.32322080755
27768.46186935398
27776.712277647985
27798.02321420401
27799.446821497964
27809.728920907375
27850.4912136474
27868.517075150503
27905.855828421816
27913.500025069086
27971.978743582487
27990.593767000468
28008.10251109533
28010.4508777001
28026.864961400894
28033.37703689911
28034.46635430427
28045.96293008899
28075.78820847723
28115.741336985644
28149.59174644645
28156.38252615085
28164.260444951073
28219.713161429503
28230.88434589178
28243.60563488786
28259.110925449928
28350.594251925664
28356.497054910666
28412.921815117923
28421.69610019057
28423.83898140327
28437.110542808477
28440.70072994116
28448.442072534428
28452.99824704237
28480.7899515074
28506.515873800494
28525.215703991325
28566.54891909486
28574.855653758532
28581.970555434073
28593.357909203456
28608.644052314525
28646.77569560421
28652.32238814531
28654.20248050843
28690.094749470292
28699.26057392076
28751.280915819265
28757.132716393437
28824.452552294577
28845.114097765316
28848.33520309905
28870.84191356899
28913.457331150363
28920.996171917504
28969.644870416825
28976.408687313196
28981.06848707068
29034.95298316363
29058.268292737244
29091.018745367473
29104.79782384882
29107.06011581937
29127.940271010346
29141.06787524026
29148.317942225454
29178.020508957557
29196.600342172147
29234.781550013
29241.614600861933
29244.305220613693
29263.89146428284
29274.712889304596
29279.8324490351
29287.25031113872
29328.224305855456
29333.5173864949
29338.03929691234
29342.804576785627
29358.273985174194
29375.084215005627
29386.25844301041
29410.60840925716
29413.289696823398
29458.825841942373
29461.717277552147
29477.89012308625
29484.946091667574
29510.3858974976
29511.443548585263
29522.01669163717
29523.344628731393
29529.567423449556
29587.484390943606
29612.830112285297
29619.90701894315
29626.15589806294
29626.346871444595
29630.271014517726
29641.945575850626
29673.311185571823
29673.44656827647
29674.413080060363
29690.610946323744
29693.168664975277
29701.644726825743
29703.327127149907
29729.333699466773
29745.31297253855
29756.1939558829
29766.39917566556
29788.609099508485
29865.026895693416
29880.27421876101
29898.872806251282
29909.880697014774
29926.65428551254
29972.48339716089
29974.879472820023
30002.34441850762
30005.80530420893
30014.769868442192
30065.845947524227
30073.22100716995
30089.943652644775
30094.318543079946
30100.216808299807
30106.24817264919
30112.646024501213
30114.907137358758
30119.29914913688
30119.493976287013
30159.31092329947
30159.838692981753
30204.178196109493
30219.110114466363
30221.770442234512
30230.95184560302
30254.509867180175
30256.80760653942
30330.96666080376
30336.479506164407
30360.024551125647
30363.858981452307
30364.563395758734
30366.56410713757
30384.081332365015
30447.476158465506
30467.045130608753
30477.999328363032
30496.562327901065
30509.150316998635
30521.92321784476
30528.672953520847
30546.299553452725
30609.353537515984
30615.60794164831
30623.71073204304
30687.563511737677
30688.07757767078
30729.473029332632
30758.909145935122
30785.4575875269
30791.733961579204
30802.89362885222
30817.30741002293
30818.347889286983
30834.884854796903
30836.123777184654
30872.580705170847
30887.837448057882
30892.84931948831
30928.36122846814
30951.16546918075
30972.322016001177
31008.47496937579
31045.543132241295
31067.49561891809
31083.52273163433
31090.089315045963
31113.255395237025
31148.36025557462
31175.801484512165
31205.209319108675
31205.85990461204
31206.973142539704
31207.458151153623
31234.131563637966
31235.79960199166
31276.85121317015
31328.247963986723
31344.197509054407
31362.828302672904
31372.6309084912
31459.317412880442
31464.09333689434
31521.489229450235
31547.51081441873
31556.412794620952
31559.505205434023
31585.00669427888
31596.506363466357
31610.94772344646
31639.446059812348
31700.936210838518
31701.45887658701
31720.328511908217
31730.308330103548
31760.804979344462
31770.285261400695
31777.009857658246
31790.70368987942
31817.93669439956
31849.01180465816
31857.774008947294
31865.01320563781
31872.711767485307
31892.93866711278
31898.414100117436
31928.890957862564
31958.25713771674
31966.812457181717
31999.521291982983
32052.48204017714
32121.59082489041
32141.853688143452
32156.546622354235
32168.324255598258
32261.884960814878
32291.975228444415
32312.694489753714
32400.69777467749
32519.149045926588
32563.5262755767
32602.71642733331
32679.280639464698
32716.376759446754
32779.9367209992
32813.02666270311
32836.11061420854
32880.775464671606
32945.42309458371
32972.424307889094
32991.21501298552
33066.02205407316
33078.903895456344
33089.53497190451
33135.51062567704
33144.09857983597
33146.74025215676
33174.91419737748
33182.3904626035
33202.06304989861
33250.41973834231
33293.129845896845
33305.15645816844
33376.929339963564
33396.37331710317
33475.91438048637
33517.52193564318
33627.68918639364
33627.89144484379
33682.47677304185
33697.630152955666
33701.299610432456
33746.58495199342
33762.07554675586
33855.488906117476
33918.85322480114
34003.407000956555
34004.467985696974
34010.087720777025
34023.64118068027
34032.58377370504
34053.19027467509
34247.45984798453
34376.36039061717
34479.2535358111
34579.288818460605
34630.97552065185
34643.04487378943
34763.87849396253
34803.77456945175
34819.72766438815
34830.156666279494
34859.226511399145
34864.74619605904
34917.09742660623
34968.59491976549
34987.20663405696
35047.66444021162
35166.51260267319
35234.23044577029
35238.6422049564
35274.99083916739
35406.47164759058
35459.98950225525
35496.09683915703
35498.741834092616
35539.01597275343
35540.573907500446
35541.92077824154
35752.15892433529
35765.65646129432
35776.99636129308
35777.05531482598
35788.118796747855
35791.18531420956
35792.71678095087
35797.49111659294
35808.051418665455
35833.947788264406
35838.74142820476
35838.918099408016
35849.911593284116
35866.569669709934
35866.63446391337
35868.35227261308
35874.698742585184
35879.61150336248
35886.89283780287
35892.315688315575
35914.0340562041
35920.75417110821
35948.04635177428
35961.933024333586
35990.82635642592
36004.80788189646
36006.012491838876
36011.29317464136
36015.939669556385
36021.38478058545
36047.75775055776
36056.02912486227
36056.319124654176
36063.17965853206
36081.111887634135
36095.79432912143
36100.062568517846
36105.673130870906
36106.41802211018
36118.024652537715
36122.02628634181
36125.809151519985
36127.45931947257
36135.35972539838
36139.149847869994
36139.771383773055
36142.45023364559
36147.350045128995
36160.47635250516
36164.421557340786
36183.673541860386
36196.439348359505
36209.52814374353
36219.68712069984
36221.9008910643
36224.99379893065
36227.074805121716
36234.38096006386
36234.58125887181
36236.1859658189
36241.5100561332
36243.320273415666
36263.675732470256
36266.57586002933
36267.84965264893
36270.633124339976
36274.734592267654
36279.0382131615
36281.841332750475
36285.00636314526
36289.11212837408
36314.89424765735
36320.69557990077
36323.96911562866
36327.12718304261
36332.86328360382
36333.187523203946
36342.20950183697
36342.51833576211
36347.67160569417
36359.89213539157
36364.23226767944
36367.93285439672
36367.94210359718
36368.247935252024
36368.4956774143
36372.06194198698
36378.591725452265
36380.702446809664
36383.54933081107
36389.16314811313
36399.32584591466
36401.63266097181
36427.30262927098
36438.67035079298
36442.846606534345
36456.434068512965
36460.79981469668
36466.61842338101
36468.378580527555
36469.31541266471
36485.730572444045
36489.24371184383
36489.52636915644
36501.36513885176
36507.32686935052
36513.20634644757
36517.06259917999
36520.947620915074
36521.54423343161
36525.357284885715
36529.40050723069
36532.0344429538
36534.30830567657
36535.46773667105
36569.89900007063
36572.319571655564
36572.852782603644
36599.692608711994
36604.49987962449
36618.72390911259
36624.576358719205
36627.86114092858
36629.89154292229
36638.2551960996
36644.549523677255
36647.1954112331
36653.00769054979
36659.052418816005
36661.73038947997
36664.89086268176
36665.490792920566
36670.20045663439
36675.92264048905
36677.08958524611
36692.79038844715
36693.61315583153
36697.92819961022
36699.34913742301
36706.870770079084
36710.99655830174
36716.9789733423
36727.01175106376
36727.75130355533
36727.851781749705
36743.15806555477
36748.93620400059
36768.17415996216
36768.69382529799
36780.60874374506
36781.645638222
36784.38203535112
36791.7280295359
36806.31588552346
36811.585180280854
36813.67727523225
36814.108057861326
36815.493303816744
36825.40274844926
36825.55075196585
36835.9303993229
36836.949645158835
36863.4655252092
36863.918917534786
36871.52470817157
36878.69339684811
36913.061823239725
36917.437772586396
36925.86380174774
36965.08810585817
36992.3084497187
36992.467955744876
37002.23627439389
37011.65412731185
37012.011576453144
37022.0541136509
37025.78747900747
37028.1780010532
37029.45829158966
37029.8786073575
37044.828346153045
37049.01975203651
37056.06793168753
37069.64577355379
37076.657057306045
37078.460939877994
37087.44019139085
37113.31401989669
37114.94283351287
37121.126211636765
37139.23309442746
37152.820583115135
37162.64324099573
37165.06403427432
37166.41400304881
37167.54487266835
37175.49031619455
37187.32174973145
37194.446651365004
37200.32041893327
37204.95837410767
37205.12417671713
37206.971068714054
37217.26323455442
37218.42453257538
37243.49029002167
37251.96675016073
37258.64898175848
37263.1417412416
37267.876507003944
37268.88406281392
37269.74231554291
37282.17568328853
37291.45542058484
37294.41367332121
37310.209947899755
37316.78416065515
37327.084333429666
37337.04654636797
37342.69607702208
37344.9681027435
37350.96208994104
37354.35111133062
37358.72343755724
37362.57259281088
37366.78995779992
37375.077259999576
37387.326989128494
37396.63195598884
37409.61163692838
37412.14714699819
37413.366126299115
37414.395981229514
37419.370887774865
37422.83368327509
37428.36865716762
37436.18076943228
37450.315037448505
37452.54941660807
37460.9341062153
37461.632349538726
37467.88771507534
37470.46362405907
37473.774182691435
37477.33021516465
37478.77566863846
37479.65989823103
37485.70030224699
37492.26135653435
37492.606895747274
37493.348883905266
37495.47612019296
37505.24373662907
37506.753820794525
37536.38358943716
37546.520158546184
37554.9807222748
37605.79076433403
37629.58904962813
37720.26279770508
37774.055311954755
37828.843054517885
37910.7784324538
37925.465070688835
37953.71729301178
37965.66336313151
37976.74597512402
38005.14887048639
38034.688617562315
38036.930944422245
38040.040013496735
38052.411770648374
38056.178319544895
38075.078116776654
38165.6600994744
38231.406770274996
38241.31717498583
38300.51536328818
38317.918003406274
38318.14024988994
38373.029519323696
38378.826474049645
38439.71611463023
38496.697941483144
38530.35222003826
38617.507782462926
38647.01293163379
38657.68550303822
38696.358183517215
38708.613763466536
38714.12975647146
38739.30524424456
38756.64116978782
38852.12057150227
38856.57536077766
38873.741350943936
38901.5595963846
38962.22712714957
38995.95928343063
39041.717291511995
39072.73666032404
39072.96258163798
39102.98135963599
39114.87494105644
39155.93678190653
39156.75214667536
39188.782691368215
39202.0614186034
39261.178476469344
39292.1390088395
39295.427609377504
39322.53260060268
39411.871143303906
39422.20060403905
39443.41451347887
39481.650271727456
39539.26528995785
39600.14620999732
39619.32890631532
39987.712880119405
40519.08327598512
41015.78927910122
41258.24805966997
41794.659791148995
42419.829404005635
44058.448878595824
44601.631603272566
44928.77144951846
45870.67961622528
46449.63053797473
46779.34122004872
46781.57477449219
47401.379142282356
47932.46546596165
50407.526434505955
50483.86441714934
50607.65161339425
50678.32024604717
50989.06678332485
51328.60083758309
51421.186634393925
52026.98865730303
52312.81416051084
52373.38038414459
52538.64409225244
52630.7908829599
52792.73355596692
54577.436308934084
55041.73803953791
55596.975952704655
55958.59923852146
56843.26342122874
56996.386997128844
57437.50875719717
57553.1812000372
58163.79046928913
59318.832662239365
59535.51840987911
59549.42111171988
60069.69373548123
60294.92887828421
60761.7763999439
61251.92507591451
61310.15509121287
62456.24524056364
62648.94046695326
62886.84278168954
63984.69290134438
64224.43223492229
64420.82333636766
64627.43991758164
65582.13303140886
66242.79752046287
66306.50312758046
66389.48714568975
66460.52463945262
66941.30536211579
67014.7919999913
67466.65987473284
67616.08140595925
67721.44169510067
68503.07082568787
68634.43564965585
68674.55838912856
68767.31276895342
68875.03450902915
69000.76833065768
69045.81781012547
69218.33081000943
69219.01623602284
69505.51728657616
69657.35524689901
69844.17157352465
69944.7251746605
70040.95611608328
70357.2928144464
70375.83937322821
70382.10154873513
70514.85765015865
70901.78815387147
70940.61093009598
71001.01349242781
71070.5552038489
71118.33921057834
71193.19371532736
71271.83716389559
71367.88388628823
71554.45196141655
71593.76698021602
71974.64642755015
71989.28290393864
72284.23379855095
72289.71942295508
72485.42015000175
72562.77772630112
73167.73068481189
73190.44939902681
73230.17400270865
73362.56252727115
73677.86881666067
74046.06562183697
74092.14130361755
74143.72675873704
74205.85129308417
74532.65864002943
75268.58467968134
75328.30113444704
75447.30438931567
75686.5540997602
75923.75943686649
75977.94714329363
76115.61398934283
76267.6648965143
76396.81024013578
76577.16793026384
76661.93340520357
76764.8872910717
76818.09490977
77869.06790146731
77872.69957448354
77911.3946364154
78660.7881481436
78806.35805682027
78814.91750416422
79096.07196021693
79356.09301997584
79408.5125873378
79692.13770436365
79956.62223847902
80038.62345272696
80189.68936931367
80289.00471189078
80366.63162145398
80379.13372455107
80775.23147186833
80971.513777059
81300.71052180852
81460.45023210872
81478.76087443864
81527.6617746056
82346.42989131842
82727.84808699899
82740.25026318831
83689.37208394201
84054.95842386098
84335.13797726031
84337.6671461406
84374.10259639168
84417.70216367803
84614.66716712163
84811.28529818649
85140.10954686732
85393.33306954509
85470.01091800665
85799.4877276252
85860.33244350518
86006.10696139847
86070.1618417437
86209.82650232918
86458.58627467557
86506.57605554874
86994.16361128273
87140.01971977021
88006.00395489749
88071.55697190491
88875.72564726234
89265.8449149717
89463.52663938828
89519.68398952064
89968.02418207908
90390.42875867976
90665.39768534707
90680.5224426219
91044.78612445306
91708.98948006217
91785.20206724865
92416.01215848382
92577.37913844913
92755.79771223826
92821.37944410414
93549.33381085056
93706.68407535384
95558.23908054216
97472.11378016007
97930.42017148339
98927.63040561571
100774.86198493419
100965.64974257047
101029.11799548278
104121.90517782066
104537.80750470093
104663.6719411968
105588.62050156452
105918.4148955348
106841.8870260878
106957.18146643383
107089.16999641586
107115.90486694357
107388.892023871
108027.3123582101
108184.95956620517
108335.00945500702
108780.00152152506
108919.97425542423
109384.16584038384
110050.65655097624
110169.15964231698
111680.52329907859
111936.09494971082
112758.21583250856
112769.88962039544
112850.31712913507
112881.94903447822
112912.62612060118
112931.86340485507
112941.90583694546
112961.65134594712
112963.5510624523
112967.39640005192
112984.5596325411
113036.79470008412
113050.21553787016
113082.7760730854
113117.4779230076
113145.36962239508
113154.41244541935
113180.11286365529
113196.23485358863
113248.13425181767
113264.02209297338
113286.04416326294
113298.288527553
113307.57069874983
113367.0682119526
113393.62765329337
113405.53167191442
113451.89527139088
113468.59312980672
113468.74026299527
113473.9786754369
113477.80185006306
113499.37998101236
113567.99952661796
113599.1972088891
113615.37986644325
113624.43330539158
113643.53700980108
113669.323664234
113700.63066964873
113744.0433583549
113771.52757955065
113794.49860578626
113820.91982181928
113863.70043244326
113886.94751124144
113896.58054169778
113938.17678249607
113957.18922094192
113998.98306247205
114055.34701838948
114081.16875011106
114083.62529134355
114087.48820258351
114114.87385589667
114130.51086710196
114139.50256186769
114147.18105498835
114167.68607737696
114193.66168630576
114212.66076691702
114217.301801154
114226.66013993349
114230.6253524366
114254.98940764078
114267.11840946629
114303.1552124105
114309.50886106105
114332.80877999944
114364.4533609194
114368.45884253293
114368.5327803858
114388.52597226316
114402.21458413368
114421.25272924482
114423.34622116787
114437.74991893918
114467.47786980699
114478.36738309792
114492.27318498612
114563.0923401761
114583.78514384454
114617.61878067676
114620.97042979267
114652.25836755396
114676.54304353202
114717.3396433849
114718.33092815735
114727.33309376391
114738.78458472184
114742.2833004411
114752.80650685861
114759.34421457897
114759.58093491642
114779.06972455831
114812.6400285752
114849.77404284157
114855.72014655612
114876.26342678111
114902.7778849868
114905.96494567562
114910.77764593987
114936.70264537702
114993.77609858444
115031.58610191346
115041.45107928681
115053.35253369898
115075.60197760281
115092.0241192262
115102.78576377768
115176.69403702844
115181.60968584614
115184.11235188216
115237.43237488563
115240.62388925615
115246.35664591812
115279.82510194069
115324.5101239655
115413.3825102893
115418.25268302318
115426.52853962602
115487.25291855916
115491.51514488351
115509.57891492518
115527.9853109457
115558.56070684554
115567.96715932256
115575.46056449121
115591.95139772106
115597.60086065222
115602.36740387186
115626.45384817146
115701.8900019539
115707.45249783972
115737.75259540204
115738.77455644659
115766.2551395281
115777.15831700302
115799.6371737652
115806.56761591956
115807.43472962483
115815.65346281193
115862.74033723505
115901.19575435137
115959.09424201213
115959.227234935
115963.07231532452
115989.58783072919
115999.76949570248
116007.16601955741
116015.69217558588
116023.48314550097
116047.19023487982
116050.97825619903
116052.53873149064
116066.34275080984
116090.15904153584
116096.86723599974
116119.95361933688
116121.18550527446
116201.40232346991
116238.32940747036
116252.77484599492
116253.78402245317
116297.29188008289
116298.27304998963
116307.29473837311
116353.02120262242
116370.41842063618
116374.04587690956
116389.84638075266
116400.06841850567
116406.91534302027
116430.35224672248
116433.2766150776
116499.1358587884
116500.74354283215
116502.76953590299
116505.05513069806
116507.46855955434
116520.73131956933
116528.34867751038
116547.10288888331
116603.24816877047
116615.5709492442
116620.24062027168
116642.16696673221
116655.26721173227
116671.2882805042
116694.99195276652
116697.00903465127
116698.74132750205
116712.36176758792
116757.16477335132
116774.7521107202
116805.32876519884
116812.89819267773
116833.95160647246
116840.11105892077
116842.78476740175
116885.6798951199
116898.5245879273
116908.90688497672
116974.86438845246
116982.36909041263
116983.34960367439
116988.96768425865
116993.96982844934
116996.37629400184
117000.21007701039
117005.95942663631
117025.52060674664
117031.91436762571
117053.55923177529
117066.65415164892
117096.25683840559
117123.57202769976
117125.80966367599
117127.38697329116
117145.26860749295
117184.52009801591
117198.45083264101
117264.97515570892
117275.77810508324
117280.22446915745
117281.1777284027
117284.44262099452
117299.2408504477
117327.6983150926
117350.7375157268
117397.26047392839
117417.2669195716
117446.6065718284
117448.28975772789
117469.41006073587
117486.2827646969
117534.31776994585
117536.55325670628
117554.1063991084
117576.94687706858
117585.57254949653
117586.39390121693
117622.34010435153
117624.8603264984
117628.13394039588
117638.29308791454
117644.53621544229
117663.22775218036
117700.36521318997
117704.2779903242
117713.9871076839
117744.57659527447
117747.1489406233
117755.56512051568
117763.1173583648
117766.32439735412
117781.0380184812
117853.94320057497
117863.74086610778
117873.93478094938
117879.22234258968
117880.92578791917
117883.4084741316
117885.37839219712
117894.82520144107
117906.02431196763
117919.42075364703
117944.79361209925
117946.77366833512
117956.10365872383
117970.93104445981
117980.96910046804
117985.33927510507
118004.70275468017
118008.12898858797
118026.5807739123
118057.491660374
118063.7231939148
118090.9472699904
118099.07983937941
118110.64718807368
118131.08988207203
118150.72564246145
118171.76466712913
118191.52179774793
118241.27669304704
118268.97469369744
118289.2286752655
118293.54323827717
118329.00237425938
118355.28115157646
118428.309764037
118428.73329160706
118461.89698188985
118520.98979596478
118582.78569113674
118594.28918167963
118613.91827544133
118807.24858284285
118856.23798630081
118884.87270492641
118913.06892261046
118954.39420458433
118956.99829830734
118992.5396823932
119011.70599376573
119058.25450791822
119160.61265067081
119238.7084688844
119354.73974749164
119357.76591467629
119441.8841073511
119473.31878861866
119480.81812942913
119546.82801953149
119798.1872616003
119798.41345639815
119924.33118860697
119955.3260010974
119971.93607573526
119982.01311564422
120007.83262584449
120094.6222702147
120119.50598322146
120194.56805280576
120284.9619934023
120405.16299757033
120406.77548238962
120454.1228099617
120467.39385382333
120481.1590466848
120516.01997754358
120538.2699523055
120548.98166260392
120746.97347514541
120798.22419978757
120842.87915300479
120854.97919994383
120869.39242308302
120908.44156793827
120952.33514076164
120959.61808241298
121010.194499243
121050.71056453881
121116.15160235757
121131.96312752509
121136.24791892286
121169.94573724392
121200.87871059438
121201.87237277803
121371.22834451508
121409.49443681679
121451.03754508565
121491.56603641456
121589.54369142013
121594.14852312216
121619.78290182218
121630.17620321776
121656.32087510129
121675.872114169
121703.83841119194
121871.22395442193
121878.3828097966
121952.2470472632
122017.66447306858
122017.72848809932
122148.89778198749
122173.40564501288
122179.55963448124
122183.07407102163
122186.80016238103
122225.7265244353
122250.17538255855
122272.31564856578
122272.34315233547
122278.44225378413
122284.69432616205
122288.49655600532
122289.34467389571
122293.76818948158
122303.95111088346
122307.24691149837
122311.35034796876
122328.8563625463
122332.06460042064
122350.63259238172
122368.94886148119
122378.88093369774
122387.73464629635
122393.86458521511
122395.28535241568
122411.39339672965
122415.38257620233
122415.54681262528
122443.57195448369
122462.35356590108
122472.02906629385
122486.62063974125
122488.15997828815
122490.77511414734
122492.18501439391
122502.36945150458
122504.9277912784
122510.43013417677
122514.06372170257
122514.66280470375
122525.7028776783
122542.01305993673
122544.60787615446
122546.00489197989
122546.41287899447
122554.86842237893
122565.92162114038
122571.85091912028
122594.23117479353
122615.541103899
122623.70362773427
122624.22318612352
122625.38948970099
122630.96401328925
122650.87345934773
122655.80673240375
122658.92814511384
122667.66197211453
122668.82207592219
122675.19023697174
122681.31647336419
122693.45429328282
122694.02301035155
122699.0569615858
122700.05333130767
122703.51460181261
122743.9572860368
122744.15568549105
122744.66246018949
122756.3440123389
122769.20744222312
122797.25092302533
122798.89131710406
122823.5280084573
122833.43281670113
122835.39515887322
122838.5435423135
122842.82649794602
122849.1718728526
122861.00562620726
122862.92775182339
122875.26538661917
122877.65130883272
122883.90072649409
122890.46285022543
122890.82275288177
122910.15273884976
122918.0200389085
122921.47302569069
122923.91314392822
122925.24706995298
122937.06392368316
122937.28366807365
122941.24774171333
122944.01759540243
122953.01103941587
122954.60979130681
122955.06245018975
122959.3511745309
122982.27380235109
122987.09479279362
123012.90136897734
123023.41994378556
123045.09039591068
123050.34187358803
123058.35872669675
123060.46465742409
123061.33306948666
123069.97948608847
123074.06146005985
123087.83552892704
123093.894065092
123095.01939120993
123104.24530329155
123105.82381493694
123107.2883296214
123121.61106676828
123133.35478914565
123136.4752534421
123138.8384340116
123144.86353221686
123145.10177569947
123154.54528296908
123156.71084324447
123170.09287734804
123173.09711800827
123177.07076074701
123193.12077529672
123193.2010450578
123202.66746563166
123204.24513233494
123222.54352197779
123229.04317581482
123229.40513277515
123231.45567817183
123238.74841353737
123254.25165819984
123266.39294255257
123273.1001095547
123277.94888646019
123283.47097435495
123286.55061465426
123286.83868890004
123290.8756326496
123298.2570721706
123299.18728838551
123317.63894033874
123329.97048714123
123331.42095850408
123340.56325290113
123341.74956121758
123347.5483059474
123347.6180955839
123356.40714295316
123357.12398998119
123367.0395255053
123389.95770209713
123398.27050376446
123399.93964588897
123400.21512140213
123408.25571774822
123412.5503079237
123429.46751192413
123444.57993220945
123453.60498736596
123456.64030332667
123467.42337362663
123487.53841656793
123491.7610253476
123493.9205387112
123494.89119295843
123494.93287005101
123495.30557275587
123495.54931142906
123500.39311386299
123500.58752352354
123503.24528707378
123510.83941948749
123555.77368221115
123563.7854839831
123570.78474769369
123572.1258357646
123588.00672589341
123606.1816980507
123608.14231495971
123611.91763331652
123612.03469004919
123627.68576028734
123632.53741670368
123636.58068504946
123646.24271887646
123647.15055915742
123647.62260993411
123662.4434758536
123663.60391623035
123665.27612407046
123704.20755282708
123708.89429312217
123714.09814631782
123720.11879999966
123720.89959377743
123756.66280059914
123758.25014311663
123770.33498335755
123778.58637733298
123792.81342313919
123805.14105289365
123815.5234791263
123818.79754364237
123832.0657144108
123832.9730554623
123840.54724302873
123850.85057772804
123872.82564849319
123882.80330280446
123900.34625243033
123901.1103565408
123901.88779872241
123901.98312830852
123903.59556237394
123904.61150234149
123921.47397267874
123932.7764724012
123932.90063067414
123942.11199880691
123957.97499355741
123958.60062549471
123958.7388927395
123967.43575667513
123972.19099461974
123983.39880510895
123990.3416734983
124026.39879382841
124067.51836576074
124079.57176838611
124096.4228333047
124129.64400593386
124174.505823326
124211.80644042874
124245.76281139397
124304.31975451473
124357.12793114624
124407.15170151244
124407.68592025145
124408.27985958736
124480.60226007973
124515.43519224087
124515.50665605263
124548.83667701304
124565.60699799148
124575.68928862744
124582.10832285523
124597.93423662553
124640.15334441824
124643.19636996542
124673.85095343893
124681.28965359667
124704.7853978593
124733.59901221676
124771.83970405487
124778.58059198227
124813.60574556312
124865.81913143286
124932.45278122017
124961.02772592893
124969.6800640402
124971.70681099195
125036.12386485518
125048.75452264397
125104.09109766988
125119.49567619419
125129.88082506554
125154.09256356643
125249.80323897125
125269.38725219648
125310.51806240508
125460.13367202395
125460.91072097572
125487.32395343391
125504.33128327501
125539.08771431967
125562.1439579956
125577.66802892549
125584.45650281126
125587.67380428576
125600.6437644307
125669.211769927
125709.22053458172
125764.8938818518
125829.18268280911
125834.87362979644
125870.66226666752
125909.64518460818
125919.63531563416
125960.2383465696
125967.66885866682
125998.8435092979
126058.93897229513
126066.28807019792
126074.74535826658
126082.92881639965
127115.64783326956
127612.19683270663
127709.06199445922
127783.47230738055
130619.77762053625
130904.10898622344
131479.15484134475
133479.73986017852
133480.0270960351
133878.92490611976
134499.91020512773
135129.730874102
135145.98505473076
135255.0779345394
137991.86167213472
138002.12462859935
138520.3166080775
138617.2441962929
139707.73307482654
140591.76960227697
140739.52021776073
142094.47538921773
142751.21436389058
143892.54975042472
144460.43548253845
146105.04336413793
146712.785072508
147537.32994709944
147802.2998170585
148154.0779456281
149451.28195589225
151063.05312282295
152213.44763600855
152298.9405579191
152353.33681611845
152548.8448818474
152755.25580686744
153027.65249080618
154050.1987759789
154547.55245544767
154827.0241037592
154948.29109823995
155350.10140842892
155503.54388772583
155592.960797693
155625.42916436231
155783.90966363405
155940.1745374464
155942.35489209736
156056.74795966077
156295.78131528408
156303.41848545207
156436.7858461575
156743.83851923965
156854.70969652195
156864.5906564463
156880.02042206068
156953.4762867082
157011.80531050515
157293.97732912397
157400.2357185615
157431.56939368544
157596.33430080028
157881.9013558161
158159.45283844505
158232.15194458148
158573.8551536242
159073.2559875794
159332.99510838318
159588.80298471294
159709.15203361638
159821.43055139104
159845.67435971997
159946.66105885908
159977.65843303694
159994.67381467996
160095.47796860946
160275.3067571709
160712.3931941497
160853.77320703585
161035.80253436236
161083.60893576907
161308.47269586026
161457.49004127402
161526.07960870722
161687.95773935624
161714.71709924837
161730.45466962643
161821.29676777695
161985.91788102544
162024.24740367316
162211.3818836946
162623.49296397337
162684.22832596474
163766.3095000208
163837.5989922005
163967.94492382376
164466.72389343142
164849.80130907168
164933.87281322968
164947.27882862437
165014.6062229906
165062.0065921307
165171.81530068058
165493.92404791206
165532.8294815087
165602.04755966752
165622.1508578144
165808.64943365077
165840.42999682133
165928.21703308
166467.862361266
166622.3574205295
166691.28911994796
166845.50676003142
166894.7149813595
167046.60218989896
167526.90710801486
167690.60276680315
167866.02148328998
168154.01379156613
168535.4035245643
168544.77102244215
168774.82586428762
168977.76620738872
169036.69757462124
169168.29788313992
169567.6182096147
169787.89668384742
169937.54814827524
170089.89765100228
170232.4993665553
170326.74315598325
170532.148573976
170630.54386659263
170997.4454674219
171089.46230082153
171121.08555151196
171294.73900611326
171360.0860860783
171759.78366305446
171782.94035562576
171863.6711754263
172002.36205550446
172086.09234149766
172572.30248221272
172613.64411027788
172862.2685914826
173194.79619986154
173196.6844996412
173246.55433463582
173495.0909938689
173587.48889138224
173790.59657271486
173919.3206915457
174348.6367606102
175681.48489339626
177316.62004686418
177347.9577599222
178060.12164933753
178789.18382842973
179554.10251747377
179643.62474155685
180319.06659871334
180335.77592025846
180863.3869341012
181058.0084339164
181089.99162387548
181236.83275261917
181864.65284643404
181966.6414409017
182885.85943521652
183015.12044945548
183809.44197637786
185472.36002423873
186305.73442431274
186450.30143115722
186964.2391472749
187205.68653331473
187895.06658929845
187930.10231819842
187971.49491381552
188904.26939646766
189036.68961927746
190337.86239106566
190512.90730656945
190678.0737914843
191548.08835441218
191754.20805623636
192007.1585575143
192021.3665694836
192202.4950791464
192815.1128868674
196878.69328832714
198083.31343092368
199143.8115650688
199149.26397183962
199178.6811665629
199190.370120433
199193.7260476188
199216.09903336878
199218.3554141111
199259.02705521198
199260.57163920742
199293.68152636738
199340.36261511937
199342.13364748168
199342.68314519458
199342.9981371741
199356.03841030234
199357.75291706968
199427.08617887917
199481.85156223478
199484.9875594792
199511.9068237413
199529.3742808317
199532.7842260771
199595.34301944188
199605.48051094468
199628.41434048116
199640.20192326876
199645.24269220885
199653.82999995578
199731.12460682477
199803.28036500225
199871.91449095166
199880.3177272213
199900.3797582477
199927.55339446128
199943.5085418042
199969.9095372007
199988.59074827225
200002.55449574866
200035.03951965785
200077.3467226916
200106.20626564726
200120.66883523486
200134.080443546
200154.31466972706
200160.80945469075
200180.91931728635
200207.66279963704
200220.30084424946
200223.44358360337
200273.75133933843
200305.3121006778
200311.9714989417
200326.66104570375
200330.88182798555
200338.99756061958
200339.50828833628
200357.88637680333
200363.184278341
200363.56495652482
200435.86270759767
200449.6491175322
200490.23785198355
200592.38618056412
200598.8084527827
200620.93236378586
200642.80908914888
200668.88144041068
200710.3546471836
200718.57648024103
200727.19759236657
200740.3666133131
200754.18132620383
200756.9502274233
200778.85610214045
200794.70311125042
200802.0794394443
200806.72017926868
200832.32294724678
200833.2875131661
200840.57504673727
200842.73210037412
200848.83434023985
200887.23949344386
200910.672006146
200933.6256881313
200950.87036176547
200952.5152737566
201097.106019071
201103.40120798242
201142.08812390966
201152.29075181013
201219.7810453968
201339.47312606545
201352.55356179364
201372.63929579692
201394.66968762132
201476.617283565
201477.04195615544
201497.94085837636
201536.82952310037
201562.03470502305
201568.42248667325
201687.49590077501
201701.8132082902
201706.2365887169
201741.5135262447
201761.98092342084
201769.5293081219
201777.5697382342
201782.94428045998
201839.83062791004
201855.45469997323
201855.61741815368
201873.8595305782
201891.09574962175
201934.4252611382
201938.90182411394
201941.42915150995
201944.4972160479
201968.65517233216
201972.78377005682
201990.92217934295
202015.9400603199
202054.8894594693
202074.68663244406
202104.05920443684
202114.02965318246
202114.3414521329
202128.33199216996
202130.0493709541
202162.16164860583
202229.6806642741
202252.778226889
202262.36655234106
202273.41459217505
202311.8461895854
202345.36225018505
202376.16832131697
202381.03811932192
202382.5196747694
202395.3417795211
202407.69031451162
202413.65399283424
202444.30127353474
202450.42099473346
202472.62062171515
202487.92345035428
202489.07846171985
202494.07745605704
202553.7079328524
202554.45779486268
202556.0372791486
202564.11066730402
202567.5278276573
202583.861017446
202601.91989846472
202627.31408474554
202629.25910009435
202714.53907409142
202745.91087318517
202768.8576658462
202780.83103008216
202781.6011703925
202802.22772588237
202811.68316063995
202815.33121556745
202826.73512425914
202836.95324387404
202840.16472647106
202847.61992161954
202901.2668561723
202918.23334653603
202947.1340613084
202957.70096672932
202966.16219420123
202981.07590309635
202981.4811139513
202985.83091818928
203004.00566259862
203025.8349834612
203030.54354470852
203048.8126629325
203054.0086178808
203060.8639408404
203061.5713385013
203065.283286368
203079.97831488133
203093.62657682973
203093.97707559908
203100.17493008028
203124.8950346677
203134.23125061445
203149.04307368287
203186.5835662579
203208.33783117146
203227.71046404945
203229.4307586407
203236.91496039202
203316.33446179712
203319.32270834033
203348.13089119285
203364.3604425774
203365.6205531178
203368.7260767177
203371.59305420524
203414.04119401093
203427.35847520753
203436.2749136924
203437.19852183087
203464.92648653963
203511.68190662746
203578.14339237253
203603.59719596955
203607.2236656457
203627.9228338833
203647.37171440487
203744.69540713893
203838.60520120795
203869.01398856964
203869.1106633913
203890.07754435466
203900.59105137287
203975.96543491984
203980.73028784592
203988.12559378805
204005.61248274927
204006.52706223755
204019.4270260326
204023.04814879526
204025.07216078625
204039.36961389324
204060.92935694216
204081.39350405138
204088.67766146365
204096.5341052735
204126.36092854314
204174.66177052323
204180.70113711827
204271.71917461423
204298.76395658738
204302.94458986592
204308.70105283122
204339.97339489503
204343.30925409135
204363.36818383305
204406.03225194805
204414.50178702737
204424.1007189259
204503.55343552426
204513.61999833857
204514.91401629028
204574.03508748586
204593.03232360966
204601.79319615176
204614.62359624307
204634.6393559416
204640.0786815435
204662.58579816477
204671.90891911008
204689.8129649557
204693.58845275568
204744.76819273474
204788.11950078528
204888.7816317268
204971.6067807714
204985.91981347333
205015.05718919306
205016.18681646802
205104.97437082932
205147.35887715255
205237.62364449745
205288.11203770136
205354.96109600022
205472.6166131969
205480.69648979633
205491.54216157366
205522.52668166533
205525.50944335712
205525.9613115436
205571.79493923075
205631.44063635124
205690.91996169699
205693.64157667093
205716.9061417733
205751.44956027856
205821.7850240625
205852.30498624814
205877.0581716546
205951.35025791125
205962.2626684042
205968.32485887507
206043.67892464923
206102.66042530842
206158.85409390862
206169.49187025335
206215.91291665673
206253.22384030544
206333.30024245038
206434.185650245
206434.4976953256
206483.9403806093
206492.47800331924
206528.99624892624
206558.95860475567
206588.20950890405
206598.41457140504
206708.6289719217
206717.18161994652
206825.16542953067
206839.3010635049
206895.92131252767
206903.63632557634
206990.93498085532
207019.6746707336
207065.34200198037
207150.11571466876
207162.87093748545
207264.0546448579
207301.2957880964
207317.24203958313
207355.27710740757
207368.68745501715
207400.6976669491
207410.66412686405
207425.0484866906
207486.1049914587
207501.6763483706
207591.3502373383
207598.89814994743
207805.97227817788
207808.05311894423
207850.2734275603
207891.85753666924
207967.56448616448
208032.350209874
208033.69524797238
208047.10468465555
208102.3925543382
208106.99119118045
208131.79714211193
208177.05240773296
208207.0117729288
208233.58123744137
208249.42822392774
208249.5123995916
208307.88491658645
208310.8844707806
208431.6657338356
208480.5472219341
208516.09567016026
208546.33152966775
208547.37680228183
208550.35352803633
208554.5585994299
208556.73628416038
208583.81205683397
208584.4033584325
208601.54693985343
208608.04364679562
208622.1490809333
208631.40209674678
208640.9424025912
208641.1902063806
208643.76744187163
208649.56092041888
208652.88375618175
208661.94300986952
208695.25442160544
208697.78965087392
208704.69228792723
208710.61552429025
208712.81314681264
208714.8144619575
208724.03212012333
208729.83313061963
208731.07784713298
208737.4025853953
208746.12084751605
208749.33590437155
208754.4779638733
208761.01986334458
208762.5320837806
208764.7362551523
208767.471055757
208771.49817852787
208784.43548718083
208787.623034209
208791.89183517336
208810.3670722104
208818.48601103888
208829.46923353948
208830.89082864838
208835.63973583747
208856.02388135088
208856.87926900375
208860.11857417805
208864.0298110597
208867.45099327632
208870.36977572535
208882.18212935852
208904.8025445828
208915.14478622857
208922.71901128965
208926.29614356338
208926.89051846805
208929.23216421722
208931.13899838275
208933.46093926317
208959.77232053445
208960.1702942081
208968.44728164765
208969.506245974
208970.1362165187
208987.22880263592
209010.9766326391
209030.05506810412
209045.92936985148
209047.26278295176
209049.6509166963
209062.0034929005
209070.22789823846
209071.75790302252
209071.95107207392
209076.6299993032
209078.12471235427
209088.24223956375
209090.93150276045
209095.8578298536
209098.35806575418
209112.82348886368
209124.37545846472
209127.20016295757
209128.69433410492
209141.6820072712
209143.99917855908
209149.41144272318
209164.5024209864
209197.45504215648
209207.18372696498
209207.84341381444
209213.2086764404
209214.64399465988
209215.2395492456
209217.6825397746
209233.99258259227
209234.27640072448
209240.3366922158
209246.26128418162
209252.96729414904
209252.97901328432
209266.70854565036
209288.70262815003
209301.24882176917
209309.06515489213
209312.08383094825
209312.28363748497
209329.11983148975
209350.56610633925
209355.68649406405
209361.95299377778
209370.3641174956
209375.14708024272
209387.21212154106
209395.04064833143
209398.7941867163
209404.9706964001
209407.51697420632
209412.23015848402
209413.32773500195
209418.11374697924
209418.76255430473
209421.45177993856
209427.07448546094
209435.5582947937
209440.43405468797
209452.05979399057
209467.72445259555
209473.12632215806
209474.00958328947
209487.89856647543
209499.30394397982
209503.43240961342
209503.78038331243
209510.25631082908
209517.7337526399
209519.83438784422
209528.83520337055
209532.8876677018
209535.0371286197
209544.29836799257
209559.102742221
209573.50869199133
209573.5229406565
209578.20117613528
209580.28741326736
209586.13525753823
209588.93019521967
209594.520496327
209600.19194854246
209605.6197230108
209608.89445496676
209614.28392673828
209631.72489987378
209635.2219777537
209641.49521514404
209647.14627834404
209648.74538680317
209654.69027922073
209656.85425045897
209662.10687879013
209686.12100290597
209686.74185981898
209698.21943656934
209704.50079507905
209704.9303566105
209705.33514613134
209708.12785461248
209711.87392607942
209733.06289403662
209737.0179472146
209737.39034435686
209757.38683570427
209760.60107632878
209764.4661883564
209768.17795221417
209776.5757572556
209777.79836541106
209788.71912897605
209792.61280037806
209795.390057343
209796.6012436906
209801.97394144782
209812.6146775328
209818.90010916322
209834.19488688046
209834.3657846045
209837.72662461764
209850.69359352195
209852.4247314158
209855.85395598123
209872.0688915088
209872.7982518864
209875.0996175225
209886.3934070417
209889.5526675592
209896.11611259385
209897.05679278818
209930.58295056305
209934.35694333384
209934.53806401175
209942.68446450145
209951.85775733285
209956.7054103891
209957.06590174927
209967.68057629466
209971.8015299352
209972.1964363755
209980.6222559398
209993.12663289468
210001.42532767766
210008.49867956204
210027.50919610658
210038.9232918583
210047.96568618773
210053.17501765984
210086.7498393312
210089.1723031017
210097.61378445497
210100.23282024616
210103.03608139663
210106.22823577304
210107.9220673155
210113.18515357177
210114.31097373037
210133.3175577092
210134.46571840264
210141.93487355436
210145.19154595837
210149.58379072056
210152.6381500336
210169.69049527054
210171.8915358923
210173.34157721663
210177.56444229995
210185.08595714957
210194.614811349
210199.33452683382
210202.92767739913
210204.671787862
210207.21540154837
210207.51702741324
210212.8406164801
210215.2560763326
210228.68752814687
210229.29874141398
210230.54144596582
210232.77168511902
210252.30486152833
210259.4415954476
210273.16199094855
210276.06751033862
210287.21899401137
210292.1513773396
210300.6659864327
210304.3648872745
210315.84010026773
210316.94286377993
210338.07094065956
210339.0769984522
210339.91783069086
210341.0449245882
210341.07920011494
210341.36647528026
210342.92247513248
210345.86848337454
210349.1823370619
210352.16442502892
210368.71744677797
210400.605194537
210421.1902048914
210456.90210692026
210461.27712297102
210494.55896835547
210506.69931860617
210525.19116941205
210600.49190475445
210731.2404503605
210734.4625089074
210735.75108503771
210766.07151998795
210775.22849426643
210800.18037555687
210825.68450538983
210896.39365613105
210904.8985432696
210911.12371371873
210954.56644694193
210985.87687680038
210999.79008302878
211007.23838703675
211080.48646225303
211096.44124121108
211247.53369158646
211317.88125073747
211319.8103828325
211321.35261073295
211406.69077593568
211442.77749109676
211462.33647272614
211465.82044906233
211470.28071264614
211485.87162944203
211494.79389784584
211527.7200309964
211529.03196841132
211578.42553723234
211640.442360101
211660.2944316676
211670.1118368043
211672.26595876663
211698.47030130285
211700.43200487507
211751.4555991887
211751.98853505158
211765.77571002053
211802.0927039297
211821.03615229297
211837.69628412905
211844.21073359545
211901.16548299458
211911.3774303644
211920.89337406895
211967.87183934258
211981.99272942406
212007.41519994638
212058.22980321132
212077.73592673228
212148.78170707778
212259.8552952147
212302.2416784034
212368.63898902037
212444.56772651713
212472.5516970196
212495.3338527841
212508.60646694904
213677.38460162832
214483.5212341812
214620.74834447395
215002.61797915015
216106.26906982696
217917.82329109407
218119.72148341464
218658.6059913514
218701.28659193465
218713.94284060973
218922.73713836836
219026.64845962645
219033.18889442185
220348.27658439495
220892.9632844456
221191.23360091448
221458.01692416464
221771.26277361086
222043.58642733013
222223.45816908983
222866.8977382184
224997.18845139112
225156.7702010167
225193.97430080443
225203.77528764206
225838.908107694
226529.8065561347
226986.36696080872
229073.04316984213
229244.69342930292
229245.9382088319
230294.87131748343
230475.91900818932
231132.74645254697
231370.42047273892
231427.62436548178
233160.71634632544
233362.0771087013
233611.68484918994
234295.87622599205
235390.30222394475
235516.7842280946
235666.33006179813
235800.38519907114
236416.223058942
236702.19811840393
236929.20495445305
237760.46410825744
238323.43001852126
239047.21868830148
239221.55349596083
239944.62998441386
239986.25385461713
240161.93805600356
240337.04820905262
240429.1134701945
240557.73190010723
241017.37643990823
241367.223190337
241905.25946872105
242005.2523162436
242282.76852668438
242373.07333911053
242494.58519920468
242497.12957804295
242697.41874542696
242717.2662519538
242725.78252836494
242807.49411278052
242836.73135250248
243028.19745405344
243121.06987787125
243336.06355204346
243341.6245335205
243368.01500203618
243428.01985701476
243711.9678492184
243798.6448203464
243822.139018344
243860.75799778302
244009.6495099151
244012.854260417
244067.91231793075
244148.11777698138
244196.34260691667
244384.8072686969
244554.5056795883
244564.5584181381
244588.09419902164
244605.03443914003
244863.64740237655
244882.1572351941
245230.47213685577
245300.6709366233
245563.36221754842
245759.9741578201
245868.68798099068
246287.93004176454
246542.61342758374
246601.0315925163
246645.3047481316
246760.5040735167
247403.75423913728
247589.09215370845
247737.0943502402
247786.53095297646
247933.4895184571
247993.40296466922
248307.4133187381
248307.95385195478
248831.31000156573
249060.60163150824
249392.1732569447
249392.22713739646
249436.97327444813
249587.1578264085
249659.71713327945
249768.55385127012
249927.85058480123
250288.16858817346
250522.421826585
250610.51097465362
250664.65399624556
250715.00050346702
250759.377208437
251282.6163092588
251344.38463370226
251363.21663345693
251782.30136261473
251808.815296405
252070.4503592599
252701.77025204254
252867.34382039227
252965.17792475523
252966.68990279938
253023.9520540811
253024.47719988527
253281.17669812054
253344.08999001223
253551.8505877675
253792.27687897437
253878.3941091725
254286.55924915554
254378.13779486358
254554.97550779005
254816.69255923285
254849.71961510327
255164.4850728573
255407.71307383332
255601.5756011178
255632.1587264638
255699.15076413163
255749.66346291406
255787.81686162058
255794.63392688934
256273.62223779497
256663.11459626973
256935.0073362451
257249.36602186126
257619.66364942386
257885.56530568394
257939.9751982754
257980.01577346382
258406.6897041307
258482.26557506225
258587.82975096215
258650.22992588452
258681.01852947942
258942.97329152797
259135.74659227414
