11.941270584530868
32.110107297606106
53.99534451169992
72.48602131572517
432.60654160398246
455.51210003163453
592.0975292349563
707.9677962984478
722.7146669946783
971.1213200360878
991.7741960880375
1011.2905275696144
1012.0693153960294
1054.7888708423611
1171.9348957448888
1291.637817871839
1392.8524212748528
1513.9565221354014
1712.6931219422759
1733.9916741147906
1811.805571545033
1953.9364647891225
2062.4752503411305
2092.2823138800077
2214.264956250541
2291.6500425650356
2292.5515439406886
2392.85591646997
2409.3544129503966
2452.570737760402
2645.8095860502503
2873.5171144515007
2912.7825395057275
2930.798293775641
3052.2955627495817
3058.3397556658974
3213.004980882733
3233.858555963944
3493.059395050328
3531.365487257625
3751.4047796759633
3813.8643097421805
3832.4318312822875
4003.029672615513
4013.2145514010595
4093.4780210999975
4133.56589851551
4192.118838561775
4373.086198159557
4413.1574057043845
4452.00281124351
4671.482261907033
4932.5612640496065
5153.159176344724
5237.101707694736
5283.945094146176
5304.875542941075
5332.113366671938
5472.531891539516
5512.58857635782
5630.793779720855
5640.400702721355
5673.30996637829
5711.887549664658
5771.279019633717
5813.343703126623
5933.857152454578
6052.601213594538
6052.828809544982
6101.3655820802105
6172.9026096672205
6189.630525775722
6192.453408796212
6232.752004479394
6373.143718566907
6392.3850798330595
6432.5077849222225
6612.917496842724
6632.6644284071535
6869.505519693584
6909.926882494622
6912.353593769819
6918.493542730734
7046.107760770235
7132.519860528522
7491.081487569347
7773.205655227681
7812.534103442081
7832.344612371704
7849.983571088379
8153.874606752977
8212.801236306268
8227.812504352376
8233.116103470444
8292.25194390804
8412.889283006907
8471.179633663842
8472.248509630535
8491.885418617989
8492.36496415164
8552.887944884304
8591.937654812738
8628.044491603201
8631.737539923672
8692.52219744907
8811.701772944814
8832.082158295862
8872.984581728973
8911.688779735941
9012.21558625819
9131.72621767877
9226.70247821505
9613.26700130477
9651.957569878454
9682.169658670195
9731.778378301611
9766.266651936838
9773.892868591181
9773.956008741483
9873.321557216153
9992.078892644544
10191.64937480383
10232.735572116677
10282.890397407065
10293.670244237734
10470.903797582874
10650.857544011513
10692.41237506013
10752.222004368155
10833.067959246278
10953.340428016087
11001.70683784683
11133.909866107133
11352.714036321662
11412.118236715043
11452.921743497294
11473.887472773731
11491.75478756579
11553.668133622623
11561.698178882612
11752.68571165138
11812.423482050785
11813.00314102256
11831.86798654474
11852.906401181112
11853.668673163462
11892.053768766962
11893.68361976346
11933.015678792133
11972.738897916715
11991.745305345763
11991.864079225033
12013.734097499057
12032.383200337095
12033.491447048425
12172.927049031463
12192.91277279523
12196.355583857145
12212.411113942411
12394.309731317915
12412.783880650595
12493.08670014057
12511.1714398306
12532.092788328207
12541.046301045539
12872.759682411921
13051.615050373292
13071.437903102707
13173.340074673173
13312.177234882894
13400.176449738086
13771.783265477095
13842.38759153969
13892.134456257025
13913.31739746851
13952.770962334684
14171.55456838513
14271.114286544374
14291.474415187502
14292.028886645765
14292.296544713508
14318.972607263599
14363.669524205081
14432.655255372627
14553.219539374046
14652.741714374533
14693.452225463077
14711.832533015498
14812.00973116369
14831.30719332417
14951.010176308173
15015.688274042497
15097.984907416023
15372.440196577048
15452.678259095972
15712.127846642828
15752.625410864719
15771.48267021622
15792.640172703861
15792.705566563105
15836.640167285837
15972.073449384416
15972.774616946617
15993.848295083746
16033.977404693434
16071.902640679287
16292.210605657852
16312.155040820875
16391.94417572009
16572.583360185272
16611.815108555926
16673.28458131695
16681.4418655399
16695.74427784837
16719.32107601189
16731.3603854346
16751.651999814043
16851.642661509824
16893.19120957679
16913.056309729793
16914.567268465948
16963.72974098809
16971.633672616517
16972.220826515593
16990.39841610214
16991.898992042043
17013.276685810044
17092.455648043433
17126.243505168004
17160.313973288765
17193.215941146667
17332.202946998008
17652.703835214365
17670.78955225664
17913.269155813734
18093.491948898838
18212.10114682972
18392.017118092954
18452.824942752795
18513.233609911473
18530.96663964825
18571.922060676854
18572.82117704414
18573.049230026543
18651.805089506215
18852.771328101808
18932.248512754886
18969.747808676948
19212.88405782772
19252.98132801113
19359.41533870567
19893.131977999565
19951.748353585288
19992.562645973045
19992.84261311386
20054.82543483816
20192.38143421936
20296.20484750706
20411.26636355502
20465.73362671318
20522.685286237633
20551.112847254448
20832.81917418057
20932.74467243794
20952.79030906671
21093.093055493977
21094.442967800478
21116.308014124304
21152.633729150006
21165.690576358036
21312.135966201356
21391.700320708056
21392.58309788602
21393.710916546013
21433.71705664652
21452.822210523744
21472.356646595686
21473.8240470484
21573.91855650848
21812.472464032006
21825.180095771375
21859.486513354423
21931.558849371653
21952.95586002621
21970.900606609073
22012.618329959365
22131.709406916878
22213.382956344813
22338.10290959937
22373.18033362985
22393.309356313697
22413.119761685197
22571.909927686433
22732.74273568598
22852.47126716059
22932.965661891318
22933.06745166059
23011.08683835835
23031.892682443744
23111.73155911317
23193.489908748965
23423.04054047463
23633.175299704704
23931.85897615787
23933.761391372293
23992.85852815437
24415.119951263834
24431.893093434624
24533.544110005863
24771.805704988554
24792.736276264182
25037.747997710747
25072.242164125928
25091.872901835173
25169.255188043775
25312.078676828147
25376.25468338571
25452.047105933285
25670.40996708897
25752.74540078921
25905.939893655122
25992.183450455486
26070.178664417235
26071.725406923204
26072.60101536591
26132.105470438026
26132.34394066711
26153.071272597717
26172.428850482214
26312.312626869076
26351.927568050833
26452.86907959425
26472.26601136301
26548.855038247453
26712.73441989357
26811.720920713313
26912.05438456791
26997.193845179463
27152.780662375935
27212.943919358495
27311.6588140792
27554.28483206465
27613.233603703182
27651.75192851295
27672.839661346585
27688.792290159025
27713.076784884284
27912.83911657489
27913.14725649877
27952.148255587002
27972.7371303741
27973.698439365013
27992.738714822095
28070.78123936981
28136.696106233067
28191.042095261884
28271.857419474236
28332.668558627352
28352.789990400874
28392.98013254362
28453.12026269296
28491.852809534117
28510.200050933214
28511.66201733871
28910.70094088298
28975.806233369312
29073.600751227747
29112.283626627635
29112.60590744577
29152.05946849637
29252.618837296668
29313.44259899515
29392.179639293765
29501.914996410884
29512.161192217303
29652.835672903013
29752.0948396098
29810.73234957078
29818.032391232435
29824.99334199223
29831.088577210092
29945.18309418682
29953.611134942876
30012.513425287205
30052.431142147005
30173.235423772465
30174.59814044278
30193.250473210966
30212.126916570647
30272.140105325325
30313.890432233835
30391.72726130117
30472.127516558074
30893.031979382795
30952.801420959146
31009.5658823016
31031.8950421145
31300.472574000152
31393.093644385306
31411.686924636022
31453.6742391476
31551.89937899184
31612.366207818828
31652.20172563956
31693.09756478325
31733.679797237917
32027.291753784113
32070.668475313567
32073.565544157373
32411.997216668595
32453.353947498577
32532.637629239063
32610.539647280602
32831.216299846725
32892.682957753976
32972.67796993725
33012.344694486346
33065.383919528234
33074.25816071111
33277.73877313363
33292.81064518146
33412.63816465217
33451.86319454235
33492.13466468605
33593.395293878435
33631.57440409665
33652.36642920117
33693.72131846525
33732.005055734706
34114.1974740227
34122.65974352164
34153.267987706706
34290.99970508602
34343.85421462808
34351.806744720765
34412.733372222836
34493.07008136248
34549.72005648823
34711.75548482061
34811.849466069565
34812.8550814483
34830.55578769346
34833.23056258392
34864.338330484825
34911.18059662171
35007.46664730688
35012.52246515294
35059.69616004567
35169.43196723245
35292.265841626846
35472.32090711193
35531.5093811836
35550.98306903665
35551.268118418644
35593.491726695655
35651.96307260791
35653.32033461594
35674.22451838163
35693.21918839877
35827.77126869116
35853.50780260341
35992.09684731837
36122.55747622829
36133.97961321316
36166.63674040703
36205.547453626124
36436.999696567575
36452.79191084048
36513.46485515568
36519.9896939612
36532.48366291266
36558.65895005569
36648.625034476056
36653.42623903534
36912.82871884197
36992.839831013785
37033.07683801213
37073.04487960526
37124.34789919294
37151.06929142614
37173.34973782733
37193.22240474429
37393.112201641015
37393.995567854494
37397.211997802035
37431.29136397157
37457.69285423327
37472.28165739159
37533.17671116701
37715.75762772582
37732.643103507624
37833.002630179435
37866.85734314166
37892.205042657406
38113.630255794335
38204.666798023194
38320.404836817484
38352.37292188456
38593.599482192716
38644.51793745193
38751.74211810286
38792.89592803109
38933.36962299791
38991.39801945852
38995.69236014067
39077.63606469726
39230.973480082685
39252.60222599353
39412.293817334714
39473.568983131154
39492.10522973874
39571.83643102165
39593.7343999195
39652.84040564612
39673.63825977328
39751.24132889135
39852.626337293594
39933.20979515574
40046.15150884821
40132.45327168466
40153.89596999957
40193.23533578084
40293.352750895276
40354.258563287345
40368.23549661572
40470.9913009512
40561.39382192104
40571.928849302174
40652.08324516633
40754.143999243504
40809.130560375415
40811.49113094686
40853.55362604941
40929.681349484505
40957.73422128872
40973.80543143583
40991.820217759196
40992.35982375582
41106.503946765
41112.366859364134
41175.98538722231
41192.45068731074
41332.869974478774
41426.557334810874
41432.53079882605
41471.83931392651
41492.31001941702
41613.82796635567
41671.65818895228
41673.53348405252
41741.430174644396
41751.727047180495
41792.296042062495
41833.66763365438
41893.15853121669
41988.17401385695
42175.18324898574
42193.296351945195
42212.307346664216
42333.02188047964
42392.522544233114
42392.860347576585
42411.14621839994
42528.13371102859
42638.54318187809
42652.55832312525
42697.557757630566
42715.69710338189
42772.41231957378
42952.826056199665
43011.984676696986
43030.33703706109
43031.890672627385
43057.858605764864
43072.27974326374
43112.310592255584
43132.23960404184
43242.81463624168
43292.7237534767
43294.14183064903
43313.36695389038
43452.44020213738
43518.833258342864
43545.92715820673
43713.53397550505
43736.75204435922
43832.820686923435
43853.470147895285
44088.052365116186
44126.51000256814
44202.87873813546
44270.20445520457
44273.70919773459
44332.4583804663
44472.006401057995
44512.09763368726
44572.28573193248
44814.41130062306
44833.18587338816
44864.95809687572
44884.37208143202
44932.51397458279
44952.19337168755
45052.54281057615
45172.27263993957
45352.0822441844
45393.53733484421
45406.81013738061
45412.74111958607
45416.68170946016
45632.601722032254
45762.81177296133
45895.90818981689
46154.17990711331
46232.53992941423
46393.65577481672
46413.27376856639
46466.63804167455
46493.3947820893
46532.38249986435
46633.80584244826
47093.85409627602
47477.7338652878
47593.20620503994
47593.29990202006
47632.12245330469
47693.02447233652
47811.93298869536
47833.657861469685
48012.37044099973
48013.48419135285
48152.9637232346
48171.11073252295
48233.34649405852
48330.253730516175
48363.982245733954
48371.90065196868
48411.69359404389
48437.27599608042
48476.93047163116
48513.2635477231
48532.83909548154
48700.105494650925
48721.11109717011
48759.34128457606
48791.87607516434
48865.80838417164
48895.24299905123
49060.906580356124
49073.292336189654
49212.98533566937
49352.35714272365
49372.03364858231
49389.604105080725
49411.7793013806
49433.66917521675
49531.04839186216
49583.07940258137
49592.13676577527
49618.46030291038
49972.168447562064
50001.312537188554
50211.126164981775
50332.43827430425
50423.284996439215
50504.11851598667
50533.896926473295
50613.101224622544
50749.841444385616
50788.07041172485
50852.35351473359
50871.20024975787
50992.32141987022
51092.13067327774
51130.11335169543
51132.74797434721
51312.202693059095
51412.5101808641
51433.49598582929
51581.203631451936
51672.84714977501
51673.29050622692
51699.27232407599
51714.091423896076
51752.03142642751
51752.972804093995
51793.13551392026
51812.02625129939
51853.71303366111
51872.99398483629
51892.17978922328
51932.82231513927
52132.460756035456
52180.700652429674
52432.718483203214
52512.27824454987
52652.44666093208
52990.818583244494
53011.493572477986
53053.07377442832
53132.23815114503
53413.66882834668
53451.47663339216
53468.03667625762
53615.909232038175
53752.78374081494
53812.66971119539
53813.18850422305
53813.488937785216
53817.52825073792
53820.1362498085
53852.13879326812
53991.374591531945
54124.671529228995
54152.426454768574
54218.131134999974
54333.96316977535
54448.81629657776
54456.753841043435
54492.93263760982
54572.53727854551
54579.00814063488
54594.417447198175
54652.19537447132
54751.56828886339
54833.69288340241
54962.20141132306
54993.12634800074
55113.40712620852
55233.181677627465
55291.89275749722
55336.59743092276
55391.585328642366
55412.057789817976
55492.899408711964
55532.58575541454
55533.102816663784
55631.861834861724
55672.825031495
55733.50792818149
55792.26149620202
55813.051763245625
55829.976028786186
55959.4583696291
55973.064415691064
55974.57179713212
56089.453919806714
56092.28738314994
56133.06396853269
56253.715358924266
56603.801112694506
56671.428969541004
56858.973966243866
57393.02988412837
57413.94914676314
57553.20342574786
57595.000932287076
57631.36609144161
57811.27030932334
57811.76570186704
57831.69693974501
57852.062042477424
57853.44458030625
57932.83316615388
58111.266511686226
58115.19084752814
58147.06806303922
58164.94904778151
58191.117192619204
58411.8610276913
58425.08899614842
58472.82072078448
58497.21074366165
58712.65904831004
58726.92898233465
58832.16139556446
58852.01285801167
58992.78498676925
59053.036889637304
59252.9325215052
59332.84406108009
59352.458748651145
59353.52272567401
59404.54749709397
59433.78142100399
59493.86011723818
59533.77136888712
59551.994013061165
59553.1481860946
59591.875553103964
59618.97122413404
59653.168139041896
59754.3703102715
59851.69603806942
60012.613316479816
60132.388726962155
60190.83955858904
60192.37979765953
60192.62886117986
60212.58781527996
60214.405900985555
60252.11909055328
60298.74458631926
60309.67132737956
60372.01647445838
60550.762964558155
60744.73599185534
60791.827909326676
60816.61064434566
60976.24465789276
60991.2889194984
61013.980080885965
61232.62276414172
61352.133849392936
61391.67269288389
61432.37624859971
61553.31779868371
61612.63116639547
61619.78578227418
61633.546593335
61636.52836814434
61666.464609893344
61733.28236624159
61772.41362042718
61792.24697928572
61795.89344327977
62090.97232733265
62151.63295167261
62177.75405479011
62194.65235683825
62255.06682905182
62293.64219083622
62352.75943827112
62394.03428028504
62412.66556413697
62472.69271280019
62564.20259589943
62693.2639111531
62712.799592592084
62844.37187943047
63013.78081654389
63073.63903815323
63252.48410984315
63259.285395521314
63292.909030487455
63333.44100905811
63432.84498333776
63434.164871507804
63436.028529576775
63440.12941993839
63444.53697615321
63445.49813225704
63445.59216107094
63449.65813991701
63452.83009600001
63456.6059992651
63464.13708605879
63486.91069408464
63492.71349564122
63498.643357880675
63504.39807958658
63505.27269030088
63505.529737634846
63509.46957242094
63515.328521423195
63516.907410738924
63549.77139394136
63550.2893804832
63559.69008496584
63578.66982306341
63579.72597219476
63581.54957693102
63584.88104112082
63585.377999820084
63592.85869567355
63593.4940126312
63605.974870209684
63627.02720304765
63631.806102358416
63633.432858837215
63653.61804330043
63657.62101670268
63662.87201870242
63664.662519204285
63674.09604116961
63689.50718137066
63690.2506463341
63702.404870145176
63703.75243795887
63706.7804532656
63709.14498698973
63709.96826456131
63713.8211253933
63715.68240779546
63719.52705721365
63719.85631432174
63724.70598694472
63728.29473621027
63736.12223464872
63745.955586521544
63763.40169543444
63773.13269547889
63780.54133381493
63792.22699431732
63793.01447943301
63801.88988675424
63811.073342515
63811.988490586664
63817.72265969781
63818.829116028224
63822.33029600853
63860.53237929731
63864.046618604494
63882.27115114681
63892.337925665895
63900.81260141166
63904.734187972055
63907.368875646236
63926.56444914782
63929.4507967911
63944.07630613452
63951.04744635413
63954.31846350123
63961.42747439778
63961.95048700768
63995.9639861509
63999.47704546356
64005.79843391626
64011.61089865362
64018.24608877406
64020.216280510846
64022.20967377518
64023.954852879986
64056.977341502396
64073.01172044047
64073.19698377652
64075.14961340152
64080.86329798744
64149.40116774726
64155.456533060096
64156.87681332195
64163.88954226035
64189.121195846084
64201.538550107616
64204.79918858951
64210.32971138117
64220.91420710999
64223.40798987296
64224.65021073314
64229.09971878219
64232.75295783349
64240.34199972698
64292.10671409526
64304.95852797237
64321.375029560535
64333.123586326714
64345.357271972985
64352.953216028705
64385.69160472357
64395.50999206072
64399.54510107295
64414.36373042547
64415.806401759604
64419.561617683175
64423.74513095736
64434.997352064725
64444.23145588664
64448.501694964296
64457.12347036343
64482.57052950365
64486.974493167305
64492.30150645478
64503.5505191417
64506.257125457036
64517.18268345157
64533.180407119056
64543.22553094443
64551.961901148105
64553.939285404645
64562.85371916966
64573.678136875285
64584.62376490309
64586.717542954466
64595.84403212976
64602.278708498685
64602.51006485076
64609.62071362343
64610.571638689005
64617.41936318642
64635.40579068344
64667.5623755028
64674.22432418695
64678.71400548922
64683.479332534094
64685.64980900979
64689.154603259325
64702.52048577304
64713.34627334348
64713.55803908203
64716.387024074385
64726.77445326414
64740.516723269124
64751.248159178926
64768.306117891174
64772.26156627829
64782.97227104637
64809.98574033227
64810.81764798252
64824.8524610508
64829.53116912489
64831.94366045186
64839.5426972209
64842.995375555896
64856.67951472484
64858.324834017236
64880.50991212378
64907.77922400824
64913.368299264635
64932.38918905579
64934.17519005839
64938.492245981055
64942.09007112799
64957.673836534836
64960.23841089192
64967.3180648573
64996.7805773367
65003.60747200688
65005.70360264455
65011.91568332316
65040.95749972055
65044.972707174515
65045.75094226557
65047.451178000025
65052.64949603014
65053.04527557593
65062.71433412535
65064.3708013464
65066.69138506555
65078.21791796423
65098.54697911915
65102.0641411285
65160.21489122577
65170.62187283611
65174.61137938307
65183.85173379769
65187.283017828755
65188.79201697771
65191.163822783456
65223.81419983714
65333.26449501328
65358.795087565486
65484.3437487937
65528.80919383558
65532.20069967948
65539.08156426338
65551.78193856456
65566.21804492928
65601.46727046794
65644.56160921384
65692.77163796985
65771.03068899583
65800.3404507244
65800.4376053106
65868.71302538567
65871.2091356866
65871.5150286698
65872.88202295855
65912.49106029712
65933.72102318033
65954.97527865806
65971.9246640085
66012.60559529335
66033.33493130251
66040.59577283227
66062.12889211909
66112.0871899646
66166.32026665912
66167.76040680773
66196.60727911374
66207.44750523356
66262.21942209148
66267.41255782238
66273.02360095673
66276.0252822254
66304.21451465874
66305.73423634234
66336.43428615297
66351.38073498449
66359.38528986949
66377.94235693484
66394.51227343976
66400.13640860481
66419.09869882232
66438.3176706504
66453.47467460937
66457.23759128679
66459.24635236725
66468.85298511812
66514.23136518296
66518.9387934241
66524.11803630526
66595.37571542949
66628.76886591106
66629.60921058299
66661.96176498842
66667.37105001169
66684.25964571764
66711.87148819581
66719.58140157825
66727.23289891526
66739.23789449285
66755.6467284649
66764.2734990286
66810.81909726327
66813.76880818271
66830.04432212953
66848.16846458618
66852.17444390566
66871.52311938113
66902.3052018164
66921.51825038232
66928.27886592955
66944.63364539907
66972.80723247794
66973.37748467264
67015.46588455158
67065.10081988468
67073.33741372703
67133.1512382715
67351.74010253094
67391.86013813433
67392.31011992237
67512.31120347991
67633.22566790966
67752.71628843069
67811.82348978214
67882.47736139121
67953.09571145769
67954.37649397283
67994.45790588176
68015.83761381387
68113.08673650549
68251.99050677614
68272.7229638268
68372.5243933193
68379.89612660493
68431.74454250942
68448.96257761805
68471.73428363154
68586.86885600821
68600.97258273544
68660.2780813864
68704.6628829636
68733.05269900235
68802.44263627206
68809.42980397138
68830.495834579
68833.66565568894
69072.10011190422
69148.26454135399
69152.53565502366
69165.80863825826
69196.97765612096
69213.10067954105
69471.46964287484
69481.72965178645
69572.8169635392
69751.34893291262
69832.08979058109
69832.49541271836
69837.72080280553
69852.0169200005
69852.49833479509
69912.5668021303
69939.70953517794
70099.58000317425
70257.15433942019
70262.27840401161
70532.1296791822
70574.38984522084
70771.83627248854
70832.9602430322
70833.83454810467
70857.72597149381
70910.4125739304
70922.23456463119
70973.07447767742
71013.64879702176
71033.77528520067
71192.65020302859
71194.54010291205
71213.15358086773
71238.28282227597
71293.02320250121
71352.99703579601
71373.06230181531
71384.06157625905
71445.30549506035
71445.87496417602
71471.47295595142
71471.62111853632
71552.56354607274
71553.54600201547
71593.97530755163
71672.25305792628
71683.83533071984
71804.9936929802
71813.15578850299
71828.59602611954
71852.80602520438
71872.07508868763
71928.48480040581
71971.83893304023
71991.85999112848
72069.98431438934
72112.50375275318
72192.80976451775
72213.33523536469
72233.5500801158
72332.67404412382
72412.7343777032
72481.58838414603
72513.4029849009
72616.41009900148
72645.63949221824
72659.54123662536
72711.37507595262
72779.15020476996
72859.19032411781
73071.98478291208
73100.41259765644
73112.33726838818
73193.02014874533
73213.22631748431
73228.7594133018
73251.721878448
73312.56432255154
73335.72596644085
73392.91217631254
73431.68939517057
73532.24891810495
73586.73755933324
73594.4838838537
73672.44437373635
73673.32613299598
73736.73421453888
73752.03373616916
73928.04786717187
74051.501720971
74072.76864021909
74079.9654921538
74085.64395282572
74125.17828366379
74131.56239201962
74131.71646723936
74297.0970437246
74312.08020860449
74331.27261287789
74382.19189507523
74431.5244786092
74452.3568041933
74478.24392028207
74583.16524942547
74620.39898527303
74650.12033121182
74650.69425167148
74652.3902662076
74693.16426572828
74711.67554307324
74732.62860576982
74732.89429176024
74739.59379612691
74752.23590651018
74753.12257147428
74761.30413338364
74955.23084059972
74971.88913414575
74972.47278903364
75073.51147041305
75094.4860244946
75112.38618702162
75127.47298496947
75252.16184301511
75410.56751046963
75441.86305954112
75485.21247017427
75492.09031093006
75513.21768534851
75570.75302397131
75652.53691529117
75673.63499021837
75732.30260861908
75751.45864557927
75787.24076651542
75933.9267791672
75973.08494069823
76032.81399115814
76050.92635592842
76063.516193737
76132.59593675872
76193.99617188255
76213.08739132677
76213.10740946884
76232.06615396979
76252.81360732205
76262.08074247274
76272.23420127208
76301.50934340083
76432.22376288025
76492.59135956827
76535.20818864566
76544.18647593401
76560.17096005475
76576.87924444751
76605.1077318316
76672.13958880419
76673.71507449559
76706.40277505017
76713.74221142933
76880.66531476297
76913.68066802593
76930.75417535209
76993.34627503953
77011.7237419091
77038.70914731051
77045.61210782001
77058.70319763427
77062.05880224482
77064.95430120347
77066.55381050933
77071.64562901907
77074.487864952
77079.11525084355
77083.2419102514
77095.03976525989
77099.9007623074
77102.36518977256
77102.73967256419
77107.65133078385
77111.28134579482
77111.75644631872
77115.84808183408
77116.91022508284
77119.72530936808
77121.63814465675
77126.5295042721
77126.87023118371
77132.50394662138
77135.04996702289
77152.06596459504
77171.71594821879
77178.6036392197
77178.63273607873
77185.78374525622
77197.00481935903
77198.15922405111
77201.72062835285
77207.84172825816
77210.37303790213
77215.32248446393
77216.50963051555
77224.01579040555
77224.63749677845
77225.81584720388
77228.46400555485
77228.64673852123
77242.20683831857
77253.45978665525
77258.38214671513
77258.5664683724
77261.51652696109
77262.00815074617
77266.5935054753
77266.81137402293
77273.88243727537
77278.33458766095
77279.66143722253
77281.31663358795
77286.56644896657
77286.72361335502
77288.00978043226
77292.68106886979
77297.46752596278
77297.64565369532
77316.82471717795
77317.75555230095
77318.4115559749
77318.80562672912
77319.2865532463
77323.78376770097
77327.54044184354
77343.8793707455
77345.30147603582
77345.5311297399
77352.14023383374
77356.21323148302
77356.84993348662
77364.46943536962
77367.76327444206
77372.28225881481
77372.63336579058
77376.73522824737
77384.03820563867
77388.38029518556
77390.03006355414
77401.04938299084
77404.18147062787
77407.55876282323
77408.56082073426
77408.59617414059
77412.77644756305
77413.18913972026
77413.26611499183
77417.79831779124
77432.22140252576
77433.7434524963
77449.68974532232
77451.9669407016
77452.44226328527
77456.51096780713
77456.65295571438
77460.97916902494
77474.15981802589
77476.33335620047
77476.85109951584
77481.50659708354
77484.13462444597
77488.10461829911
77491.6382014545
77497.50025234386
77498.5628757333
77506.25499073337
77508.04766483285
77512.33354959336
77516.80652714089
77517.1231095273
77529.47839144417
77536.2477227683
77537.33496886295
77539.17822640098
77542.59972093588
77549.64812678876
77554.63394250064
77562.63431107471
77565.49379316262
77569.2182483364
77575.77238726303
77589.94937868779
77591.6921600226
77592.24739857568
77595.45089660879
77597.95244526866
77606.46565717035
77607.85063613189
77620.08832279773
77622.69458432372
77626.05747586417
77632.03160068083
77633.53246888975
77638.1243920939
77644.77020601452
77645.23997997318
77649.10332786376
77654.65870982195
77656.82014707358
77667.63324772178
77675.31837062353
77689.07134235391
77693.58493558249
77701.05414227817
77709.49702073286
77711.12319882476
77711.31434709618
77711.74905159384
77822.70754140397
77857.71308402794
77870.941649425
77872.09880949327
77918.19345672033
77932.09408525452
77943.85810169949
77979.49853780441
77984.19049045452
78073.56352918448
78074.84126400268
78093.10858661261
78098.47411018469
78104.99783463113
78138.70821806445
78153.25874111525
78191.4512630826
78202.74559059055
78212.43649042454
78212.566676749
78214.44574894157
78232.4322931516
78289.31165882127
78312.43530985579
78313.32271649834
78325.9570320571
78442.01739851918
78470.39009918744
78471.6797965504
78572.98641746941
78583.94779666903
78590.54838117567
78625.29798401803
78653.2759121339
78672.31149380941
78672.56090789089
78691.1741951492
78730.43511511947
78732.82002786132
78733.41180507258
78747.01916750816
78764.29671122618
78787.82564180954
78860.04535716354
78868.34539711317
78870.65341638798
78892.00832547243
78932.89393652354
78953.55693026257
78975.19037459616
78978.85972647625
78979.64924537488
79004.62656182275
79036.65020296538
79064.86894490923
79082.02105330938
79113.57404688436
79206.49787506029
79220.00581586444
79229.02291540641
79232.4396990333
79258.36645187509
79293.93853199421
79298.43391156262
79387.05457166981
79421.67261492647
79425.47036782006
79429.58612403067
79432.43137671879
79453.93879880793
79463.69195855054
79472.72174663383
79511.67949902533
79532.95562329215
79572.27821601345
79593.50402247335
79596.93500498733
79635.39349300649
79671.29680289056
79716.15352617129
79772.31408564605
79788.0301007585
79879.70148474787
79912.23393959252
79913.20116631784
79932.11189590002
79953.08918905177
79992.35090813617
80073.27412440637
80111.9658949445
80213.34091868914
80263.35272128759
80264.68484009162
80293.86383216518
80296.43532222846
80299.2113748896
80306.84640142598
80358.12583620894
80367.61611422499
80386.92390206493
80392.61786517237
80394.01198453971
80412.73023885192
80421.36555452678
80452.5957517081
80458.46974888623
80472.75141465853
80492.36028367003
80513.21932259129
80521.82733079497
80552.9752210172
80611.41821507218
80628.0074933724
80633.55914039245
80694.45658231335
80713.16745029784
80746.18918435845
80749.59835829455
80784.46756079308
80799.99725232623
80812.43008611347
80852.25110903462
80854.02652058839
80875.67080922816
80891.44346809658
81022.70367803647
81112.05041021826
81312.5659839842
81364.67087377512
81416.55895568141
81572.91508258868
81593.57084345835
81625.13822937648
81629.78266409285
81692.13153881069
81739.29622365219
81771.7482850303
81782.4301214137
81860.19250393748
81975.27741198534
82020.07069896339
82052.4988832738
82091.9765757378
82104.31285497485
82112.84752897757
82271.75644654114
82385.30819049111
82412.6196186391
82432.77313719467
82443.94170730241
82473.01481733487
82484.91980935352
82513.41458517147
82552.61000273695
82591.92929289152
82792.97328548742
82812.97828346206
82849.95868950807
82853.80927275088
82853.87409930899
82893.04989671726
82988.5868030065
82991.72909259172
83091.85445496331
83193.53161550386
83372.42992204762
83372.86058783272
83452.14854913122
83454.17144742096
83511.40754879882
83531.73602213521
83732.38779517332
83851.7154127285
83944.4087447544
84011.79923675132
84065.9663614462
84112.85145091933
84312.45049372935
84332.40913146995
84412.21565924586
84422.52402372971
84471.71038179174
84571.00967988168
84651.23062272312
84730.58624688924
84793.40884825206
84831.47912931463
84852.98247157762
84912.393401546
84973.1996963304
84991.98890201196
85011.69706183972
85052.52590081509
85112.35892538146
85117.44918752105
85166.38047540736
85173.12460189169
85301.65259606669
85363.33880433306
85391.75573984715
85435.59150888587
85511.35667474892
85512.62214993942
85711.8710240531
85713.60039797767
85748.03749465001
85936.54920389714
85974.05077363971
86029.19363247369
86102.96404157496
86132.61382574978
86193.67127475518
86212.04856736472
86351.67024327401
86396.3772867627
86450.07061057206
86652.48236722952
86693.29495617677
86712.90570305145
86771.5156923801
86773.57253505586
86773.8478043005
86853.57508336124
86967.51955529934
87032.59960151548
87065.25253410212
87117.40739759346
87323.03849579336
87351.26923328373
87352.90078999987
87611.89640354183
87751.9211871661
87832.48899212001
87892.71191378828
87992.93025116448
88353.7201277368
88393.18500809897
88413.53391287124
88632.12098306428
88651.9166604792
88652.16120352129
88752.34845694879
88852.16491984736
88863.98130099564
88872.67057665432
89153.95541680248
89231.49484071208
89231.87685639843
89253.30310168375
89253.35974967433
89312.47316821686
89354.55913928851
89370.1660593059
89472.77152387922
89472.94626045028
89572.26914137829
89579.83129212886
89632.36377691825
89651.91475549202
89653.73602860347
89664.34849735691
89793.32509064996
89871.54406900839
89876.54479841012
89992.41308190479
90024.51765926502
90033.58175832906
90129.8522615064
90131.64719386309
90132.53456355404
90191.76886369761
90270.94766093556
90311.36383930483
90371.71659159439
90408.44082470612
90451.23118716838
90511.00951346674
90679.09456719305
90804.86456132591
90995.39674440864
91131.80891306704
91153.34199965664
91213.57863866129
91513.09662352904
91513.49317547932
91533.10732537754
91773.96261105067
91851.76329562778
91872.58766596261
91893.30591482272
91992.42779903219
91994.50518851301
92052.11155676606
92071.55759420343
92251.86268566285
92293.0275092267
92331.80960426692
92472.71582643205
92719.74164280777
92731.18535354709
92789.1940920107
93053.52295166497
93272.86344158063
93392.111191005
93672.99266617162
93692.82208335976
93732.32862533926
93772.5764339309
93833.70118988147
94419.65214111947
94612.86237395465
94633.06935838246
94732.01285126412
94740.37470125235
94892.75235435179
94941.73731759825
94951.84352558892
94952.71931157535
95032.50930589641
95160.96758581162
95173.16487883612
95253.87385729126
95254.47042975179
95333.42461714364
95496.57135702952
95512.04970366905
95751.54292806366
95853.5314487829
95932.56292409093
96051.54823596399
96093.52065256961
96135.253309758
96226.12089164756
96292.82924017416
96372.30470937802
96473.0702382871
96553.17982364047
96632.44690180113
96673.53204503695
96791.84899670897
96991.90401845379
97152.42579159752
97192.40286609206
97254.01833610937
97394.05219365287
97472.43163753497
97613.05094572372
97651.4130796365
97672.55446041313
97752.31141612794
97841.5901552593
97872.40421729497
97892.1722917975
97907.68682742745
97932.4572768931
97973.28241398437
98013.41651853001
98033.04727693518
98151.7319686414
98192.59748168357
98212.5712169003
98233.76870402013
98234.20340245948
98272.99606884496
98292.82941258514
98293.90033544172
98302.34490632438
98332.75259369936
98357.5683239379
98431.69997685925
98536.07020103696
98537.25916249906
98552.86571389178
98646.80608056318
98673.07326489044
98713.1060376143
98792.55044019573
98821.39603088504
98931.60416694301
99013.39973931714
99095.98316000044
99120.76949422735
99432.69742155328
99592.19785463135
99678.14482519099
99772.87514183718
99852.93569541875
99872.42805788272
99912.44682698882
99952.497748908
99953.04085295436
100011.78917161946
100012.03259727627
100043.10436205652
100173.77719864271
100431.30662211713
100439.07732343252
100472.55944198827
100473.03719965662
100494.8923050098
100561.85527372104
100809.01330661068
100873.4272342185
101051.69908150646
101152.79091883164
101192.29458686005
101331.97198017768
101552.95070817228
101631.8759876182
101752.85304051479
101866.69572620875
101971.95637061432
102073.74757042169
102131.50683600777
102152.29980629538
102230.08689986326
102292.6549024125
102312.11789305891
102591.53906028866
102753.16935526344
102832.42696485776
102873.79719574263
102933.1298126657
102992.272837588
102992.78387484101
103013.19330801297
103132.99015943863
103382.78348205115
103512.7667000051
103513.22035174354
103532.29231014774
103656.41226726008
103752.5895833335
103790.42311661196
103832.56767756304
103891.27834575057
104052.72773549931
104099.6212452286
104152.59204188295
104253.00439632821
104272.97653047148
104325.27777713227
104412.56773065189
104453.08568464984
104513.24556093614
104651.53179023787
104812.42189839887
104836.5596590756
104933.22708308206
104953.21239414562
105011.93268175067
105207.2806345129
105232.43053665572
105351.75534176838
105413.12573877897
105512.19118764547
105512.91288789923
105651.80277819172
105732.09204205334
105767.11533324266
105811.19761326455
105812.13747670726
105812.99357805889
105856.48147584005
105872.2154129314
105912.63537083889
106592.40472584331
106678.73947782627
106691.16981176207
106692.13757606114
106813.40976686723
106892.24764655718
106951.85269241517
106970.95917308277
107073.07599113305
107113.41333480494
107129.03490339992
107133.45177699966
107147.73857049034
107192.18917354074
107231.57752045538
107252.62285004764
107431.66245908997
107625.03436138808
107712.24294903403
107754.35071497457
107773.35869900485
107773.37715767161
107813.51149029085
107832.51903530955
107872.29938640071
108046.38971725728
108291.55138250039
108292.09246861162
108300.06752402418
108312.67923651822
108334.57017537398
108373.54065930295
108377.89007213649
108378.09037176511
108459.17204212077
108552.6379862943
108571.8551786698
108601.69013272852
108692.30695814044
108864.14908218963
108973.36383930166
109032.963203539
109086.71956344483
109132.24589086058
109152.83731769191
109152.87330184791
109192.88067202929
109202.30702097772
109294.26841387172
109314.0796973862
109451.50177540672
109532.74185738315
109552.82440475248
109684.81349346139
109772.91119451901
109905.94824500283
109911.35975957561
110194.19970839561
110317.53991970762
110333.72310447851
110392.47837820051
110393.744563599
110773.22949355553
110792.13615793691
110792.93716534824
110906.15724169395
110933.40101426633
110951.75109097752
110963.36270386359
111017.31261854712
111222.28962745814
111273.50124623138
111291.7306479579
111311.58286950974
111330.86164341532
111538.63167975808
111604.72667576517
111733.78233835941
111772.7720343688
111832.63462854878
111912.61076335356
112112.99753364777
112215.47569239691
112231.66939507505
112433.3190821966
112453.15050731943
112733.29627212968
112793.20316013301
112812.15849651847
112891.59715286498
112912.77032368563
113146.18289041964
113152.46183363482
113272.08350468578
113412.63901980492
113612.11997457841
113631.9298994392
113772.33877403387
113812.83467023681
114011.37527122253
114012.73705712626
114092.38044796664
114098.89134954242
114117.55044482203
114131.32547996729
114232.14726201509
114258.26504953936
114392.30563321547
114593.07673982799
114790.89067557556
115244.81379566893
115332.70220785259
115369.91659999656
115393.05088949425
115513.38458378536
115552.30969465358
115771.5150994701
115812.86543966293
115873.07493508517
115988.59678182742
116193.27057123325
116274.48147136901
116292.24042194187
116292.75508238371
116312.22417579846
116354.87306448075
116492.95874301087
116673.92413993199
116732.56503009982
116764.72280769673
116791.72366003528
116911.43339136204
116953.5298160568
117043.45619616305
117071.68166046834
117233.59967185548
117272.0395110009
117372.03063101925
117392.82320144324
117411.87323735197
117433.28131163477
117558.83389974579
117569.22003364647
117572.3277449265
117772.5451208543
117872.71296357809
117894.03219695186
118112.47680040965
118287.92219991366
118392.61991186594
118513.26544579279
118517.04769041363
118572.11298089425
118611.42172753692
118632.67330697419
118671.01752036456
119064.74619363858
119072.72010979004
119132.66786412557
119214.65517711686
119273.17396601624
119440.37382390923
119513.24907209327
119529.42692394328
119553.63994813136
119684.53318521666
119694.99358166281
119754.97980994867
119864.31881750224
119892.37289925471
119899.75259556214
119932.94095575102
120120.64377712266
120422.82412111491
120451.25630527653
120472.54116341608
120571.92149259092
120672.77318555451
120838.95978740067
120871.79566963411
120873.56297244919
121020.69648680148
121092.49584334556
121275.17582520135
121311.81072960616
121332.3054928815
121334.95548599717
121473.36718520736
121711.64324359018
121773.69204415129
121792.18208086578
121932.53559279627
121971.96431359217
121992.27170895276
121992.4149874007
122132.10585189768
122153.27940194568
122512.48120744694
122531.7600634242
122551.3590545161
122564.29717813543
122632.31320727641
122813.05089052126
122892.54596812278
123012.56681578486
123113.44454266783
123195.52343761516
123252.22390144924
123272.44192906692
123371.61975343156
123374.41771766552
123418.27188450436
123532.13992850327
123573.52203367955
123811.54728603153
123853.23044506577
124132.78237009223
124243.68441279151
124271.58709792765
124272.43876805174
124502.44616867494
124513.74523871337
124518.93532818768
124552.72944352684
124571.90830139452
124639.85455817444
124656.73838727696
124692.45813353058
124711.92228675814
124873.02027904849
125010.93197339831
125053.06485885834
125114.15546945362
125291.98249897269
125452.74957327149
125613.29871400406
125652.27631403673
125712.30991282275
125866.02456695585
125945.32046173539
125994.7332925653
126011.61385755707
126011.95315129077
126012.54559461235
126072.2022700479
126252.69214154778
126271.480418192
126309.4724308794
126471.9419156428
126528.63107448473
126572.61767646577
126592.14568983285
126671.91936487687
126726.72510520002
126811.80172292158
126852.17021125162
126853.22508183031
127019.24321544709
127054.61149808101
127252.98803050423
127272.07450211745
127272.73497789665
127373.24915956761
127412.3972868342
127472.43471165713
127554.37956714114
127653.55250557313
127778.67477533579
127792.51510889146
127817.7985446981
127851.34033180823
127903.57319403821
127993.18352940971
128024.18885253483
128072.08738621582
128072.24359294161
128091.42768683442
128278.72129886757
128299.85895968243
128452.56544689316
128522.39809494803
128592.93186733538
128653.26892664225
128734.63795708588
128771.70373333998
128832.63146009487
128850.83208959672
128852.78673473257
128994.17629995882
129032.07731536316
129107.44614977526
129231.36458762574
129292.26464688612
129383.22503273052
129422.86473028071
129571.81346009091
129593.11910053571
129628.60802962985
129631.69838110251
129651.58606351515
129932.5984404104
129992.29336485414
130031.35082945222
130041.56214735974
130166.72627165473
130171.5543064099
130228.92331015004
130272.55804303441
130291.07548192705
130292.087192263
130353.25118628722
130408.37547362718
130530.66468300203
130533.1746704351
130583.90513058568
130925.14470706346
130952.35024408848
130993.15553780354
131051.43316708677
131063.01728663838
131140.66439043405
131159.12712240932
131206.0382364609
131206.40838348228
131413.17852017542
131538.65066044842
131632.17897557977
131652.44233967317
131793.5580910432
131951.38995564132
131987.79387706416
132025.2505467012
132073.09188882617
132233.65714806397
132253.04502269631
132271.96645583815
132292.48573176717
132352.6116307116
132353.4784650264
132392.98209746165
132413.53322858186
132672.85292422856
132692.42814219467
132725.2467830228
132788.47348334978
132798.32683989767
132803.48026763275
132834.13875268772
132838.4389227382
132932.85941424113
132993.36295121923
133009.28080489082
133012.75161411337
133133.77919605398
133153.38319827124
133183.36155970953
133413.26468707426
133442.42735848884
133473.64479775197
133553.86996139548
133732.36229468416
133848.90121026075
133891.99976440208
133933.74861036293
133951.77389735248
134043.00813371502
134132.7695320284
134133.01504971276
134140.42080732607
134209.88789046038
134324.3025127751
134353.79459891
134527.2889845806
134615.18523501945
134730.6038051768
134735.86045817245
134792.3153598668
134832.97250722136
134852.4540086908
134971.28682305827
134971.29506984953
135012.2273948949
135204.40510289877
135213.2184997815
135253.60200630795
135273.0246958165
135313.48052284995
135332.8475915922
135474.19085885328
135492.5426294139
135493.0516249427
135537.2594708535
135553.41066134107
135570.816243092
135612.11404954537
135630.70391367102
135831.0352135689
136073.92836266983
136172.77205272135
136452.0355550188
136507.9125186834
136592.23684884878
136612.46330835405
136772.82865977852
136831.0960344791
136971.9531051418
137051.86357978653
137132.9118629343
137133.85691483412
137136.7171459362
137166.06537702016
137213.4904179651
137253.05042712006
137253.1642896026
137292.24199646176
137352.5233855065
137445.06227824598
137587.7680705712
137758.88127411692
137803.39858371762
137954.20308456582
138091.99682054092
138133.92500783532
138232.8412848979
138271.81104157737
138373.9595723955
138393.56377957654
138400.6642897033
138520.24173607727
138533.7656806108
138553.91283728872
138570.7807115443
138610.0189442786
138732.9724256422
138751.75942862226
138852.6889439331
138912.9612370064
138941.2398633793
138952.94848515384
139173.15996464892
139173.8500562446
139212.6433062238
139267.6886710248
139271.37804798843
139272.57248665544
139371.51238563372
139372.2542689874
139372.54957174716
139412.18905166455
139713.0908607309
139812.96442758216
139844.7673316205
139859.19433811956
139972.15562264365
139990.74464921813
140092.35442925632
140108.61860315848
140132.6632377563
140193.0348056522
140211.84581698073
140336.70936683373
140371.83440620278
140653.6681192892
140692.17137955723
140852.28697089612
140908.88347370402
140973.92913419925
140977.05846056915
141051.95413562597
141150.05435630417
141232.8541969061
141265.14730427242
141272.6475252907
141373.4947166525
141399.27735487293
141458.8065993418
141472.48701333528
141512.38751746304
141533.3710656663
141552.11489381918
141631.69514706617
141711.63926916107
141832.80614333518
141852.12815727462
141991.48428564132
141992.16488850646
142092.20835618826
142132.70525328902
142183.89856567816
142231.27320228535
142292.70607048934
142389.73977327993
142460.05061122635
142693.07041494932
142732.01879514812
142751.76444322342
142792.5541882834
142874.75451339857
143071.3828572831
143102.638461184
143134.406402799
143352.61058293586
143352.64138564857
143450.8002506045
143552.1235119249
143582.16304132895
143633.12015789235
143651.5033876376
143713.15837798605
143734.49050531944
143792.69082888847
143873.51045534757
144072.28193254565
144112.07712981023
144175.86792205143
144351.43756992192
144392.41636642365
144532.23176376527
144573.73725599592
144631.9175789475
144632.02923876172
144656.46499174024
144685.6779005953
144711.85793111045
144892.28343032007
144912.67435832255
144912.8183451298
144932.43213126564
144961.22654271516
145004.98504333358
145293.57945186138
145332.96662209445
145333.15039363355
145351.0256091056
145372.5411704757
145460.0573746657
145493.63674480232
145683.2069951961
145712.11201615192
145743.3993814606
145820.96473599167
145852.43580583448
146101.79543347174
146138.70123320026
146140.83510788347
146154.1337226354
146173.00807872397
146232.79309433105
146232.8920207994
146380.5807557085
146412.13635711014
146414.7840399986
146471.93813118778
146553.7533525286
146579.80957226388
146613.34612752683
146613.58938603319
146631.9683136749
146632.31035303487
146672.16874791458
146712.32053187786
146913.0096406847
146972.1876335199
146972.43137985913
146993.84815912705
147012.831430349
147094.4200016257
147132.64997129043
147163.11236776158
147212.50029863283
147392.1242379589
147492.2021802351
147651.64458152314
147730.19480059028
147753.00384213997
147852.1122843534
147891.7869366226
148042.41967033522
148072.39837573943
148171.3873957168
148432.63829001493
148433.23574984947
148539.80532878183
148573.6298119462
148592.52767353377
148632.50168844959
148641.26404466986
148712.5746713785
148831.82948497104
148939.6269802719
148971.6022243602
148980.83313736712
148991.86941235358
149033.73856302776
149053.04290977184
149073.87012746773
149112.34706364348
149153.52029064854
149252.24051915063
149273.15760012163
149323.1281612047
149373.80516579194
149392.17555642748
149471.74324168777
149520.4246414316
149593.39084412833
149760.6509824373
149823.01727604028
149823.57419125628
149860.94150399027
149862.15526096206
149874.55369326184
149878.73919397485
149881.45959500305
149887.06228754972
149896.01512873333
149901.49510194603
149904.8335144177
149908.03017194697
149920.58664295205
149935.76040013303
149956.74014906026
149960.5036854238
149960.58408554326
149961.67027886174
149965.0443379382
150009.39237191778
150020.06448230759
150033.512658723
150035.25248913115
150037.38973029912
150049.7157289837
150070.43153871616
150083.00256984023
150085.21891202824
150104.2396922846
150113.18385935784
150118.74433378168
150131.35533526598
150147.20822773143
150158.29072830733
150161.28027727944
150162.67047392234
150167.13273889717
150178.8313741117
150196.00118478067
150210.60912949394
150211.91615064998
150234.3430294342
150236.9319784033
150253.5773993556
150257.47215746297
150263.59129213644
150271.93686416314
150294.03335829594
150311.60272126898
150311.91781954595
150316.74153557653
150316.81963738264
150326.52316255812
150326.88715554387
150333.25833889708
150334.52230864772
150339.07058288017
150350.32621976858
150374.59609104454
150392.78893870566
150397.60656764524
150398.45554938773
150419.36422156298
150419.57384432768
150421.0229016017
150438.80740599378
150458.99484685963
150464.19318880612
150467.31950255117
150472.73256799884
150473.06267375467
150496.50543855963
150497.4249658543
150524.86539857122
150532.70239596273
150535.1499573532
150540.2124258883
150546.95820005628
150547.94143391223
150555.71229781047
150557.99479421054
150568.220286213
150575.87145041517
150581.6018386398
150585.6707758619
150591.7065691694
150592.44981919412
150602.5073227938
150605.2236147498
150606.10191945848
150611.96116361688
150637.5148638835
150655.13182242122
150656.61383403462
150672.8655505606
150685.95565454505
150687.75646855013
150701.56095292137
150746.83738923812
150751.78494088358
150768.29742845605
150777.71251970448
150781.0344223014
150783.87240754167
150789.25554420095
150795.53034381583
150806.60839341435
150808.5162445092
150813.38206839876
150816.20896100276
150819.6126759375
150819.8307175009
150819.88123613579
150828.94750949944
150830.68621184697
150831.51916838705
150843.5862789221
150857.89089426026
150881.99661018886
150890.11337494676
150942.37616724023
150945.60716116877
150946.0208082473
150970.89025223147
150992.953760681
150993.0449677434
151004.32067884135
151012.77563945577
151021.61898261379
151059.75158363016
151063.18136114298
151073.75299426034
151081.08839339862
151081.5890911049
151083.64216825805
151084.49564409617
151087.70849143452
151092.13241923446
151092.87203901782
151093.87102201013
151112.24115492878
151114.43354685558
151133.23435167043
151133.5447878742
151134.60325149773
151142.3483245223
151147.06598659855
151160.73658218296
151165.33457695978
151165.37756560472
151175.06034812855
151185.7134382665
151188.16962952004
151188.6838726908
151192.57878953725
151192.6129977868
151202.13027172696
151208.0526204952
151219.04188248736
151236.44129234954
151244.37141243066
151256.42679427305
151265.47166258396
151272.84690243
151272.8900510686
151285.5870414103
151292.4500243462
151327.21199624316
151328.44649431715
151333.14889047612
151339.71892685525
151356.87654234294
151384.32878813666
151395.7972336629
151412.39622805727
151421.62731578952
151422.113568347
151453.40105104444
151468.21988920018
151470.25210860922
151476.73839135972
151498.21928268365
151499.67953022558
151505.00997364553
151512.70018901484
151527.56321274466
151528.2301011242
151534.31318877867
151534.75048774565
151535.6069870036
151551.82232256836
151573.24188284462
151592.7070543341
151592.81834148342
151596.7990299756
151601.72648887013
151607.6113178695
151609.8765064402
151626.4468175703
151628.65971745155
151630.24424725198
151631.6953388103
151651.46363453404
152033.59347019577
152071.17042635355
152130.65724323993
152133.62072332297
152145.16256293352
152192.9698822904
152198.4057662679
152234.022960812
152252.52486001866
152369.66694082465
152393.02827553274
152402.46993916028
152432.56617488345
152551.83463528537
152562.92973750184
152605.7758803191
152612.4025490151
152612.8609137803
152623.54338356404
152643.51678971294
152698.3330573522
152700.68133378838
152711.25864229913
152753.46538095348
152764.54485269196
152766.66024119355
152781.28053218592
152791.2499011802
152812.20382618433
152813.11063077336
152828.32131927775
152851.88195981816
152859.04830462384
152861.26993733482
152879.31413631878
152883.3907497282
152889.96493401972
152913.5586687422
152925.99872287217
152946.2269099798
152994.1833326322
152995.89126746298
153001.1110666098
153015.37915269507
153032.97403474164
153073.4521091471
153077.61490070695
153088.72422146852
153097.24341672333
153111.63783784697
153116.814099691
153126.7591859016
153134.67193886815
153140.712058525
153151.53781657037
153160.04200997276
153180.9374551893
153186.1252332445
153216.3736677413
153258.67291985045
153258.9602076618
153276.0906536775
153289.02003217253
153291.77772327815
153296.07354193338
153305.0177296172
153306.547923066
153307.80373434746
153312.0716901258
153312.40350805005
153341.504752777
153362.2665775995
153374.66297332337
153392.56807766567
153422.30309379185
153423.40614574516
153429.4953733543
153476.65440280395
153519.25203764194
153552.6804452623
153592.28082177823
153600.64380622454
153611.68108277384
153627.81531210657
153687.17346968895
153752.3590933712
153791.6280056255
153811.7826418453
153872.2368763223
154011.24768089503
154087.44680218853
154131.74619218434
154213.12035502927
154413.8448773516
154415.07283737577
154446.68125714335
154494.44508270867
154498.14074174257
154511.64191524746
154525.28387574985
154792.05268370427
154818.07158107316
154843.40903301653
154911.56876548688
154913.10066617682
154919.08468860248
154973.50408164132
155032.91134406335
155037.95406957163
155091.6422684982
155108.3984173364
155132.33213704804
155253.07891690542
155272.36576368014
155291.83996918978
155318.6826510507
155469.4301169794
155492.90557790524
155543.7776425289
155564.23990674596
155588.9452657786
155627.27901773877
155631.80211494243
155675.32417481713
155693.2775742781
155769.53686661102
155813.33830871465
155931.68896720558
155981.62826166797
155990.94100988953
155998.79166676768
156054.91571689653
156143.9434717871
156226.57291309716
156230.9856389319
156233.06808966544
156238.92790432807
156272.8399859898
156300.83290152342
156325.99615918036
156373.21919930648
156373.37786986222
156450.34112403495
156489.24239241183
156490.88019251902
156492.54150826726
156492.93710354762
156553.0443539993
156573.10578019443
156591.6440849548
156626.91170127405
156628.96422360194
156632.77142440714
156647.05594529866
156661.15408279822
156678.4653110998
156678.57461862057
156727.3006247079
156733.6679395876
156790.67701933373
156876.12903748231
156944.8776695361
156974.5900789061
157013.7281044613
157132.10906751998
157170.69615487877
157212.69276170037
157293.50953764332
157333.07785751982
157371.74107933044
157452.30840843738
157477.44677681394
157507.9392470671
157511.93761316082
157613.0137471578
157672.6079808502
157713.45894974697
157747.31799854955
157771.82459313603
157793.14261915247
157805.6179160095
157912.30633236555
158011.1402911531
158164.63126981913
158291.7644967565
158293.02246454812
158352.09770349387
158373.8335649511
158472.11190664934
158533.29007752342
158553.0580801931
158679.84670339245
158782.78073343757
158799.33278031403
158831.74312334487
158912.52772211566
158912.6358306054
158932.18633651192
158979.63928769415
159015.21326767173
159162.95088972853
159193.27319197307
159199.60911984486
159312.065416318
159314.1016319503
159436.7632800658
159502.17771723622
159504.53721061713
159508.3433369289
159600.53715474618
159652.7492697894
159747.61616172403
159752.1992899751
159770.48154074483
159773.5521721738
159773.70941154272
159793.14855468264
159804.09243578746
159834.7475192033
159893.76091201723
159973.34574066126
159991.55765289997
160086.70229370787
160131.12764131592
160154.0828794417
160212.95573734655
160355.59012222127
160392.2093444316
160432.0837794693
160492.07288421318
160551.87947579508
160571.5978383428
160612.6348437223
160698.7945581819
160712.72530651206
160720.1700312915
160792.03144004694
160805.4541516581
160814.1036993385
160908.92658578895
160976.32122072647
160992.47632015962
160992.62239389578
160996.2635806265
161049.7551480888
161052.6499387111
161196.90784300544
161221.78272142584
161232.65451513472
161251.9150880627
161263.36489459177
161467.01411958877
161473.1959509342
161552.51480555107
161611.23989140065
161626.96233322518
161693.0452730399
161792.3743431004
161825.52464276445
161877.89236432983
161891.94670562443
161911.31009191988
161933.77027912627
161997.27976553037
161999.4922346216
162032.79967129312
162052.36491745338
162196.84763625404
162212.7936513537
162283.28659257852
162283.64977172035
162290.85144898223
162512.47027803306
162592.67577692345
162692.15162757854
162812.9384062418
162830.99237056
162853.78256800413
162871.58307333506
162919.82472686184
162995.49511773267
163011.7738885728
163013.37756570973
163019.11135118484
163110.43839495254
163133.73568867877
163145.96263324423
163180.28001162002
163345.05460294356
163360.173937945
163372.4031673911
163378.72548555012
163392.425541763
163441.31800126372
163446.29488478845
163447.21688619012
163449.0456574191
163449.47540121354
163451.25571804718
163454.79066547065
163460.337776665
163460.43959539162
163462.52149683711
163469.13638921452
163471.0995180576
163474.52322809788
163486.70322526677
163487.72087767956
163489.03327928233
163490.35948064626
163495.6524438102
163497.84019007825
163500.90540524822
163507.74139789474
163513.42689812835
163519.56290728913
163524.337698085
163527.76692582545
163530.05284673016
163545.81668965291
163553.6164282008
163556.55243715196
163557.04770608165
163558.18618318607
163564.23787709905
163574.9440445205
163585.27468568675
163588.4064051
163592.91382247122
163595.68238618074
163596.64777599677
163597.72659854247
163598.84804872397
163599.38146170502
163599.3865138189
163601.22128969734
163601.44267862116
163608.29678693291
163624.28571139954
163624.28603102354
163625.5013077905
163628.09591663745
163633.17395322042
163634.59755379142
163634.77842709917
163638.64661351862
163638.91994879965
163647.3531027183
163648.8918704968
163663.2771708946
163666.35998081267
163684.2782741799
163687.2742866673
163691.85312948897
163692.49002413612
163702.38380294337
163702.95987470623
163704.70302075025
163705.7729522042
163706.31086338617
163709.32492586295
163719.5824230145
163719.8055410668
163723.95827022224
163725.51591672772
163734.89541891956
163737.4618988918
163755.50774252013
163756.8432751304
163758.0082054739
163777.48118603852
163779.52117270388
163788.6138317031
163791.48495320487
163791.60182546705
163796.99280519984
163797.55432713253
163805.4172431528
163812.89607548315
163814.75391122964
163828.20206223105
163835.68224377988
163837.7396402235
163839.43782150376
163839.63042629446
163845.28844711796
163852.32051385843
163853.46861896693
163867.61095677118
163873.19063205674
163877.124229968
163881.1219520165
163881.82790684176
163883.4622691715
163887.609316701
163892.0006779514
163893.851100892
163898.3160143706
163903.15421579132
163906.063164463
163911.9514057748
163912.67331618306
163918.42942247645
163920.3320966034
163925.03055701026
163926.02649768852
163926.30548804492
163932.56701506255
163937.43739637546
163938.0321426515
163940.77739900266
163942.75454799965
163945.3501320612
163948.73985244078
163952.27840029536
163956.7099615609
163964.20795664832
163968.59674941082
163971.4216995875
163976.07984935996
163976.11237875666
163984.04181872425
163985.1066260091
163985.63665531372
163987.15047938767
163989.0100827502
164000.9902398006
164003.08137375317
164003.71669728938
164006.38007649238
164009.22753509617
164010.23507649917
164014.15955998097
164017.02831530568
164028.74729886767
164045.85286041294
164047.03898840118
164053.87683485253
164056.76856295177
164066.02336872419
164070.4393376275
164088.72283371573
164090.28704272356
164092.0262936127
164099.5694159536
164109.8774612254
164152.36737797892
164212.0391054273
164252.64690355334
164317.28079244832
164400.76051146496
164452.21275497339
164470.93962527142
164471.06175294926
164515.19478765165
164532.14552621648
164578.1142313313
164590.38383323405
164598.57023885282
164623.52477696695
164652.78411394433
164738.96908350496
164792.268714232
164807.32288050547
164937.60756836616
165016.74261300996
165043.64014079975
165048.67347097982
165118.50820673222
165176.8226584955
165182.40738771533
165182.77581109828
165192.87856424405
165293.50940362387
165297.46214054193
165311.20208295283
165343.9595604345
165348.5495618144
165366.15406275087
165372.14456982678
165383.18263054563
165386.1073972623
165392.3560673915
165394.50535917655
165413.73269043287
165456.5969764606
165528.5031898353
165540.93261940955
165558.43542820073
165572.39512742867
165625.81162773172
165652.8344928729
165658.39143244622
165664.1697985835
165705.311577358
165708.09723225533
165731.972183586
165779.66736366466
165788.14412478782
165792.46080452827
165792.641054011
165822.85432584438
165888.31336643134
165895.4958172549
165932.97559419123
165945.14752141148
165972.2276563543
165996.23383392795
166082.25481441323
166088.67386955523
166147.14516465573
166151.12806253217
166165.07764601771
166218.64071093567
166271.3315487416
166312.19873294784
166330.15837843495
166336.84713078832
166349.00950861626
166381.8716068899
166382.03135352925
166410.75075156416
166434.6614587821
166452.21654137308
166485.75265637838
166489.5033686777
166511.87729128788
166532.58886797226
166536.71207925223
166551.59664572898
166653.59108299736
166698.1031334101
166726.10582967848
166728.56453414547
166730.89211817607
166781.40734029817
166814.67605660026
166925.47165067538
166955.97347099002
167150.0881792875
167150.6756021806
167160.25965491906
167221.924388252
167228.20798254368
167231.20403449552
167313.80497381557
167392.6009813094
167532.9084456866
167597.14288315823
167725.05263498338
167740.91615594417
167919.08986264037
167992.97055616815
167993.36202482224
168012.1242873185
168133.23992678168
168173.230452701
168182.0586103574
168191.96963070903
168233.35367475371
168277.77266794234
168319.7562529118
168342.95006019762
168512.339256209
168551.9166102208
168637.86478137478
168671.63929255222
168812.1966913698
168813.56783093463
168825.59495876468
168844.89794257336
168872.07748459643
168872.58406734242
168892.57714326412
168893.7330684755
168897.7875627149
168953.6601615265
169015.03786947287
169228.93021261442
169273.33774907477
169303.4720587489
169372.1371880857
169472.16786676136
169732.53144701617
169772.81058759493
169772.8838324591
169792.66838315155
169812.14004497216
169832.8479084094
169836.6736291438
169853.67571265856
169974.11971031458
170012.46636682304
170013.9538414045
170024.48878435727
170164.166496736
170172.09184198207
170190.87036624976
170219.39759944956
170325.24996940207
170372.25611473588
170385.98015515396
170412.28740586626
170432.19081705823
170451.17688701142
170492.5807486526
170541.84509961138
170612.6378107292
170615.7059561719
170800.06010825967
170898.63106322754
170906.29717829343
171052.63322101536
171113.000902319
171166.25554495232
171252.4388951781
171332.86186907606
171351.45285942865
171377.13981100335
171486.76763390505
171557.61558319523
171613.2489571522
171633.01010317839
171671.6713208899
171780.1864862073
171816.39321099903
171932.70669570766
171993.54764732992
172116.89475772873
172352.4325022845
172432.0463082761
172473.39214157034
172493.5720187873
172653.7615934456
172691.46733011294
172872.99593869274
172893.40965999605
172971.8189914809
172975.40596120612
173142.96263328686
173206.7901457901
173232.43780071376
173452.55920216106
173671.11913570928
173767.17754119582
173781.8590755758
173812.29239619224
173891.6876070262
174031.94198376147
174091.28743160015
174153.01525472285
174220.64269960482
174251.78498829948
174332.89399351404
174351.52537341052
174512.83018731812
174632.33873835843
174651.05422379024
174653.68387905066
174710.79754068886
174798.12527033524
174811.4024023011
174831.12590289314
174911.57461180622
174972.36919525807
174991.89971468304
175052.30512987313
175172.63151457242
175172.73912084676
175352.29448626938
175452.78060023696
175513.02317121052
175533.5752546006
175853.39147091622
175896.17477234034
175911.54384981317
175911.7406179476
176008.68062200432
176033.76669386495
176077.0646605686
176151.2563432834
176212.57171983426
176252.38814923266
176351.85012634547
176352.39874700375
176531.99933900835
176553.34247644574
176656.57769677116
176845.5208616401
176892.51895629184
176974.4974904236
177112.14430594046
177170.86651033835
177447.49297441592
177471.34997885703
177472.16306347813
177529.41182745103
177653.3748280831
177717.04755716314
177875.12346283576
177996.0138615642
178013.94038471402
178072.57854466882
178161.39859196256
178173.19806262795
178294.5400164157
178412.74727585228
178471.11598060394
178471.68898272948
178550.2893187651
178652.0396471604
178714.98512408568
178935.5033566788
178952.9713956656
179051.16976151112
179062.83203876804
179267.60842078546
179333.66987163483
179432.74948888167
179454.35743268373
179532.85411151653
179570.67289563108
179635.65132392093
179654.34509512456
179791.46202928398
179911.42549894174
179931.33614305154
180095.56090170715
180152.3415463081
180193.37425391172
180271.84723630935
180313.20470305727
180313.94148816893
180372.12810164422
180474.23360973093
180632.6607048507
180676.47311978
180832.12882271063
180871.86251548954
180936.25635848564
181133.1704212377
181153.72573326432
181472.65891123106
181552.22451321737
181712.72387913585
181733.98266629837
181772.26390128463
181772.79795820225
182013.15071659282
182013.78291884213
182192.87396900085
182391.63006645814
182412.35965897606
182613.32472177138
182632.67755650077
182791.4143144582
182870.10244463442
182873.88955470247
182941.5126525599
182951.84625783737
183046.72660415698
183340.86629219816
183351.8898821309
183457.36276626773
183493.005025756
183553.60458091964
183673.6394187673
183712.1941009632
183792.47418463771
183832.6057278191
183873.66600215045
183953.7710137358
184033.50125405143
184073.3699544295
184212.97259129412
184310.1880495186
184398.9993820032
184432.1604819872
184432.4477770742
184532.51811484928
184951.61831747784
184993.6642542563
185012.61702830653
185131.8991006359
185272.69951231094
185392.22257746046
185492.11455106697
185511.4179318603
185532.83248932025
185712.52946074118
185752.80769799135
185832.5967233799
185974.08910770318
185980.4703162908
186073.18852672013
186452.15252811761
186484.51323885482
186525.24851304077
186713.4106405101
186783.70881544802
186792.28338834987
186793.31294852615
186874.8615121142
186893.37283446884
186952.0909897141
186953.00779959324
186974.30548353613
187071.90531606006
187132.6503144953
187152.87057647572
187352.6016498544
187371.82254352295
187376.93108782577
187493.0858419424
187512.57029449512
187550.72470799094
187570.94462535664
187772.7878611947
188045.31699817098
188053.32577790457
188074.3387902052
188372.60783414525
188433.30054705817
188552.15381500204
188553.5785720316
188554.38013388962
188571.03805198215
188573.44694312956
188732.47208396206
188772.81829655886
188833.73515520108
188837.5669014473
188871.92195761792
188913.81922690026
189052.74761599765
189092.33088786044
189093.20366950548
189212.60939244716
189312.77304000335
189331.2986692817
189372.70790272774
189392.01624131776
189506.36643216296
189553.33115352195
189752.7916487817
189813.41608746632
189848.26891398814
190011.63187571886
190072.89464745845
190212.73724898288
190312.41485084567
190351.97303135874
190411.61774455014
190592.1056155504
190611.50725617207
190632.40440810146
190732.35630767222
190868.56774946116
190894.4091222352
190913.32682727437
191009.23172207622
191072.70491172018
191152.84713754608
191233.38752134077
191272.01333229573
191272.79941683466
191272.9485501984
191412.53628156797
191451.9401918848
191452.65352328485
191513.520487813
191551.50769039814
191612.49286680896
191624.7713931512
191673.63731506592
191772.49171208468
191851.96949598045
191907.99512494734
191914.61911101895
192051.85572946875
192092.99387555526
192111.9254922819
192372.1121552101
192451.66586583047
192632.69187886338
192633.63272799135
192652.8143067487
192732.40925218837
192798.14110506652
192972.8803212634
192993.10251867826
193072.06760233114
193092.71347095686
193113.56146703512
193114.00095901228
193132.81292451711
193133.11574605483
193332.39311221364
193451.64782738787
193512.4712943397
193533.30430287463
193552.60809460984
193711.5637100769
193712.64816604313
193727.9595431342
193773.05660672626
193792.62972245459
193793.5657120406
193872.2140175828
193918.06064810418
194181.02716506552
194211.4536450028
194212.42389498104
194292.62972032386
194312.84291881227
194353.8293800543
194471.71904008155
194651.96849676804
194691.84192896044
194706.78816564992
194773.2606989779
194795.45064856033
194851.66900312013
194852.32975463883
195033.15002200365
195132.10122279322
195292.2255824932
195492.89489804226
195531.9988573771
195532.58080887984
195572.5914300475
195772.0507826953
195772.4851785176
195851.94504540478
195860.64380910288
195978.12416599094
196012.61729760937
196033.11146738366
196272.14943742953
196312.62808106362
196333.1066400064
196611.5330946287
196631.83962755525
196672.13588960902
196833.20499476456
196848.34695125403
196891.6784390721
196913.3074078492
197173.43143051246
197211.2870662786
197292.0428566207
197393.08719160038
197394.1003283369
197491.8264184106
197552.47148449373
197691.07158864444
197712.8692999449
197815.45023945303
197851.31551954942
197867.60187550084
197912.56780789493
197913.16428183197
197913.2082667506
198012.8066094647
198072.17384931227
198073.33538486075
198111.4306205699
198131.1743257433
198190.7433634525
198251.69290850713
198253.19319608167
198332.54102654642
198392.05801286997
198511.9020759744
198555.00021176733
198594.07028599002
199072.16720705916
199157.26433371613
199391.52292872703
199432.95770892364
199535.81984651834
199592.76342294767
199798.6549034487
199951.09708183634
199972.68461614577
200031.98186328754
200053.0419031916
200090.61781669044
200130.49819111635
200272.28770719835
200331.950784721
200473.62103276455
200612.61442989818
200612.82392287947
200633.1586970381
200673.4874757327
200704.5792649686
200771.4993953966
200771.56638351135
200776.82437746334
200893.14402350716
200991.20135956843
200991.87469096837
201027.72515308752
201063.57192321264
201132.49761091947
201192.1810373065
201193.68887212998
201332.65584814228
201372.29159007347
201432.83182816676
201552.47288396148
201694.68540940015
201753.94811923674
201852.68681025537
201854.3053626116
201856.64741124937
201950.7262155074
202133.92933660105
202194.5925305098
202262.65978619453
202292.32732609275
202313.0909902908
202313.7461415644
202332.2903891151
202345.69203950587
202512.10637706055
202571.85497866583
202713.60665900586
202732.9781816926
202792.8008426595
202813.28085033776
202853.11158715558
202892.50162363343
202951.7391471948
202962.65881257615
203012.18556643603
203013.0657382722
203032.18167810334
203032.5362164911
203112.09533116617
203113.0580720552
203292.62893276988
203432.31184349384
203449.7520550329
203499.72162153793
203672.48205643886
203693.05525071456
203733.72956990547
203772.36815056257
203791.22009026783
203791.61944205686
203893.20681434203
203971.21209721194
203972.2316133751
203972.7025105294
203973.5787226578
204093.38872204718
204112.37230103143
204133.18507310917
204193.74167688648
204372.08877607711
204391.07966244838
204451.11815120143
204473.42072839732
204692.77733374402
204812.90755149053
204991.44408417764
205152.75713527435
205191.29412361354
205292.08497685223
205312.37325964237
205352.57933993082
205354.05298602904
205528.26869310136
205530.5327073662
205560.60156898096
205573.5053711936
205772.9552527313
205793.59410326544
205859.71717693502
205893.5815544268
205972.29475010556
205973.44974300763
206070.7971710642
206132.75651523244
206371.67756319133
206373.4747945469
206393.4762620984
206626.4749322305
206652.05292578784
206739.17292118305
206741.62151131395
206854.23043144195
206953.0471708782
206953.65336281908
207152.59372126247
207291.5837563951
207293.2008425199
207333.2069939137
207353.25731791224
207492.54857620486
207556.0709674573
207652.4973325043
207653.13940920282
207832.96295055628
207954.46698440617
208032.3540093611
208251.69893803814
208310.63653276136
208364.26676059596
208379.97462122032
208413.4892437634
208491.43647589604
208652.63623213608
208672.12892818928
208792.39925732912
208872.42021688336
209191.9550400799
209233.24174917978
209253.08751352603
209372.301972976
209391.5767195577
209412.26917497837
209412.55533549
209472.71150994353
209572.95510770992
209591.54281782152
209612.685693502
209622.7582836552
209732.48733443717
209793.4993303962
210032.85528977012
210084.81848368846
210092.4910532561
210152.38841536947
210154.14807082093
210260.3530091322
210333.34343436445
210352.44282408262
210398.3096641656
210592.32042988943
210610.56782929198
210663.45850183954
210772.5389221661
210792.15607262182
210872.47389097643
210872.72499774667
210906.6208915341
210933.32853641096
211052.13438727148
211084.69228850928
211334.67146607078
211471.1052051498
211485.11065307143
211611.32428584082
211643.088026404
211644.638943737
211991.76768710843
212152.05781290922
212221.02250767525
212245.6281147715
212251.44011411752
212269.21675135795
212291.65826618255
212331.9761512831
212352.57993630017
212414.28495561518
212452.38388747413
212493.33733911236
212514.3471081319
212572.38613175377
212633.89704312847
212673.7007913267
212709.43112921744
212739.66941337654
212871.99583546445
212898.68321462465
213132.82347183005
213141.0284776783
213192.75554506737
213211.27501529746
213300.82061351632
213411.26955303052
213456.3323543586
213512.08884857612
213551.50011747488
213613.09760302934
213652.45599153318
213660.5701608386
213726.59398762463
213812.93925278867
213950.604725393
213978.2285485348
213992.07064354952
214011.4708874132
214151.88323837932
214233.37953352777
214282.25393784718
214319.64826557878
214333.1113508474
214371.00228723683
214395.5314503432
214412.4770790528
214491.66433282857
214491.8544657579
214512.55451158911
214578.7355282888
214617.38391065737
214747.08949589182
214832.59162669774
214835.46869181635
214852.35230456694
214870.13687925105
214872.4906232249
214911.2739911935
215105.71832805165
215111.81108136004
215123.90749516062
215253.56529310765
215271.86526961427
215304.57154397678
215394.44229786922
215411.77101370128
215412.91959953596
215591.80348733533
215595.9370051741
215632.0333657036
215721.2485340332
215852.64612740162
215972.82056675968
216033.51941980454
216172.9801183335
216218.33113296703
216321.75248290657
216353.01916300916
216392.78968911772
216400.45044673994
216421.7790618807
216514.44463018462
216554.45325453705
216652.39063008412
216672.78379099997
216730.21672038472
216809.39619590712
216812.39526254832
216812.56068841368
216814.5808717162
216831.6383637655
216833.2157938713
216993.02453930653
217115.44607434713
217185.78457899188
217533.06604033033
217572.78078642674
217574.16039917638
217693.03870764354
217832.12153905237
217937.63890769097
218052.16075129464
218113.48136184682
218232.67582678198
218332.99471075693
218351.47801975432
218379.35795891169
218427.58428553253
218432.90044548342
218472.83954484528
218542.4645959169
218892.1612259993
218969.47942972402
218987.4586629076
219033.28033407894
219052.38227204842
219052.42983259156
219133.19626886855
219152.36990636858
219152.99205400617
219191.86761336206
219223.9470464092
219262.94449908118
219311.40130513354
219314.20935488254
219350.76149380428
219461.47686133636
219565.35151845156
219612.6172305058
219824.36903488942
219913.9108460013
219972.13857319474
220072.09367210546
220073.23746648195
220252.68060916575
220711.67014190252
220732.84152025488
220751.28695448086
220751.72326348277
220779.10422120677
221012.96280304086
221026.23645054855
221052.9164441657
221093.37364263996
221110.82778271916
221112.81237742625
221189.24757541693
221233.07155676367
221267.43148335794
221311.18292694632
221353.21869048077
221432.865073946
221593.0546912956
221612.41175285864
221632.79667483078
221672.2183619368
221712.55354841126
221752.85000266644
221813.87830150314
221831.80137373347
221832.05812653623
221833.55652051925
221892.01289242503
221892.76734264978
221930.13718441786
221931.8763073347
222072.48614050806
222152.64763115128
222224.49550117407
222232.41591842356
222333.16747553204
222374.49895667448
222419.3084983297
222532.99942622188
222644.10421277012
222692.01910535205
222752.18362904523
223013.51642310157
223017.08238726523
223049.02956063903
223053.40051036922
223242.54288149046
223264.37694323616
223332.62612965205
223350.83296666227
223432.6710366412
223530.83519960142
223550.81215927115
223573.30008992334
223952.32802027065
223952.94541994872
224052.44945531242
224133.21435587324
224326.71527760205
224426.72513979074
224426.89387723553
224472.10809191538
224528.9531919318
224532.30370330854
224572.48979817555
224593.35777085056
224861.79282390448
224932.85861085475
225211.5753613999
225294.1935723703
225300.0317846654
225372.94227734813
225391.7434084233
225392.71992698612
225417.70077192198
225613.0267972905
225659.67033787153
225892.0090124354
225898.82310218867
225972.5375666618
225973.50227341015
226116.77151708852
226191.97908031772
226297.54544879636
226331.03508956777
226432.037431748
226491.30057377083
226651.838384864
226734.21062553613
226752.88438283716
226753.52991652663
226792.54168719047
227052.09749790264
227092.31309810767
227098.44208752675
227153.5161856392
227233.3107976657
227279.35389981233
227372.9455102086
227393.91933686225
227573.00122123573
227737.0372129853
227769.03114757736
227833.55675462534
227932.5438940982
227971.5453941626
228112.20626127368
228147.3576119278
228153.6287059217
228172.6661587339
228292.53999541487
228293.6298748359
228453.26531951534
228911.77771477596
228932.44631133837
228953.13759950243
229012.65960969988
229032.9254903821
229353.54383476108
229393.3908760767
229411.02310868408
229571.76918027794
229581.8474919389
229584.26283194078
229620.544375047
229732.9113596286
229833.35498492676
229843.10742895145
229970.63923648323
229993.081484258
230084.39488215823
230152.0262595942
230153.0645100743
230192.81084377805
230252.9237091678
230253.46670163833
230268.35049915046
230313.2387399722
230410.48828926918
230432.2156983166
230453.38768906548
230533.56669606353
230772.32630107127
230871.52917686384
230872.50553095242
230931.79168335412
230933.19894997217
231112.8070358111
231118.21526263547
231212.47173381536
231213.9311894684
231252.44021989917
231292.4226987246
231293.54248938384
231328.99611824602
231340.55613366852
231432.7399562585
231528.44901450034
231553.66143349925
231816.26070505672
231853.14342785729
231872.91738233733
231875.6330112784
231892.80469945673
231932.64575671378
231984.00317080875
232032.3850186701
232052.2595635856
232098.03441289265
232121.989614307
232200.15010560388
232252.61129564085
232266.297382634
232316.4192542727
232512.59675447643
232733.6895209988
232740.190597083
232773.21708553907
232782.877749178
232891.83350700137
232953.85300539676
232971.86212147478
233013.0633278519
233138.38134756137
233153.20324170584
233352.2381133392
233411.13629087154
233422.6796843919
233433.61443001416
233513.159670722
233531.64201536588
233571.77333378277
233613.00177497763
233753.1310333837
234072.34487070245
234113.37635770728
234128.00065931637
234132.3660332563
234153.49108695766
234168.41452921717
234252.71864971187
234431.89040427565
234483.50253392465
234513.68006146787
234537.69031987572
234599.8327468768
234618.9511719636
234632.8668679849
234644.25688999853
234652.14651641395
234833.1996047151
234837.28793694449
234939.33153699784
234991.61169940993
235013.08390660398
235033.03089907006
235033.14312890253
235157.84526164114
235211.98030889695
235263.68496877005
235292.4781409762
235437.7567887861
235493.39556644
235512.58865855826
235532.57637257825
235573.96695633454
235693.96412150553
235751.81252111253
235851.4529811142
235851.498230442
235970.38727495633
236112.01432794688
236152.46911125156
236217.09772955815
236231.80855114688
236246.8220509028
236265.07340009653
236271.53632797848
236290.63314166284
236292.8014409023
236297.32355302884
236301.58964831586
236346.25942166738
236349.09300775503
236362.5532887601
236382.32071524317
236383.17476746262
236384.00245979775
236388.86898801674
236389.31715642766
236402.0043520595
236432.85893441728
236437.0313462974
236445.0571087596
236453.73111337944
236460.19100190056
236463.08747086793
236469.30380292836
236481.0612970775
236510.81656479547
236520.89447577854
236524.42995821525
236538.36665918937
236549.02520150866
236550.6863968426
236552.15887445986
236561.96315062162
236571.34171392594
236583.9952372084
236596.4106351335
236598.3272743794
236617.46822531978
236638.16277189736
236657.72853737717
236663.85268548675
236671.65162143554
236672.74923605984
236696.89872568724
236698.69418733593
236721.09745254257
236731.57783059735
236738.0339015776
236740.5208467383
236751.16109185532
236784.8741994441
236788.4171332347
236807.53219125824
236811.46239537132
236816.1274356975
236826.54095705503
236860.48400047526
236870.25626593732
236871.19699889782
236892.465484705
236896.82532084186
236898.74866540387
236920.4805371299
236929.92924771324
236945.55665524572
236948.5541453524
236952.53640037522
236962.79132856498
236972.15681831544
236978.09686326326
236992.76208949464
237013.4331940906
237014.67826080564
237027.6228076184
237041.68190673308
237067.78973448832
237074.4901945951
237074.51062284873
237087.5257923116
237091.22587233922
237096.95391792883
237111.08444479076
237112.6977661276
237126.67349659593
237126.71508524843
237154.12532450847
237181.28345252408
237206.63515441155
237249.09000749624
237263.8925994601
237269.01042382052
237290.74598945884
237300.52310161781
237309.32387988258
237315.74858561147
237326.52075007456
237336.26487600713
237336.48143313773
237343.57366178505
237358.20585900493
237367.428664168
237376.48754954513
237376.51661166074
237393.25896404093
237394.12792391365
237399.7715769043
237403.2782585679
237410.68175588653
237429.8803884816
237432.80908305384
237438.08348812032
237455.51199511046
237471.8536879439
237472.5488815818
237475.74268835897
237477.20495050272
237478.022467191
237487.7258529975
237496.4570752221
237497.1437171458
237497.87013061903
237512.4774456625
237543.54778570915
237545.8477593633
237551.1556390097
237558.29760074685
237560.73832213486
237578.7385522857
237587.19503300206
237590.9904785058
237595.95978177746
237607.0875695375
237612.37420792348
237613.57581073482
237618.28115597044
237619.76367352458
237619.8878308988
237627.75231958518
237628.28974315294
237636.60263088797
237650.9467094222
237656.8315576747
237661.6080973436
237663.6240500648
237669.6171173417
237676.5979525688
237684.84002719953
237688.21912122518
237705.3100264856
237728.46070288835
237728.80226961483
237750.69539151702
237752.88469526666
237758.11781776085
237822.20093294227
237825.26274900278
237829.55799709534
237829.86822605855
237833.0744672003
237833.6274605636
237837.49353469847
237837.96396085943
237868.53305267906
237868.78675595086
237872.39811227206
237882.06721675143
237922.18535872764
237932.10031367716
237933.72468390566
237938.30537126143
237940.7318022882
237951.8824896411
237953.41810928695
237957.45274611886
237966.6056482473
237970.4731527639
237978.84870941663
237994.48121847998
238008.745632475
238010.27840707288
238013.32748997599
238014.32540988913
238025.36505262245
238033.34263038868
238043.1194368677
238107.04866779616
238191.83574742803
238213.6164111982
238214.15123571633
238233.36287253464
238251.81774848345
238315.78597931092
238338.09757630219
238352.51994849902
238417.16677989616
238472.0982024864
238508.2881329137
238528.72063089893
238616.99665615067
238747.18389023194
238758.00794773895
238778.66689889634
238792.02694886038
238800.5343785325
238868.3810043763
238875.3213009662
238930.85382594678
238993.4928823828
239019.75287444316
239033.380883656
239041.97016453347
239042.95213388006
239045.77108194667
239074.57386838947
239152.3759908997
239157.84250491508
239170.89531872625
239186.34395470846
239189.23104399646
239198.7484741845
239218.6553258007
239251.04723382305
239252.6388710491
239256.07274071756
239261.1865332457
239271.99318894287
239274.27731511486
239292.3339415905
239299.58128235684
239311.2495457295
239321.14689955505
239334.32972585736
239353.21631261962
239368.25324046455
239380.5337499392
239392.39895258192
239392.8182531503
239443.87829475722
239454.7272021488
239482.61252192856
239483.34342756995
239490.46691517864
239491.1170827549
239494.8166146063
239497.22568992077
239503.11163696268
239518.7740867717
239561.73062309303
239573.22140854207
239591.7570877878
239632.27076095235
239632.57218758872
239641.80908129743
239644.18579410337
239652.0855216178
239654.73853322212
239661.07687228467
239669.61869601073
239695.5194858482
239720.24809344165
239767.47561850477
239770.3558320162
239772.5948766308
239781.03624116722
239788.96318168996
239792.5552338161
239793.07915233955
239808.81998904684
239815.6445489184
239817.05893593616
239932.656035695
239951.9443778586
239973.71686934275
240052.7327272413
240056.83233872554
240192.26523169279
240246.92392738073
240271.8426979217
240284.64543912036
240294.13436610193
240352.97515105302
240401.43377748187
240410.85461206056
240437.51254323404
240452.3471332096
240471.68002927527
240519.7922997684
240592.789183312
240630.3641227497
240812.4505126898
240894.20486676958
240920.4649506975
240973.30786921614
240973.80254159638
241028.53204890882
241071.6464542601
241144.73009906488
241192.5931799356
241311.30778025847
241311.39009295707
241371.87197781928
241390.28868875722
241406.91542360233
241432.08535698432
241444.44480892335
241540.72787711537
241573.22642639617
241581.02873739554
241613.34765033165
241681.36315554223
241693.18586917376
241733.1211668897
241749.64368607197
241752.2863284003
241792.28523359302
241832.7094477855
241833.28952510795
241946.34656958535
241952.14030278532
242065.883139367
242127.03813379692
242138.41997080186
242224.85093191732
242233.7783932005
242272.37105821804
242390.94774302363
242492.07986555595
242495.7577225565
242532.39907759457
242611.90928592678
242632.38497113824
242671.32106838224
242758.55810294318
242758.65406355227
242770.75233970824
242783.66784873945
242793.53978707112
242876.863712325
242895.29710954078
242911.57233024616
243053.44823165963
243133.62529842355
243138.212804593
243182.14313561082
243191.49571165466
243193.5453087474
243285.43721195316
243341.42164855776
243371.45197118892
243413.7500879209
243574.68581618374
243593.59633371
243649.5845931874
243671.77000262888
243691.80722169322
243741.78248973482
243854.19949203084
243855.9769692836
244012.6677515998
244017.92205432366
244033.2974262897
244034.45052787726
244047.69795681507
244052.540288685
244093.11301238686
244132.72387053043
244211.2858497229
244211.71146389548
244225.78636755538
244352.0667771791
244394.72785154782
244432.8711094399
244436.48318772123
244487.6282842075
244512.8260337296
244513.2709725902
244532.5787560843
244593.28736016245
244612.16737420275
244612.71709826417
244652.93893786837
244673.2607341349
244689.8921223185
244782.90294042404
244951.04143296604
244993.92610407612
245072.95237810476
245080.09185131732
245096.3255704807
245171.71228556344
245236.69776537537
245259.97196241302
245352.24316971682
245357.81368835096
245380.28206391807
245412.27203696448
245431.9232605686
245440.6517684376
245692.29405823603
245732.7031462265
245819.52484672377
245871.10312419757
245913.34232059933
245992.69834720728
246039.63118413265
246045.38457541238
246045.68023647572
246052.02021818538
246076.33899094875
246124.37588675955
246195.7219558105
246212.17318741692
246250.612482138
246293.93756548857
246311.33574540404
246392.76948973606
246396.27223008306
246432.14135227763
246432.90282069938
246475.10311197524
246508.06278042943
246509.92639539397
246512.59613872535
246557.27871615975
246624.68415093003
246679.59783435788
246713.05708962388
246796.69468377
246870.9443431474
246874.6655183116
246912.52879832464
246930.94351092837
246962.29676438263
246966.27838330247
246972.19068484654
247021.9423170305
247031.99331647085
247069.06876820396
247090.28073958645
247352.5805228032
247371.48550821058
247392.19722724485
247413.0852901637
247493.56762459772
247585.30604481517
247628.57470107288
247666.89509622572
247793.3958884968
247831.98770038175
247891.99741310417
247892.0631449778
248027.1311054828
248072.4079425541
248100.86340808243
248141.4954656149
248245.0252307957
248257.28954333102
248281.88661603534
248312.30237123423
248440.59833337378
248452.3902772922
248551.55863713642
248556.84133674152
248580.51877277752
248593.4806092772
248712.4952025444
248770.99720992256
248772.35798551497
248846.59454296154
249070.23084747163
249131.48192302228
249153.37819204424
249172.56891156544
249251.77746339666
249272.4079038051
249324.8771620733
249353.82193311182
249371.06408013115
249391.51947295718
249401.22838333086
249412.26827842701
249482.58087341138
249592.13694195822
249762.04681640066
249839.53890280868
249843.81724020164
249844.17356321792
249845.90395045484
249849.51828107247
249852.441306837
249853.905174696
249857.73625504944
249858.95160259775
249861.17413155333
249861.41502914994
249863.9965030094
249865.24330635485
249866.40898514463
249867.52276453484
249867.6596526162
249873.5509972541
249879.03217754303
249881.78371081478
249882.30326102464
249883.83676611714
249883.84047452433
249891.9854507859
249892.58430411658
249892.86117958123
249893.56439783215
249896.32369957038
249897.21298328263
249904.13288540728
249917.33002296631
249919.6150700794
249920.07028799196
249921.80112964584
249927.65617631882
249927.8257911466
249930.96091118708
249941.59150596964
249943.07906849208
249944.0485869817
249946.45729167646
249946.58167819475
249949.62426236976
249965.67172430718
249967.46076374303
249970.878722304
249974.47090495907
249976.1971200891
249976.59935353737
249989.4075474794
249989.8086069181
249993.88146271085
250010.1855499781
250014.22370509832
250020.09402695246
250023.48676664865
250031.65499853936
250035.27301649825
250044.43707428055
250047.64493208227
250054.1016627401
250055.25817893204
250055.77595924214
250060.08154518105
250062.69935565884
250069.548158424
250070.56275886105
250070.9615898091
250071.8744746563
250072.80527562433
250072.93872853328
250083.428968712
250085.53290773678
250086.39027809998
250091.32305421488
250095.58564114326
250096.2928676648
250102.43564906908
250108.56332073337
250110.2523512154
250116.27275439125
250116.89250028387
250124.91256635782
250129.1604507777
250137.39617737997
250145.77472110803
250148.45331566152
250188.84408859038
250193.7055570056
250195.28827289265
250199.86656504276
250200.60174890165
250203.69406746738
250210.0868019635
250215.90786096186
250218.8367564783
250220.07453351805
250222.30182947236
250226.8330583152
250227.78466463857
250228.4154842529
250230.95541959134
250234.7399681914
250238.76934420952
250242.3400883869
250270.71743555795
250273.64246405597
250276.30499958238
250291.46506503274
250295.29472451325
250298.2332810819
250305.22899045685
250306.65099930373
250313.56345905398
250317.1116411506
250318.60061951797
250319.6060686336
250322.62637253208
250326.40993573115
250333.2746778516
250334.1839807795
250336.38815178536
250339.7692114007
250341.91415820576
250342.7815403369
250350.0382352884
250354.73636085348
250360.45638066452
250376.83092885523
250378.23001661588
250388.59506766615
250392.54861098283
250392.78803334114
250399.0571983726
250404.18348503826
250411.4601660071
250412.09365576477
250420.2674195426
250420.3587590786
250421.31208323233
250421.6621899629
250421.7595572332
250429.7365615295
250437.84002407826
250439.10473546843
250440.1017375542
250453.0268367508
250453.34179637188
250456.6949100719
250457.09493941226
250461.41921137678
250465.63128922126
250469.69481740613
250470.19924640638
250487.86095798283
250497.80190823364
250503.07874735785
250503.47047388146
250508.36590205476
250509.0462322965
250516.06213543823
250516.58096725645
250569.06102326902
250584.25355044813
250586.76163997204
250603.0946074359
250626.02210113988
250654.9647970467
250666.64147751924
250669.88586792757
250679.19804464493
250704.92482805857
250714.21725741937
250733.0398539347
250768.0863833535
250774.39657145052
250780.86537968984
250808.72063290217
250840.4575337716
250871.88054019824
250885.46870652164
250920.11237158033
250922.91194805916
250952.6160358037
250952.8691311859
251013.26421764732
251089.40290531638
251114.44541933684
251136.5983757451
251170.70685019402
251225.2012490413
251225.3146530027
251230.18595069417
251299.18824382618
251354.22787482018
251355.77308666115
251357.93761398236
251368.83987375395
251373.48793807416
251382.13127555163
251397.18899435934
251473.19243736338
251563.88348142302
251613.52052282722
251667.37569778503
251681.28381703235
251693.2875001642
251701.7584214625
251706.04944082804
251713.3216781829
251719.74159877264
251724.27009499725
251725.569421596
251748.84421742335
251756.18151793053
251763.48783444872
251789.3467444978
251815.25447512025
251844.01928344037
251856.76938173658
251867.70482860773
251900.2047523632
251905.97202036573
251933.82373016689
251972.23523388855
251982.1267887281
252006.87135011237
252016.32133579423
252035.02195575688
252052.36584337024
252084.12913906528
252091.47663900946
252092.68991164828
252094.12860919436
252096.38884959562
252111.7183172128
252135.02184093202
252172.49122340104
252188.65168291685
252194.26154145732
252205.21215204487
252224.666819465
252236.7687116115
252254.82771215198
252267.55714742048
252278.2727333525
252292.88279338478
252304.4657176079
252328.01659906586
252346.08197907993
252358.6452860235
252425.24470964752
252434.96728386066
252482.66441730963
252494.34216560642
252494.6191755584
252499.5922925606
252505.2272786998
252509.0722155522
252512.82113072544
252554.6818074527
252595.50252405013
252597.71222075363
252634.58030910362
252651.08250583278
252664.43586864768
252686.6765814674
252696.80765306723
252697.6656490537
252759.65648788834
252789.520191441
252795.4544609607
252808.3763512093
252876.47201138482
252915.7857101272
252971.2793123853
252999.23406972695
253004.34859924694
253011.81642417668
253011.95478482867
253088.6067116524
253133.35437548615
253245.56539289787
253264.87116068398
253404.16712524235
253433.1870516659
253436.42203016605
253466.31465177517
253531.3792025211
253572.09085877932
253572.58189721985
253583.96412957675
253623.16465273636
253645.61107476268
253646.97389274946
253653.5543898573
253664.69894137495
253679.46455426537
253681.8203841935
253712.38922369154
253715.3082334794
253771.4894638356
253773.32878341322
253777.0044636841
253832.93300198246
253833.16067006704
253933.75822469292
253972.67178903497
254072.8179531573
254171.54904021262
254180.10726678284
254232.21293580616
254252.6544034191
254333.41760413157
254348.74778725475
254350.20017488895
254353.51133844347
254398.2692470583
254653.40472838195
254734.3854846624
254761.67033102078
254812.14927434034
254891.92324346976
254893.30246349747
254933.74615029132
254992.78219115987
255012.0295738593
255013.056531253
255073.40253478056
255176.24062371033
255248.16622844583
255271.98570395162
255292.58188443253
255321.81109991766
255352.94208100758
255374.2991038124
255415.62034479526
255553.38535465172
255593.5102614999
255632.5826644116
255673.74371597831
255712.91408021952
255763.48691242834
255853.1169287059
256072.19366844697
256113.4890480486
256132.90391861383
256172.61053145627
256212.58412881556
256272.68094692947
256333.0946628708
256370.64137494712
256403.3747982661
256471.8104049673
256492.71018395526
256512.67197456816
256531.47969695082
256532.98369639608
256572.13784392134
256592.8311780547
256667.60218376236
256677.98897068558
256687.6421466585
256726.00973804892
256762.40626834903
256772.8026041766
256820.5434859394
256912.72812697032
256913.51185811043
256971.18706368736
257032.21610321748
257113.26571337908
257211.8109222536
257267.26436609455
257311.85592822856
257331.7729661795
257601.5054034797
257678.6408315244
257678.68895225023
257913.64721841243
257914.84483963577
257932.51793598104
257952.63114842924
257992.55350379777
258044.0400603175
258052.9410187501
258092.00439255813
258230.88148585727
258306.72988323047
258357.46061360056
258372.2302302488
258391.5454866194
258511.5582650575
258612.66907645663
258620.21476776915
258731.61661637135
258733.50504589773
258754.6694507383
258759.79540234501
258851.75428245426
258872.78701349694
259006.00135528954
259090.71910967742
259112.9245039057
259153.74737602382
