2037.0065020815885
2100.6574601271554
2151.9453713023304
2808.1037345128
4303.2628845513955
5700.568122206733
5990.999194249614
6206.748669483507
7146.002582883545
8842.941108305238
9407.216404451425
11496.955687646478
12691.52802003492
12837.809963014544
13686.019189703471
13888.247699823498
14392.307204019295
15856.950009166943
16408.22412987872
17776.526987276065
17791.779849984774
18386.419799005922
18631.1060926678
18830.89978079669
21222.04500644756
22030.861785553196
22258.250249377037
22698.459768487555
22791.59246931372
24078.243237137773
26493.832122028954
28896.83079156459
28934.072536547406
29507.470439383673
29672.533681744906
29704.495116997423
31437.025367048333
31458.499935515756
31526.93034886248
31528.414589924145
31559.368420977327
31615.382519848426
31711.56404693782
31736.91683063102
31778.557533552415
31790.025405287313
31801.388762322313
31823.014112146535
31831.721236915233
31853.481043682285
31857.579904498525
31858.972637738898
31946.169404440952
31960.647206084883
32022.027496633822
32065.830602280425
32083.75339304255
32107.786289562908
32126.169481408495
32126.857310846073
32156.658942555936
32159.7827164621
32168.68913291837
32186.327266737528
32233.360123377202
32248.678572658362
32255.83795518128
32262.995273953657
32268.20395282672
32274.93269018315
32281.28230718839
32285.5199976186
32290.228361500976
32292.720360680978
32297.62909179619
32299.409620829763
32306.30068049869
32309.44416329657
32340.268454402136
32377.27381396522
32396.30683272179
32428.86237401717
32449.30820248387
32466.140060348727
32489.57536896386
32525.667639758267
32600.16548387028
32618.13728537395
32649.788217385212
32672.521307252795
32675.557489221228
32708.3461816056
32712.604087219617
32725.016755295543
32800.83590448259
32803.62070028815
32813.611844949766
32904.28679685657
32907.568212296406
32918.906519893535
32922.82862925682
32937.5064305384
32945.7227704204
32956.24669330818
32960.42782874412
32966.59487998594
32974.50505391389
33007.4386314794
33008.92066920155
33030.516673461374
33060.164445687595
33095.28012150248
33107.768034732406
33123.19498784052
33197.53107949001
33198.41100085579
33227.37371600141
33248.587607357025
33254.3563293466
33259.00457244791
33269.86028221968
33311.35782439025
33329.064299941936
33356.67112492523
33396.097323485556
33396.171139410435
33398.747641339556
33437.432391283546
33444.589799580295
33458.38390525097
33466.75367855421
33472.50878353899
33514.83091622528
33525.253844811006
33546.120338762485
33600.85232437261
33626.452109696664
33640.784735633046
33653.006809300234
33659.78628807214
33677.23415750772
33712.185021870384
33718.061787312356
33777.53471589764
33807.41685873523
33823.47490375654
33838.530368012725
33865.35584645234
33869.47614671251
33891.98890918277
33911.63130144747
33956.21022918587
34041.206250005394
34056.46841646515
34078.03325211774
34082.87789109306
34093.20090762123
34109.59748229961
34112.144472796295
34132.087590865834
34170.16056021505
34259.62257140036
34270.938377018654
34280.562209731936
34290.81220994249
34299.528200768735
34308.578692113326
34318.58245539878
34331.951153039234
34370.30693664485
34389.75444376528
34390.53253524883
34390.609463016415
34394.07080976813
34441.04594958551
34441.50207264686
34454.02979148382
34457.18998242305
34503.672482859256
34568.03426864157
34588.04808656196
34598.33360729748
34612.707598165754
34666.55486247525
34683.98634213982
34695.10588012249
34700.242206551404
34714.49347415022
34751.06725385155
34752.64003848827
34762.97670237028
34807.809992931325
34807.813361318564
34812.27671778586
34842.96001332167
34848.03512903456
34849.54238587046
34855.50029712887
34905.900066412454
34962.33741750793
35105.446537145035
35194.72706819958
35223.995224645456
35463.128037697184
36109.567844217185
36752.30221652848
37593.475372331384
37898.6971921096
37910.05426006451
37936.19622134361
37950.87852228738
37952.225466648546
37983.308038862975
38003.60245983476
38037.50730347098
38069.5077278834
38083.91914255073
38141.493349056
38149.21115529673
38162.380777137405
38195.00562050601
38240.06994901898
38242.036275514154
38307.30652913546
38326.43614850658
38337.37238185448
38364.48999345788
38377.78049562192
38402.14097303921
38411.56792054086
38430.352127717444
38478.4026147148
38485.12603967989
38499.6451822888
38508.14166005928
38513.95387004124
38582.164567655826
38586.679878524716
38598.04244329343
38611.8116818818
38622.12908712285
38628.93929029649
38634.64442681981
38646.95231194829
38661.50555514541
38690.12173051212
38698.141163085835
38702.84384014015
38703.228124014306
38708.04281188247
38718.81225684948
38724.93148594351
38733.462290495074
38756.9804105375
38765.86451077958
38785.64959465517
38827.57940460613
38848.07406288617
38865.529565703306
38868.31967939265
38885.020207210786
38886.268634944805
38905.705998456266
38935.42912540867
38952.918687437734
38974.87241209753
38990.45211508371
39041.00225646528
39055.01471266708
39063.55520275501
39089.287948398094
39118.08833440943
39127.52230198142
39137.79235103436
39152.05992062687
39166.376377501685
39167.85150377835
39168.43553791985
39177.32683236767
39179.287608060746
39183.00588330062
39183.42421689848
39185.57363211597
39204.017534848885
39222.47332614401
39241.50797336441
39263.196363173454
39287.732177335965
39315.47430644003
39325.958388178864
39327.05767753197
39333.35602195107
39349.41958687908
39356.56079543497
39360.6170627582
39427.53852689051
39437.42956749413
39457.30421899675
39464.00166435549
39505.415419037454
39539.77851728826
39542.502472003245
39567.34821674173
39608.25958669443
39612.82266947685
39648.22095708506
39662.81915120605
39670.625043916356
39690.716691171874
39695.25665839272
39700.150727291904
39705.93262321142
39727.67474141932
39738.948980145025
39747.91300638005
39761.325741645654
39761.43167887692
39772.305500283284
39792.37471517207
39813.86170266798
39856.09440340399
39887.90253526546
39895.030994502195
39925.07128209207
39950.27462965114
39965.090097412125
39982.69729746737
40024.20303334203
40027.14608396546
40032.82875393946
40064.33278848169
40091.81263276314
40101.32431358241
40150.39153286388
40186.49813668123
40190.03604555134
40191.14713258601
40193.094460307904
40200.79586332569
40212.39969827617
40230.37046613813
40245.73916393384
40260.50415029807
40274.1338553959
40299.035046727855
40329.492899969504
40340.772857509575
40357.85116050024
40397.961333708125
40414.56238935944
40438.65142668877
40445.19244148284
40476.497513779104
40486.05144354047
40552.966518683184
40556.27790212786
40559.56456218398
40581.061175975265
40592.57781673265
40594.48807127356
40608.00127455988
40610.37590881276
40615.317809633816
40647.97159207433
40654.09727915087
40696.16905809347
40709.05631270375
40715.769997037
40718.59894488382
40719.31193214177
40739.5358217105
40747.252885944814
40780.78278713212
40806.258389513256
40811.92832883085
40818.87419696583
40833.29613166963
40863.909050027134
40865.53886133115
40874.411947433415
40879.35714644125
40917.49944032999
40933.34442102832
40933.68916048376
40940.57888918355
40957.276972024316
40962.307342112435
40969.1706935038
41076.60073116033
41080.92234393004
41099.34469674366
41107.49157328016
41115.18632250206
41121.61842272408
41122.98389511462
41127.087568838506
41130.15187261195
41149.31648674023
41161.960576778874
41170.57267523816
41171.579321510275
41172.32632387204
41209.235983783794
41222.19794424913
41240.71716212826
41247.96611779235
41269.846516327154
41281.73061384384
41334.308023686695
41340.330263249205
41386.179451474905
41401.317001461226
41411.27534127626
41419.102118098395
41453.863500572115
41513.928451601445
41576.531995458805
41594.46808161566
41596.67220486569
41622.07413120034
41639.745637576125
41690.05040673193
41740.09199711939
41745.36526494014
41748.20156553477
41751.40596378047
41759.17303645857
41769.24614216572
41773.48099545158
41792.25055148665
41811.475916007956
41849.669937275765
41852.67840625783
41864.380452210455
41872.26146714709
41877.76419550121
41877.93578571373
41886.213368721736
41926.52460207147
41940.2290786993
41994.18543984864
42011.51534650365
42023.30820403551
42024.31740629781
42030.837335551056
42033.50406627039
42035.69042029403
42040.39406975112
42055.09007979579
42071.94673954473
42101.35571164746
42113.36939827511
42118.508996879544
42119.11866900671
42129.3044321205
42179.76093438737
42192.93548411354
42228.086560027084
42241.68961718715
42246.976913456565
42254.86589159842
42262.3896954507
42287.81372732166
42303.04949358979
42324.95394478236
42327.263649282366
42338.745064666306
42352.516649233
42362.72641517013
42374.98783240138
42450.864854789506
42451.29485848387
42471.11735901293
42491.750266574054
42543.95927950309
42565.8223828166
42572.05795248877
42574.127972247996
42579.47585287056
42600.80674585228
42627.5564577067
42629.57612280422
42630.604662841244
42632.29677593281
42638.48912690778
42651.1066704136
42713.8150432352
42750.21766022139
42750.59895384436
42757.48027419253
42805.68024253377
42811.90784249336
42856.969763976216
42858.51666855339
42863.67442622573
42867.791571245434
42889.48675090891
42914.70514701516
42935.53078009857
42977.362308683805
42978.3195696445
42991.96350742498
43013.628276404
43041.44141386942
43042.07554219893
43045.568740104485
43075.30611878784
43077.032987340106
43089.91138965336
43102.265180114155
43103.22015953774
43108.78480531364
43122.26175769416
43133.99231769912
43161.59207939257
43176.40908679245
43193.3847466132
43205.233567727446
43218.888824000554
43244.375172274646
43255.3892642951
43258.412201046114
43262.95034615794
43279.00847726669
43283.06354314785
43294.1507236324
43340.39086408832
43374.229969122745
43409.710686535305
43417.928879454084
43447.41333208068
43495.248856165956
43496.67406350103
43514.25485617793
43550.33552420618
43553.23536658576
43622.17007213622
43642.12632508612
43676.53606036099
43691.79216671215
43710.378539599325
43712.52344848361
43724.789660833965
43729.624745365414
43736.21224854632
43755.34708403511
43762.78439029825
43798.1265689951
43834.453076885424
43847.872591161686
43852.259105271296
43872.13537070334
43885.99432501148
43896.289445102455
43899.59375204426
43929.240996332905
43947.53290004278
43965.29052669412
43971.234850313194
44734.63603933629
44936.14590155668
44999.2346029483
45100.94075958827
45247.2305022815
45720.45575561964
45757.40595827664
45814.934151069
46197.44195014467
46372.995826129096
46962.09901033087
47099.57248027175
47134.47156270781
47869.40100864183
48513.86745390585
48896.93546785561
48944.2198806608
49060.00615714138
49590.810660066585
49626.46160388629
49802.00646566242
49985.14226112176
50191.10683078287
50539.51009013391
50868.21622431314
51140.45431883616
51175.583715376175
51405.51790988066
51736.83061116807
51852.216341568106
51938.33288512755
52076.73108302082
52341.717298061776
52691.83477695692
53040.81878380865
53297.383240046154
53839.66608351343
54215.03996943342
54230.595226586585
54696.00170841594
54860.220649709685
55021.90057137326
55095.25808769414
55585.50010803509
55592.09404426643
55594.28454004589
55595.861570964844
55600.23522774768
55609.66651478522
55610.382227295486
55612.29138765638
55625.74398940679
55625.757480780514
55627.35417331778
55630.502041657695
55635.08925842259
55636.36675532849
55640.55715250388
55643.39682132204
55650.29113489222
55656.38574200055
55660.196191253286
55677.95801266395
55687.38668101611
55694.21673033637
55697.35878743242
55698.58129689653
55703.97044120795
55713.81272245242
55722.61778967491
55727.79643373651
55732.508270660954
55733.48482551118
55737.3606442691
55748.76747609239
55750.5604206307
55755.02560777872
55760.774582965336
55766.57035842282
55770.87931517703
55776.384755436564
55779.74343157946
55782.99600253875
55793.0217448095
55795.811618169835
55797.23535804211
55802.800483410654
55807.67761380481
55808.421310043166
55812.49118971631
55812.594388799014
55828.28914024436
55829.172447588906
55838.259825627705
55838.31890679159
55839.28333050288
55841.476949314354
55847.51981262686
55847.717862501384
55850.220326019335
55876.13067618908
55879.98218140265
55880.549069785884
55883.483607028276
55887.73300285217
55899.2261791702
55899.35181713789
55904.41483336172
55905.99529258937
55906.98253128319
55907.072637174126
55911.082267370926
55912.67941004717
55926.01400427581
55931.3983694404
55932.50655227701
55935.0748919002
55940.25816087499
55949.12566368636
55949.35110919074
55953.73373368051
55959.02453351086
55960.90592767093
55961.2051050937
55964.591149087566
55964.67800929801
55969.07189539927
55978.67700620954
55982.30983138665
55983.44876476257
55983.53128242817
55985.28999510587
55985.87449316528
55995.450355840105
55996.1246807639
55998.22704921316
56003.17178638986
56003.49582718283
56004.55440245178
56009.67577636454
56016.282673129994
56018.194294965535
57366.34933413391
58559.52115818818
58609.66777609549
60410.99620216957
60740.21465582128
60875.91915090088
60996.45779539197
61572.070831868616
61953.164951384046
63081.25168444769
63185.953459964665
63531.022174423335
64507.09077997599
64662.76306198345
64745.326747345425
67910.08056295903
68436.24462151837
69430.64431323926
69727.5061688323
70251.25052395277
71492.38459941394
71918.9077779641
71931.82330014055
72001.11969946593
73206.79173148707
77539.513554465
77586.90469585055
77783.9261595346
79388.24961721197
80872.91344325355
81472.41437594945
82241.5658878999
82400.73640318212
82407.61067702102
82432.05856062961
82443.09988975001
82455.78244813198
82456.09802907926
82463.96617894032
82490.11901513579
82495.54260739236
82496.0627332317
82503.02248627541
82512.24005279754
82518.30081708588
82541.98253231324
82552.77706199569
82569.26318443337
82584.28379558498
82595.60161868962
82596.06024982061
82612.52256403847
82625.36917536861
82628.86379886458
82652.41382252528
82661.4797504235
82669.66507736564
82689.14642887333
82711.07722524641
82739.61528163536
82756.54397371759
82761.32705429793
82777.20449534745
82785.73415428276
82792.94029059977
82819.14467630531
82831.23384423627
82837.05246305745
82837.83809387928
82856.47106321373
82889.28832195808
82925.65736225365
82960.4950149112
82987.48317185111
82994.84726784368
83022.87505726126
83048.40141934702
83049.76431355551
83077.80777909966
83078.89683247817
83084.05450318247
83087.00997474781
83109.83663260548
83135.97311019257
83140.85143937978
83152.98643326444
83165.19447323137
83169.76853554137
83177.10457012316
83182.31201597542
83184.16847626411
83186.0267884816
83189.83665962565
83196.35674054084
83196.65954021417
83207.6691821801
83274.36789638839
83356.25144418092
83359.39610444625
83364.54899877236
83365.95259374424
83368.35864533701
83369.1191330688
83399.75542342858
83425.16873375185
83463.64199116999
83485.12334814819
83494.6116615928
83510.03190878477
83525.35796059253
83534.08810526057
83552.06554237928
83569.35575967068
83582.57287895922
83587.27623729837
83593.22064870574
83621.92931141521
83625.23198097214
83627.63562121057
83634.4933621617
83638.6483311879
83643.85944155847
83653.68919246602
83678.03465038547
83684.74421802889
83717.00551869026
83731.0810500825
83748.3250139688
83753.34186117891
83767.14293169416
83782.82247239478
83792.93015236068
83803.9573342793
83803.96202967648
83817.97909327806
83841.0642626084
83841.3319419067
83952.04739916956
83976.20533856143
83977.72262841825
83983.96340038352
83987.37880710127
83988.55748958081
84032.98444243404
84074.32943034392
84078.04806148866
84097.82811475893
84097.96492630575
84102.81526565674
84111.53579175935
84117.59295295285
84118.68576722818
84128.29372827623
84131.77348997664
84188.01662184556
84239.50031694942
84245.05629302358
84254.8862972367
84260.86301103947
84263.75641163836
84284.17934857131
84285.52443792016
84294.31763162547
84312.23500176053
84323.3560112736
84361.49465657154
84389.78728856424
84401.29163089099
84462.36058905277
84481.19745221398
84501.55962750407
84514.29737491287
84528.94897199211
84540.5080057857
84542.24032512728
84543.75997773424
84557.04879602596
84573.779047454
84617.9644434729
84619.10946984468
84637.91191104725
84640.19396191607
84686.50408957002
84710.95951002535
84730.58268489766
84739.67192380111
84748.48705403559
84785.49849569157
84794.21109529865
84796.62625322695
84821.16625742265
84823.33300196585
84837.57551321606
84879.66901293932
84882.98913039455
84886.26232814172
84888.94839540253
84891.6415243638
84913.99533278795
84923.03683467807
84927.75473758501
84935.65335208872
84944.13241186118
85019.27955736026
85029.79512790678
85066.37754710768
85084.1842468067
85090.49922681412
85114.6388436882
85118.16796718679
85136.85472939732
85144.0404191478
85529.8554823206
85822.37718262115
85882.6462000015
86363.64980039392
86498.15196175502
86570.29619488414
86910.01210675019
87653.34449626344
88012.83115510734
88388.43429010308
88914.28577318972
90187.69429153664
92647.84165434387
92657.97135615435
93997.24741153662
94949.80229388965
95319.1309605047
95337.32941899139
95486.05620651071
95675.44341759129
95874.7496257712
96744.18911374567
96900.52873453798
98019.53974366965
98779.970667782
99220.06292370653
99407.21259637209
100102.8150041118
100257.96706490374
100704.52348454364
101977.48404270662
102279.989229538
102984.11719259941
104119.22903389749
104634.71297879457
105919.50687763296
106461.66123939127
106495.23868378413
107684.43555557722
109046.11440396243
109147.57054272518
109239.56009132657
109765.29233950525
110023.22124002612
110276.53032086103
110835.16852387978
111512.9649252557
112089.69932626335
113485.81413659739
116830.14250875403
117752.77126308196
117781.68277689468
117866.33041338202
117883.52553274721
117893.8499574844
117897.82535967983
117942.96096129694
117990.20691335264
118001.22437570924
118045.54009264818
118052.66099486416
118052.71643929573
118087.85626832748
118097.25904434554
118127.48412314017
118135.12580185651
118151.8800864339
118235.89361943469
118238.6786597237
118252.60021653348
118284.42724567106
118326.81879563382
118330.40535052237
118380.19318337279
118395.11817059774
118399.88231454091
118406.55345088031
118415.43666752613
118419.57698783815
118446.81653949645
118464.59367901171
118481.29440685928
118587.22656013428
118603.98439093961
118608.4608527049
118629.2808762979
118633.90913167056
118646.61058533101
118657.88666630932
118659.6350430734
118663.83984931668
118664.05965072359
118673.2359932784
118688.41245038844
118691.98448366334
118724.16684258514
118754.89152281584
118763.84228125821
118764.96975078405
118772.05567525116
118808.01663413814
118819.50510358094
118827.44704242045
118897.70280255585
118959.1795280965
118961.59689362862
119095.23856244392
119115.80431888114
119128.27657564086
119136.4241934113
119145.37697411126
119154.34562769179
119197.4234679448
119198.95540123343
119222.7150530359
119238.08547185891
119250.34878689397
119280.65466010335
119283.36865477162
119301.0968093431
119393.73354733287
119409.31049195427
119446.26795109629
119448.80751642778
119505.73865098425
119542.6168122974
119565.59514998073
119605.89587657392
119681.69598498398
119708.18159278482
119719.89877034846
119784.60086110781
119876.45515501153
119904.38635088797
119957.60117146437
119980.81905433928
119995.04234041268
120007.59155908861
120061.81800760997
120106.40471797393
120132.40406587571
120173.2141558768
120190.8917642381
120199.644099136
120247.41288645152
120253.30223688969
120284.64844298488
120300.47855794252
120309.39542088722
120309.98467440272
120313.59374142517
120338.71325766499
120350.72115705875
120370.61587739272
120414.59512050373
120461.45637829372
120546.49021274359
120557.04199941788
120571.46303289842
120573.28952861109
120588.87052819417
120674.41074094668
120716.77364505059
120722.18936204497
120726.89400451866
120736.79392353985
120744.18606768435
120766.63332389542
120819.34259152126
120827.98971900137
120829.23091390185
120855.92283721859
120869.00453524015
120880.98777065583
120881.55199039241
120900.61333018859
120922.61560614685
120985.86402211929
120997.69508967585
121002.64577318603
121036.40356949938
121046.99731047169
121087.60462798797
121088.1104211103
121105.91459146337
121154.28098026541
121196.57765070416
121200.75834152811
121205.63413858521
121253.91390854966
121263.46295140352
121266.69175825184
121270.6509024094
121282.36223781788
121363.173282509
121386.92561192528
121459.04912524135
121855.86039342775
122135.69118414304
122229.90864047219
122315.51285288669
122578.48407590369
122683.56014331436
122709.63671067567
123009.5325853469
123097.77964740593
123188.3416986366
123357.57144342313
123478.10743888924
123997.96319715583
124328.23570955168
124344.47720409755
124385.07174301513
124412.89476954873
124431.53773216858
124479.97834169993
124496.34451161322
124512.1253992781
124553.3648717962
124627.19649198823
124637.5935388454
124679.68475182077
124694.90814531341
124712.07993519036
124730.20777225596
124742.81136065756
124753.86799593936
124754.81022946938
124785.94388638483
124786.93218937806
124787.52485425916
124792.68331032687
124811.83596790259
124831.22305486606
124839.9268180164
124856.08642143678
124856.34084750932
124872.09702286276
124957.34378897122
124968.40525212768
124970.84598310913
125028.88631822747
125043.60363235124
125088.58120131234
125089.45806434023
125158.06221374204
125195.12565497347
125235.9172218263
125285.30559270982
125297.40172803147
125313.75251436864
125320.58749239122
125321.84331863944
125391.7529695716
125425.10343838482
125440.22642081803
125522.55179771557
125541.56805254077
125579.83543050515
125591.07473341198
125596.59359619947
125605.56702448001
125621.07566126538
125623.16969092487
125651.28551343114
125670.27243077566
125675.68967155737
125701.89778072078
125713.53886817172
125729.59265629385
125743.9263258717
125757.91167560604
125774.27897257861
125786.76272288614
125802.63034110237
125842.46275488824
125878.60335185607
125900.03822997326
125911.61441181555
125911.84131087275
125920.38259890565
125929.11644062119
125952.23178483394
125969.84910680805
125974.79911430931
125975.07814207968
125999.51498049099
126015.62208627984
126044.40160513921
126055.8914994256
126056.51046818284
126059.39366962643
126087.26690641034
126087.47835631052
126094.24354898758
126095.66083542106
126116.66819937588
126120.12430581248
126160.06509991613
126224.47775505266
126266.97069206499
126279.67700462534
126335.17995869042
126350.468762045
126389.83100598003
126407.3245141987
126419.71317557702
126434.41314089752
126440.57357893142
126449.02390474605
126510.83949966799
126524.65410061923
126556.12184507746
126569.59599561294
126611.90834976078
126637.24663681372
126661.02401311553
126686.72276995967
126693.58375007097
126717.47201358661
126773.06520331634
126781.98297592718
126790.36819042677
126819.597900477
126819.85295791831
126895.53825747265
126907.50336385575
126917.9162330123
126932.59820400702
126934.57234377105
126942.12647198763
126948.80123140951
126979.27320139433
126985.62540566991
126987.15681844421
126990.63333967616
126990.83220725323
127021.34295760619
127048.71377256712
127071.63012563807
127071.70452771103
127077.86037358745
127122.53841960683
127163.66204647503
127172.68148174678
127192.55241493975
127198.4356900184
127217.76081659994
127248.39873100576
127293.88578919615
127301.69677420772
127318.61113410752
127319.33528325966
127348.50653757196
127352.22351133614
127369.67709810732
127373.00765671374
127385.22851214804
127413.3942843295
127415.99037624543
127428.55343851988
127434.81973089284
127447.50465917916
127451.8530738355
127453.18921289855
127467.52670682516
127475.34595595801
127489.81312740644
127507.50480722885
127543.48896813448
127555.90558747537
127570.46593630832
127581.20846111147
127585.85222602959
127614.15960910171
127629.68259557681
127664.03860181087
127665.94232588669
127686.17212413036
127727.23974499934
127731.6828615411
127742.62147607219
127747.96023329522
127781.23018911164
127786.12751876705
127788.66413016591
127803.61723618604
127812.44163072875
127817.56265286102
127825.98148328942
127866.95082220825
127891.23981431808
127903.5144953749
127941.06856082045
127962.8424116484
127967.95237838334
127968.64752975677
127976.75999083137
127979.3932754527
127992.17368941012
128006.90713709916
128034.58027395935
128048.16884204833
128048.27035125426
128061.02712219284
128066.11915630382
128069.07645667013
128106.53858838935
128128.27731084455
128139.80519242035
128198.16544861239
128252.7159956405
128255.43432633983
128285.79764918903
128290.67055376858
128413.23620182826
128494.52597583088
128510.13139244831
128527.57008859878
128539.55197724888
128546.83740895326
128613.58860069173
128642.29090115975
128648.3791480473
128681.66565390573
128692.68725294547
128708.1364589069
128719.65195500488
128731.38770599112
128738.13760658802
128746.8866212724
128771.40528445592
128801.96473622025
128835.24645326994
128865.01547804076
128881.9419733352
128894.37489198006
128901.67810221974
128914.15905439889
128933.30307921808
128940.36976821741
128945.06000942647
128947.78889731462
128983.18302103662
128992.04234063422
129062.39548793717
129074.02455661562
129105.46688285025
129106.53371455793
129120.35865272689
129150.20153912075
129163.95199932066
129204.70296599556
129221.855507613
129231.01902369858
129293.69887347754
129426.59609980829
129478.17494634453
129521.67744251517
129524.41871085938
129527.18486871739
129528.81556597822
129537.37559898815
129550.99056297762
129607.81262981816
129707.29789410357
129721.17942527783
129752.65558911877
129763.26666414659
129768.44496333462
129788.54571343274
129807.27512530421
129834.84242357405
129860.56325703565
129888.32227093884
129898.19814168217
129903.93122016435
129918.3693676996
129922.56908957251
129963.9995682542
129999.42257252288
130007.72892769302
130012.1710568124
130171.34131093766
130193.4462421754
130201.71121575596
130218.78919859146
130236.79545510148
130282.20555401305
130322.27447890484
130335.78792280811
130346.87982119361
130348.47388231981
130354.83007595892
130707.01508832345
131372.7746183155
131605.43416289525
131713.5725337715
131832.5726647242
131868.25347800378
132236.73693336127
132927.28340090052
133421.79426566453
133564.59911702774
133713.08586010968
133902.14877030678
134231.76538403332
134403.63805442996
134632.76571733836
134710.17218547076
134713.21302064398
134792.76311222278
135491.9064583058
135633.37012818255
135703.22351541312
135747.93607930682
135853.5230396366
136258.05152991426
136651.35436724656
136953.02013622946
137055.38189115477
137110.13525515742
137487.77956267376
138655.30654286663
138741.90290879688
139113.48325771757
139197.1408375643
139565.5980172609
140139.29147788373
140360.95850221982
140747.78260172647
141268.45039428578
141503.27404039842
141506.3045414114
141694.4523692197
141781.96177486744
141840.78433776964
141911.84606811046
141978.88141171608
141987.4878627259
141988.49424980977
141988.73160476575
141991.03257525412
141997.26468413544
142002.50472908374
142003.48802888862
142004.15238253723
142005.73774846218
142009.80106718055
142014.84769839863
142019.58478717913
142021.85075072598
142032.05997060184
142032.08307645223
142033.94141964457
142037.4545120845
142045.93109102
142047.475229313
142048.03445670696
142048.13129773855
142048.44469283597
142052.12019822313
142054.68655393983
142067.7801409396
142068.85453866364
142072.6937908101
142077.9954125042
142078.7416955338
142078.92344160352
142082.74816694844
142084.0890349407
142084.95933428165
142088.8186190845
142089.95079436843
142091.40701999352
142095.7375171972
142109.7621984069
142112.56289458458
142112.77362786577
142126.1450568118
142135.05858937037
142136.79129630898
142149.49627984382
142150.15005561008
142152.95539677294
142156.32439779502
142169.08976123473
142174.93566059065
142175.64146912447
142176.04457714356
142181.2155485591
142184.69698777434
142187.2311403401
142197.39069193206
142200.0684687446
142205.8077874289
142209.4021927208
142210.5643020857
142217.32857898294
142223.77903529245
142224.41063928368
142226.53346904478
142227.69646343487
142234.8352455837
142239.36770448028
142243.1560566529
142243.29173070838
142246.46990606753
142249.9064362895
142252.00635214278
142255.36051893616
142257.16187230096
142265.53125962015
142268.55859827588
142281.7860181834
142282.41316628727
142284.116468206
142286.14311133523
142287.34620388562
142288.87116733266
142294.81996424092
142306.67184244908
142307.77101500795
142311.5274089889
142314.4804704492
142316.2913835114
142317.37608431352
142317.83512120435
142324.9819208314
142326.4221467622
142335.28863789697
142335.95175723472
142337.58436264566
142337.726988669
142339.78596407815
142341.94846513166
142342.4095594004
142344.31943581672
142345.7557741467
142349.0204216112
142351.08013315237
142358.29761602156
142359.32432163582
142369.19623817637
142369.88382124284
142370.5670126045
142373.51714504635
142379.44198998128
142380.35553430265
142383.1609525098
142385.2887625663
142385.34846778493
142388.73269622526
142393.68913518847
142399.70421115818
142405.88170788522
142405.95216877505
142406.13511053778
142408.43427047378
142413.1434273803
142415.75325061384
144132.4522325942
144215.2957698265
145214.1209062494
146314.1221194914
146455.4149792169
147874.41446299723
148472.949814741
148842.39520535388
149233.7988752305
149924.00662969344
150266.39593945604
154354.0072702294
155624.42608820653
156869.99552682895
157034.78732711368
157772.6935234907
159904.4331142388
161474.9976012557
162330.41586525354
164280.63757380654
166140.72214430917
167210.02454630705
167968.40936039263
168225.8681616184
168780.30790565428
168821.9253601145
168851.9531289204
168858.86061085016
168864.82168940717
168921.25957333314
168926.20402602555
168928.04772322916
168930.46195961293
168931.3229069395
168932.5940397648
168972.2464188706
168985.01706814696
168985.1768713853
168999.40856573003
169008.4164097669
169027.25301020767
169032.39646771603
169045.94391105842
169049.0323189005
169084.7731281623
169113.63236617725
169116.0574715645
169116.15180596063
169130.30969405267
169146.5248979312
169172.72170319504
169178.96620006976
169182.37317478217
169231.75762140844
169245.52737766923
169251.49274732682
169268.48844336817
169269.96334088207
169296.84353538812
169324.8970970041
169359.65946258715
169396.74423038706
169400.12225309716
169414.97716960782
169457.81910195458
169472.43948347404
169506.64690399484
169510.67458119232
169555.51825043646
169577.15033857335
169579.32363279967
169582.368496507
169605.78855664664
169682.006884328
169684.94463672617
169685.9339115463
169705.43200375992
169746.94290419377
169750.09531478892
169754.55251413194
169794.06798681495
169851.1591538179
169858.6297430791
169882.86184331507
169941.71293486154
169970.00411488814
169988.30178968975
169994.61549736172
170018.89149975101
170021.76722404372
170035.747461562
170043.1132154844
170061.97316315744
170066.60299835127
170096.29379383274
170101.82898994576
170106.26799432182
170140.89931438636
170154.2254889708
170159.1982160012
170180.6927678836
170183.8448815375
170186.92278186034
170199.2077451251
170199.82524556457
170203.00926721963
170211.43186025825
170215.26004247848
170217.70451770004
170253.2883971671
170273.7433565508
170289.22284400882
170291.48888234474
170297.1727876627
170352.56177427908
170358.34850509744
170374.96260834203
170382.02900943175
170392.65199714672
170415.31755563652
170433.52427434805
170445.46714368855
170461.57959999272
170489.57077406166
170492.0151633636
170498.59139829705
170504.4295020708
170521.15009133186
170525.33977806248
170527.3906405798
170535.05668491247
170539.53880386197
170565.32931950197
170591.67411999707
170608.91279045248
170642.5381609693
170664.50506529177
170665.43775144807
170669.73274268722
170716.49337012204
170725.46073253852
170725.52529128105
170731.19906475977
170739.37869114772
170766.5209593805
170774.89112965652
170802.09045741154
170808.57333312585
170837.9665451359
170838.02876056585
170842.83319080342
170894.83691881504
170907.9282908753
170908.58622106735
170944.74766088015
170945.70462322264
171000.7745845793
171082.60455561886
171170.2766459275
171216.83250373794
171238.72360353987
171239.567278812
171250.68335723583
171265.75321281122
171265.7950250237
171266.29408088632
171278.57590329886
171315.5402925759
171316.54864416405
171364.13576957746
171373.8961015284
171395.85613036933
171422.3467837929
171425.55451845564
171436.85927216982
171443.31373724955
171465.93577303144
171466.86805436196
171467.39554999472
171473.89903796953
171474.37687991513
171479.31139337254
171487.13258263748
171494.75728615004
171506.7191701679
171509.42179942835
171527.074639327
171528.0756675966
171538.39478067253
172153.08266523134
173344.6158562748
174046.92456542698
174394.25521881424
174901.75067531405
174969.3123126871
175906.0742693607
176485.646846446
177255.51162635957
177811.1899982914
177906.1430717028
178322.0813261577
178418.93699034772
178591.8089076176
178896.2935682565
179430.9050606819
180081.50092955667
180232.48191566067
180460.2892855131
181359.96832128332
183280.01951662241
183500.66690065543
183606.02805218834
185510.33958554376
186426.2094301611
186737.4762919147
187181.12999821035
187951.16973327356
188076.80535232497
189033.96736216723
190441.80917843097
191446.80125538353
191448.2608619386
191855.77297489997
192558.27656140737
193209.64302029507
193248.95937693998
194058.90803352805
194825.44743636233
195243.2574372196
195828.5204725347
198360.43157120864
198432.55744522458
198873.2904906124
199237.27240078323
200739.3365294197
201135.32015510954
201153.21572257372
201274.302751147
201300.00945409862
201310.8151562406
201407.524047303
201580.7704578205
201685.13855483255
203643.79358992088
204150.78623124043
204160.6321644722
204164.59933397986
204184.34097215618
204216.19174501774
204248.88308079404
204398.0478625717
204452.14747463848
204462.8343874237
204468.8018587797
204470.93202839512
204498.5798878976
204512.79220793623
204516.3680028992
204517.28733387362
204519.55904550996
204538.94497535907
204541.26384205307
204542.34870926637
204545.85669855727
204559.08616773822
204562.37603854015
204599.88509745535
204649.1480638262
204661.56117156285
204667.0041757094
204670.5339378134
204676.6570101941
204677.7064625363
204689.926875897
204705.55952172587
204713.6590679923
204715.44100275612
204720.35803286603
204753.58400511663
204761.3758636278
204805.48538572132
204835.51712807006
204859.27066060356
204868.21766811772
204893.02691495544
204918.17693533914
204921.20636111504
204921.36899447776
204931.0885203608
204935.71425918426
205025.9315302699
205026.75210318208
205094.40232203194
205123.5541767069
205158.7127383276
205179.3894976436
205187.2756495684
205198.8548965334
205199.1663915165
205202.27941759984
205234.05682381158
205234.46355629028
205236.3013231058
205258.40929133593
205266.46425099016
205327.4180609542
205338.93336632583
205339.62425521057
205377.236494426
205397.83638795328
205409.16693698918
205422.42140758625
205430.39289251756
205439.2974766855
205443.2756549726
205463.1882089458
205467.05710958512
205492.68233475593
205561.67210471188
205657.2893726196
205674.5778102415
205681.9349734995
205694.59092908815
205759.08302669597
205759.82464638771
205761.7165095023
205788.20008429114
205807.81331021286
205841.9332642738
205854.57921866263
205914.73871028
205919.68762273685
205938.56247469096
205991.96404919098
205995.8307985905
205996.9474648269
206061.17972420203
206066.77175428183
206087.30320591852
206103.85455768125
206149.4793362156
206168.73716857552
206193.01994841066
206224.81958139557
206262.78364534606
206268.53765984517
206289.8854312999
206302.1889959282
206326.543657549
206345.0251109802
206346.55024833797
206349.39442030515
206373.45372494124
206409.02266881824
206424.12417938566
206457.817251565
206466.18169616
206488.5664722789
206492.25460799615
206500.88160713628
206535.10049699593
206555.7325821299
206561.35753075985
206567.68927531247
206697.26806523398
206745.51404289002
206749.48521429635
206762.71603416593
206766.03333916896
206768.27796913605
206857.664460202
206898.89730019565
206915.145017313
206922.70966908976
206961.8987535343
206971.49609147976
206978.02632133022
206985.0368960754
207016.63510091114
207016.71494546568
207022.5908585681
207027.5980821468
207032.51681217266
207056.56264731413
207099.07847886317
207144.2215913489
207154.16652475175
207157.5062859287
207163.5234974214
207164.22847294458
207164.27459792775
207195.9004021602
207223.30730073902
207223.8373389659
207224.62692741625
207231.90754502008
207273.4622108733
207292.41293954325
207305.05860385933
207335.039957903
207405.7916872191
207442.13480317622
207470.94742653208
207495.1907091177
207499.1152757393
207583.10163056455
207623.2074970628
207635.65015056217
207637.96350377618
207654.51396443043
207662.55607784996
207666.28655133455
208126.94327415782
208156.46473749136
208536.2594615274
208714.13104246595
209402.7075282294
209434.05552710584
209596.22365330392
209871.62346027963
210369.21972851665
210469.6459283154
210576.98768299536
210580.6789860765
210685.17135248857
210704.23006121337
210720.45773204198
210753.51803915223
210759.79963375308
210788.54118165275
210794.3608165493
210797.67525610293
210879.9991201387
210890.42796204155
210911.83790488276
210915.00699914512
210937.22537444322
210938.8438863543
210940.70395850873
210981.08852406894
210983.71070425486
211030.39432489144
211039.5505441002
211068.45406351733
211072.65845144092
211088.5493419636
211150.71853918477
211162.7552325348
211181.97847427783
211195.8976314954
211203.41728815672
211203.7089968765
211257.097036851
211284.14190589442
211386.20784953702
211421.73254475626
211426.62658325737
211426.8958394117
211434.81837143237
211450.46323325636
211535.36768843053
211540.4054910797
211574.4685760359
211582.59904515746
211618.58931462653
211639.1484560952
211645.06507788156
211647.433135593
211671.8636230958
211684.83049070335
211723.15512987433
211723.89396927194
211738.72927231443
211739.1117637756
211759.3714500562
211762.47117234732
211770.02612409712
211806.27873846333
211808.53290538903
211825.1264822078
211863.83386730572
211877.8079942047
211883.9344506769
211886.58155861226
211898.10437087878
211928.19002334093
211947.4780687086
212008.89228841383
212010.0095089852
212010.8726633615
212066.14339973463
212073.92977090224
212082.56760076436
212101.77687747567
212142.5569817192
212149.3474288749
212190.24904833964
212203.91221826492
212220.35174067545
212260.88254581008
212273.29647876814
212303.7562792004
212363.99460566937
212387.4473422917
212404.85998515555
212468.99991177244
212476.6241107667
212511.0422619611
212546.84841676918
212552.8308451374
212555.8732463107
212563.59008721443
212572.5380302419
212584.3394445359
212632.259308532
212685.3050782058
212691.45680230393
212745.7820098936
212780.23092888528
212781.70115654444
212785.45210982088
212794.76877366766
212815.62325943913
212827.42173449043
212846.32361730293
212847.915463222
212886.40103036808
212889.2204972782
212940.63876388627
212954.8358458684
212957.4872684066
212980.9356266835
213000.52863728083
213011.8444495707
213019.15098549088
213045.46543484798
213054.997735409
213083.15883505216
213106.80709662708
213124.74746894435
213152.69756813438
213203.8628223221
213230.58598332162
213239.91816548866
213241.79348308145
213242.482973072
213271.2905836367
213289.7097809847
213342.8572082439
213351.6041396742
213414.39660254857
213426.85259899273
213456.5733276924
213481.33084925523
213500.32881876716
213519.04792086265
213537.4201791702
213580.44179068867
213644.48213089365
213645.62000699074
213667.9347902077
213697.62556228164
213717.71804751217
213761.48431096418
213762.85454603922
213765.1559038242
213818.2009023421
213826.30777117697
213841.02948792375
213873.0694132966
213920.2464139092
213954.91438668396
213977.4654184443
213984.36483087603
214000.03751310334
214005.77100378467
214008.03374195175
214011.8228635051
214020.92490353895
214023.77934586504
214026.49010676632
214041.39228955063
214048.05037114857
214055.58094233918
214058.22708740234
214058.6548865044
214102.12389646503
214129.73075192628
214129.8702196554
214139.0266337528
214163.52950082038
214183.30845664366
214201.06642651127
214214.6883314869
214229.36934747332
214276.63399766962
214297.4733650071
214337.82474246234
214350.46483202052
214359.555474177
214363.040841526
214365.0970572477
214378.81094085996
214384.524642281
214413.34803158522
214423.2471967191
214435.9813670116
214443.20573985658
214501.46001896483
214542.6761088188
214555.71275985544
214557.73274655227
214597.07132205355
214597.99765325495
214617.97041081815
214623.02930281547
214626.31604442882
214633.8738951692
214635.79731093242
214653.15255775035
214658.35530762523
214664.89379664167
214671.54239879013
214688.44572132413
214715.89920021992
214720.241429717
214733.22333494603
214738.8156858505
214750.61130536487
214776.0467923819
214784.6470682383
214784.90826352825
214788.04386002824
214834.79218396498
214875.61182061298
214885.16732705955
214891.62959178176
214896.76029158258
214909.37202734547
214931.439116804
214972.18337433226
215006.56093728208
215009.78305895737
215034.06784085167
215036.7437802577
215081.17004154873
215091.77073216296
215097.07707831706
215099.74591374098
215107.95849276235
215133.78710138757
215159.13230094797
215176.4932222524
215185.0828952302
215189.1935321173
215236.42355128512
215242.05799693736
215256.78443608858
215260.40154563598
215264.17751884006
215285.85116456499
215286.60241163615
215339.50134778977
215411.35204634542
215482.43105248545
215521.65426901152
215526.16618442623
215553.13637932207
215553.5141481815
215598.51680720248
215603.20941805822
215619.69197672914
215620.0542865817
215631.23572441717
215662.59913954808
215675.04204201163
215690.339826868
215701.13288402982
215704.84498623956
215711.27341814872
215715.2722841811
215724.05094390508
215725.54117690463
215745.50429349445
215748.02024108788
215748.33917075497
215779.48418044206
215787.48580887492
215816.59454795512
215819.54215553447
215830.2024048619
215833.32293294178
215870.7012548175
215872.6353955185
215879.9041001627
215887.598900312
215909.09844913025
215915.8975379324
215959.92116461872
215960.55664624146
215965.48828085363
215966.28160860072
215978.2739509201
215997.25326131145
215998.75412122207
216036.0883534926
216055.56479436508
216059.46943549707
216059.50139841536
216069.06550769508
216072.73915918893
216081.33251606228
216115.72492224985
216123.40675470268
216145.57908725107
216158.5429637553
216177.12850877488
216185.6772290208
216201.28783087508
216207.98522664869
216209.80137869378
216235.70500747717
216252.03210227768
216267.61653522935
216315.01220778175
216332.1310161049
216335.12474910205
216353.9182660157
216357.4496732694
216366.38774334462
216401.88154533508
216435.99119252985
216443.5620927213
216459.62143831118
216490.31606134344
216497.38639352703
216556.90876047264
216585.03350848658
216650.82486866094
216655.71348979615
216694.42453392
216713.3437595342
216732.50599220785
216734.2874655481
216741.16906269133
216771.87755623687
216854.93479405198
216874.74321602407
216951.5339998404
216977.88607582258
217085.4096552232
217099.4032526718
217326.17213931112
217334.19937670877
217579.00829034453
217615.49608653976
218100.91416860223
218165.52313445174
218421.35998869408
218480.7962543891
218712.86776133958
218737.85585033495
218901.23195953103
219162.7267146219
219429.11810684935
219591.10146183177
220161.76582066974
220497.13931191742
220558.7923178166
220595.5445899419
220976.46597366798
221150.8121782006
221242.08476293567
221382.048780525
221809.90624540247
221811.36366837364
221970.74776778655
221980.10489300155
222011.25987616228
222261.80270154864
222348.3431659519
222457.84668157581
222463.50807950957
222874.84251709987
223220.56370628878
223280.5227904963
223387.59962554005
223751.9146872465
223950.2669156099
224091.3956728257
224569.97778219183
224694.93129490348
224808.35719255873
225070.1911004944
225197.0031419942
225209.85904237587
225471.1859023007
225498.26704540156
225884.88288121813
226257.58077709563
226570.72910296952
226615.16563476785
226793.7193427249
227010.62781652398
227068.5038230174
227553.89852734638
227924.3286620173
228346.3516468365
228390.92704977395
228393.43509065502
228397.1916633491
228406.4827609464
228417.07327258532
228420.67055516818
228424.88851835893
228425.60301039735
228427.4647684905
228428.41826317477
228432.08409397636
228433.88329841392
228437.27504580116
228450.41334642732
228458.9936355873
228465.1243067419
228471.04754848065
228472.63489082892
228480.79390181956
228482.21038441907
228485.33608907126
228487.67225394136
228489.21590440086
228490.53069064784
228494.01977301788
228499.86422084193
228507.63291339777
228510.98445517404
228513.73520334897
228513.7373470836
228519.06968148393
228524.8850130941
228533.34410975783
228538.77551726712
228539.6810777569
228542.79285369912
228544.51848547475
228546.37626221398
228548.0132328384
228551.6413740929
228558.41675699555
228562.4576512095
228563.03930221475
228567.79264491118
228576.279665211
228580.56086953986
228592.10901033005
228596.8192024154
228598.5114787027
228600.40839735384
228605.86905207112
228611.9719472781
228612.7433611014
228613.71995457372
228616.2672620332
228617.0447200965
228617.77146780898
228634.97657623782
228638.2335394742
228644.40276740026
228650.8088965417
228656.49815161692
228659.9384727683
228669.60030556226
228672.35008515007
228673.32102511651
228682.2737682573
228688.17686185372
228689.64239758032
228690.26782591504
228691.19125321473
228695.52933207847
228696.21857768347
228696.87835324593
228711.6300094877
228714.00279865402
228716.52982518612
228722.07221917246
228725.88202275813
228726.58626052464
228729.78096628844
228733.7229585944
228736.0348827243
228746.54728858246
228747.60612256505
228753.5352967304
228755.5369930964
228756.59066739783
228756.9613763309
228761.5223372192
228766.0974968583
228775.0838805377
228778.2461426933
228781.47280593181
228783.95737330566
228784.78652974404
228787.6134110539
228791.69609873692
228798.45002693284
228798.60588743028
228802.11789110352
228805.35476569654
228811.47100939965
228813.75456764334
228816.27033064322
228816.42433431285
228832.80822228343
231070.5007471182
231927.0750658703
233827.864803611
234968.09004805255
234972.62688769534
236166.23738770545
236170.85462792413
236804.0378047257
236977.34286727954
237929.16901783668
238714.4211164105
240365.040721673
240449.17370867962
240727.136817762
241928.0540572212
242206.34835603158
243055.78382365344
243308.46492792238
246513.32226547145
247113.62888347812
247778.2612858726
248018.2400171725
249533.40073826717
251377.91278462345
253628.02385337654
255176.94610200758
255186.10915012026
255203.15220908794
255276.16759370617
255286.14975107252
255289.08405556882
255309.52024327224
255313.83839650458
255328.59211187682
255391.26324687595
255398.90430388655
255409.82439089823
255432.63716726415
255445.82011787305
255456.24315766693
255464.9585506293
255470.93821535909
255492.21150527423
255500.3848416779
255514.17017994175
255545.43399466632
255556.90008946488
255560.3910434628
255611.39653794776
255616.7039530145
255675.35479309334
255682.12670712528
255693.3009526498
255695.69914259488
255696.16484594985
255701.98223309396
255713.53145876818
255728.3505780361
255736.8068836855
255743.3242152427
255798.0905459554
255799.44817044685
255801.60829001636
255849.08475772117
255852.78320933582
255858.43999928946
255869.7287966614
255891.7170335013
255899.1657874736
255903.05808571214
255914.70529234357
255924.71082674863
255978.65783316287
255978.77193822013
255985.87516591122
256036.4045918032
256059.51972005988
256069.7711032491
256092.5529718403
256097.72596436978
256098.6036168396
256111.26085934642
256122.06051141233
256160.786851532
256172.84192980616
256212.6648033653
256234.66436090448
256266.49410561332
256311.29768559785
256325.1314671271
256349.8762142747
256357.8726235206
256362.51410386187
256380.3118334441
256390.6348549715
256421.4397939646
256427.37642409265
256442.43049796863
256452.85742872086
256463.78267976886
256469.87562246068
256481.11720413074
256491.15456021792
256498.01122040174
256511.95156792284
256531.44006275252
256552.3478578154
256591.39144796957
256596.33165112045
256615.73933039577
256634.7420398938
256649.52811030956
256653.82851140416
256680.59187826558
256703.010258417
256726.8264641377
256752.97786419396
256763.25800580237
256791.0812794505
256806.7873099129
256852.58773275395
256880.96288938215
256894.80069945048
256898.74846096407
256901.40066695394
256904.22674882342
256910.19954981175
256915.35613058635
256949.43502905016
256959.19362344776
256978.1515996699
256987.14430162808
256987.9098759609
257014.5481307514
257034.11026542852
257037.17678170817
257096.99829489604
257104.2071967941
257104.80118683988
257201.682631405
257226.8910324457
257228.00508939626
257230.17744112283
257283.9737199605
257284.75338083957
257311.65622795606
257358.76753530628
257358.87423344573
257376.037019404
257390.23222878092
257445.1496993084
257506.90429214714
257568.09041708236
257578.50422075632
257579.61032224377
257620.5213554099
257644.1354375602
257649.7419337075
257654.91423937608
257708.68990309484
257712.0563848769
257714.38557382085
257718.4278184571
257728.61419887526
257734.02245280665
257737.0218175738
257758.73166926563
257769.9501336997
257793.84340535128
257798.1873297452
257800.4557673564
257877.11521700886
257886.13779685996
257940.34932120555
257944.80722239605
258850.48895522195
