121.63939560743124
161.71621963440086
186.70839360187728
261.79662952322485
275.750790109744
284.67392242417117
356.4562588517102
399.57545947874377
492.344740381138
494.2128310711787
496.16459343961697
506.71913209150125
526.4441175890603
664.5653837363213
1030.6330112496255
1193.940296051682
1262.047979354086
1276.030490278667
1354.6925248381267
1358.754440343027
1372.2947857960812
1403.4921564948643
1438.4903850554592
1444.4475887744977
1453.8187716567797
1544.3697110318703
1599.2309390239668
1623.3165941524153
1631.7351765262677
1632.135623087238
1673.7506142708355
1713.3226488726418
1732.3814195814975
1735.058138608067
1786.5531023752048
1813.3219841305108
1813.4767139831317
1820.8079657718627
1822.6242205259955
1824.0788142371764
1840.0837843722377
1841.4656523477445
1858.1794865808301
1864.9599731495161
1875.504955557175
1880.29607138384
1880.6454502133806
1919.1819721172376
1952.0827767192307
1954.943531094862
1986.702014370802
2081.0266977854762
2141.5349776718754
2143.6265094049213
2153.0878144217877
2188.2428317888102
2192.7402242263074
2222.076830104766
2224.292002372037
2279.549753801573
2302.552398821028
2408.7318015422575
2427.7805228699926
2432.2585108141184
2433.2078077304245
2435.031012984337
2452.4085666520973
2480.4609077785935
2529.728177491065
2555.377906414153
2560.739038311348
2623.195599291625
2631.162915531067
2716.465879431228
2790.493558523125
2829.410642557419
2850.819126946599
3158.0655699372987
3194.4290757222393
3293.1405504553322
3330.7750631428858
3373.1297524947718
3376.168781918154
3393.172795807043
3521.9485699352786
3523.9125057105953
3561.69118328186
3605.642383656819
3666.2401551985317
3736.886167473572
3736.9376597617393
3832.989470564789
3913.343640804925
3934.3720672457603
4015.635269007179
4052.73594755965
4152.58712415716
4212.205025556976
4219.423403128359
4265.456493952943
4296.994158976935
4362.743254583264
4414.106705287368
4516.378473707239
4528.136693665175
4534.686392949999
4572.479072801691
4613.623467068521
4623.455338848077
4675.45784530401
4698.556971806602
4863.106445386532
5013.355456274874
5043.351128433416
5169.108122319776
5175.586321837496
5314.717524454356
5317.933427116172
5529.4261176226
5535.217800944011
5566.403714712738
5677.47231837107
5752.752106733436
5764.027130958642
5836.611051089205
5847.214637443143
5926.5317898929125
5954.168280193637
5954.361890843016
6015.188530632815
6131.276689564861
6254.746056516293
6261.118372706557
6414.4948913591215
6451.478732637401
6484.564239866698
6510.109487190675
6523.995165017991
6563.0874051764395
6606.637690982396
6629.704706090021
6630.99298958779
6642.56815904609
6674.44486531012
6679.299244576853
6683.807950170879
6696.971218867689
6705.06074630982
6824.436168269513
6826.1892254582335
6830.024316693526
6872.499468949122
6960.906629918627
6964.106305442404
7004.136345412009
7017.021749349159
7040.553821710191
7107.218532964957
7177.712004922286
7177.85159656887
7212.685315619648
7424.653684024465
7475.033643041595
7633.668664979462
7637.6575337866925
7662.075509684997
7670.856311322707
7828.895731765015
7834.388574410797
7982.422628981462
7995.21627481112
8045.443186244413
8051.7385040388535
8066.510497613352
8155.499674759401
8159.500501830592
8206.900496420987
8209.021348281238
8258.812642728191
8261.863742025067
8381.59158737121
8406.610910785343
8416.19757961804
8534.705801810598
8633.818508178438
8644.711664301383
8647.48928000083
8698.441072310605
8749.617422598196
8796.81114416813
9038.548501529818
9061.46617801299
9074.70975784488
9082.689763631139
9221.728277650229
9250.810929699786
9253.841025294409
9279.86667810376
9304.732724116639
9332.815170969863
9345.366438949188
9387.492369255146
9399.268677763075
9418.31530960413
9465.954477221809
9517.628672996698
9555.104862773711
9683.386099887595
9701.249080985257
9797.642655273228
9837.40451616444
9850.298177626093
9930.947896185493
9974.270938162137
10005.49303836994
10037.000859510343
10183.396673792231
10211.895998322238
10275.357194919428
10284.524444500352
10358.656631238822
10439.662850933923
10454.007824465169
10477.357984877952
10851.010762273427
11412.124075671813
11523.020941823746
11582.78301350925
11621.487067866652
11989.130502883729
12196.852001233456
12339.989639702804
13410.014459798856
13563.226873324375
13705.08477434924
13878.069460418657
14128.032361929161
14935.61137531854
15246.722339895088
15517.845104799766
16053.389898886415
16473.899072142183
16577.384453007453
17117.542580947567
17305.951585984785
17719.0270603761
17763.908447158996
17853.59689073355
18022.14364785043
18051.922079237018
18822.866423539457
18958.397590013225
18992.907806706502
19051.715924104643
19383.082199632245
21702.962540480596
22011.503362716878
22041.922933069967
22297.708618194156
22425.501731228607
22983.328923164343
23098.596837893623
23108.825712987702
23687.960335373875
24198.5461956344
24892.424148220805
24899.28466937751
25193.335155734992
26164.264290680774
26273.96759859511
26274.53673445013
26708.447532913655
26718.3253330083
27707.33043894838
27768.99704593919
27842.10939759162
28008.72092215701
28405.235089289192
28822.438769849836
29044.50613606976
29452.187197216266
29684.97716522205
30544.355646935852
30823.479627714518
31611.634385534788
31958.924504964933
32015.37326065273
32953.46707996092
33068.380554199175
33129.76504326796
33227.512871569226
33573.41518024813
34383.53811440433
34498.288501163464
34554.08837284588
35096.53141844829
35392.95293813291
36679.8764769267
37400.38973987145
38141.48380289134
38270.216325533955
38523.351059498396
38943.346802804204
39019.91140167555
39152.346558729645
39289.296365935006
39413.06434167344
39854.51262406973
39859.259178829874
39938.16317310201
40006.11500602282
40352.232849678185
40617.43730926941
40763.60904804129
41014.71196885814
41022.41785659784
41159.9437964095
42044.19376794084
42047.151968516955
42088.87276419381
42137.50132071852
42151.68202077385
42156.97734201203
42173.09154071993
42174.29466516848
42176.41652449867
42176.77748986553
42188.52189423958
42202.50366981752
42222.50464886461
42270.60846782156
42275.958340844576
42278.22510679941
42287.442123233326
42301.309277795095
42309.68689405543
42316.67900299772
42335.28998996257
42376.08852026258
42381.460701444434
42383.09216948166
42405.97100107867
42434.13622186189
42471.373413292225
42493.492473249506
42510.61641924181
42575.868331299964
42602.66303919968
42604.504996074815
42645.23804944734
42653.485775040914
42686.237289129895
42706.59781932629
42749.23298454052
42787.80686929576
42815.22750344387
42826.40806297572
42856.27655775306
42859.33170513284
42956.85562969777
42994.45535513382
43101.586262745805
43104.632192499594
43149.31342269573
43155.676926823384
43170.27696538302
43183.496911222755
43275.38350547144
43303.6053282216
43315.45684545967
43354.40322635871
43445.69048739416
43478.8068217362
43631.685457045656
43641.13852680971
43647.739249174614
43655.153989953076
43677.224438944344
43694.00168708323
43697.154486505075
43713.07104565611
43715.31416097833
43738.34166523202
43760.61975899793
43769.45480386846
43773.1063464298
43790.21717797345
43813.601164291154
43886.29169858341
43896.440482201775
43911.40862590223
43915.82297962638
43932.356560385364
43949.62742962163
43981.654710126655
44035.43341576116
44038.68078874769
44041.90834450965
44047.41655217249
44058.12058498372
44059.441160653216
44062.2325899214
44103.75656473175
44118.92304718478
44121.758064530695
44123.07624732696
44155.25003623797
44234.234648686754
44260.92893943207
44328.06615591426
44343.50101639806
44369.6779278155
44408.90586279689
44416.49360972893
44434.31891439296
44436.05941169936
44459.38078618892
44476.84973613756
44497.067892578096
44505.530999286566
44509.378831716465
44517.981274382364
44544.138566068905
44560.193997358314
44986.002053206794
45103.17692407635
45437.481535364204
45571.48385110216
45739.76150286693
46060.11049957654
46120.43656187764
46276.737561807386
46328.00028960751
46452.01625690482
46571.76958516067
46600.98000039353
46710.74465744713
46835.93959589569
46988.37648758572
47357.3599476195
47374.25054079716
47510.75698675785
47534.15554042463
47647.87126480948
47675.24408645485
47769.07040452819
47982.76112214039
48131.25266168172
48441.42862977081
48445.670868483176
48557.020241849576
48568.75567783955
48588.098078529285
48749.78125452464
49160.373265885515
49161.24246205514
49170.500960045385
49266.36556354056
49268.70855625272
49272.216659865415
49341.83345273866
49367.38573247616
49580.433247950816
49615.46430700908
49711.30793095881
49793.698792322226
49861.21602061323
49955.318702358396
49988.01431418731
50048.60606838048
50124.37899583287
50340.65469538299
50396.61917382174
50399.1896164782
50460.19891870954
50534.159210532416
50601.73364406442
50645.73127610427
50649.35593902444
50767.22279206952
51002.13082418676
51046.75023440067
51175.981749219
51274.192806029234
51275.73577793564
51556.55786019854
51557.653901366386
51799.40624581783
51943.885712987445
51960.17778835658
52051.291038653304
52055.11609658158
52089.19400914167
52603.09171307632
52625.282451102816
52630.741138266785
52655.72438767485
52674.11090349665
52710.90673711488
52726.61547441196
52765.04559601816
52825.0012520066
52873.12226512931
52874.97411087622
53030.233245380856
53099.026702414085
53141.8121934286
53142.12323482596
53164.60135427886
53514.64012439074
53527.73651741791
53661.70227323161
53681.40702794502
53892.44033288204
54150.64899290203
54213.90207106469
54509.32872036595
54811.10040831706
55247.37739165071
55536.36887001685
56141.77161841399
56881.5562704652
56973.66673169164
57082.87468936407
57707.621368745335
57834.40672540545
58020.40199902138
58167.093372278774
58250.00869020362
59240.67703882978
59271.399009787834
59510.3729986182
59720.26852903066
60282.645027222316
60988.68040843016
61580.60989653563
61782.98443817433
61846.8044458978
62449.1619955988
62453.00499552392
63548.16722296084
63971.497249558146
65585.79830272227
66798.7378109107
66851.92308546006
66869.73369747082
66932.59024747682
66942.97505937652
66952.115176974
66969.48401631053
67010.58543025618
67016.68690305424
67042.98873565743
67055.98732973982
67075.61847997656
67095.76031631781
67146.8591174272
67158.26813091966
67194.68277823585
67309.70322799553
67385.21801369172
67414.23620899739
67416.17439595255
67457.55221159951
67491.9357861838
67517.09985410768
67522.82836626701
67525.28986500675
67526.48733982482
67667.14657144606
67670.35125669879
67716.2682402288
67757.90507600326
67780.98034504167
67787.32741385567
67808.5552799979
67822.34821736983
67828.72582972892
67836.86191538213
67844.1502682335
67873.95689031541
67899.59178507369
67923.35662246529
67933.00676483712
67939.85693998009
67950.66022325066
67979.78854282777
68013.51675451774
68023.78656711364
68059.45191958267
68077.91286655092
68153.4059962042
68171.87442425985
68186.10271156048
68222.04425677226
68274.72311314507
68275.53272058915
68275.69246671461
68282.62720948817
68283.40439446304
68289.8765558471
68317.48724983414
68398.4451448149
68412.95925698373
68415.79161936074
68418.54107803295
68426.01337125286
68427.30582806708
68428.67604444995
68458.35774600405
68479.35648674454
68480.9533442825
68497.23019069858
68515.80642389345
68546.78036113354
68569.99215345875
68570.66921639694
68635.49928856632
68702.07911845656
68745.98604068515
68794.46309004919
68814.59186502942
68892.92209809199
68896.36488266879
68898.08246616944
68926.07419666235
68950.18033757192
69006.30957270497
69062.26995328165
69307.01718995173
69316.18256402259
69424.7930504475
69447.91099471612
69449.7697449105
69558.17813664894
69590.92616454497
69620.85733403782
69623.56514165229
69631.13787943193
69684.56579496908
69718.13096824414
69730.46476614496
69742.17236279882
69767.93313618551
69781.79454615068
69816.80471885286
69979.57274195473
70014.3559458638
70203.61756207106
70387.0814322338
70499.99465778084
70564.81338438022
70679.50763988795
71171.83078585824
71300.00263466225
71542.83446278352
71861.52212800409
71862.93637774348
72083.47419678394
72127.00671904454
72188.9001455502
72282.17467763142
72286.89691884234
72299.85868041743
72654.88416830031
72672.40075994788
72726.00294860077
72771.66566234978
72785.40159444911
72811.59499783216
73318.67885855013
73802.37431871297
73874.05763279661
73898.03225268678
74173.74926012407
74287.21194529382
74287.37559955918
74358.60500950764
74359.37626022013
74666.07869349667
74700.239488187
75230.22262695701
75351.52409763937
75392.03620125935
75417.18414124617
75425.01313002888
75498.56987584796
75516.52026005615
75535.85275914606
75564.62359893028
75666.00342056416
75679.87933780965
75722.16011462414
75724.48956512193
75752.29875705944
75866.64295758962
75889.1168776482
75897.48571637322
75959.4603773091
75986.86539298465
76032.5641832937
76115.40610841053
76130.7006060426
76131.19237353042
76285.72368689241
76292.79568440579
76337.80007680324
76341.70258011419
76414.20102477519
76417.89407443216
76421.6028279049
76428.74905092607
76637.87310552644
76726.28642278048
76761.07747440439
76770.83035338458
76837.07212795297
76896.72759716822
76901.99852352394
76988.17779470707
76989.21158885106
77091.20983906
77092.85981679613
77115.66097294213
77155.644930269
77184.14804797493
77190.87573935375
77200.36536458404
77299.28736370665
77299.82128206058
77328.67112868925
77382.21603499244
77399.4513739388
77422.07271212238
77431.12788267157
77457.07000209266
77698.68886641925
77725.28536145356
77732.21778027268
77823.83968618789
77894.33391584721
77948.78122266095
77966.47750101359
78022.63230505494
78047.38419696316
78157.61913930043
78230.15821999947
78299.88324821049
78304.71593744495
78354.64395367328
78384.76155287365
78439.26226334527
78458.53530170127
78657.92621091777
78660.92821935662
78661.86881480883
78704.54296129139
78707.45671681332
78745.48296968002
78853.65979824522
78891.04676251397
78942.61503832723
78966.28168444322
78994.69149153953
79070.31819759005
79084.54670896991
79113.98565011825
79136.54927978982
79179.16674776848
79330.23429523244
79425.46134267529
79466.77180091849
79544.23644157666
79584.52683522041
79598.92213380565
79603.65591768289
79617.77759114602
79623.48467253815
79680.44741045915
79688.86883189456
79802.49748490224
79809.04939492319
79845.67469990846
79867.68662546967
79907.13885940507
79965.43665689758
79996.18181629626
80375.1143035763
80380.20596976473
80423.97689432837
80464.64288658526
80490.79935224174
80493.2761547961
80515.48431679759
80561.2087002508
80569.53850103506
80572.82467069634
80637.6555535862
80707.7425685033
80746.3946587435
80766.92108288064
80860.474346263
80896.52385855507
80926.5110244828
80948.0158447949
80982.78605180333
80992.03599522998
81026.93050400831
81106.81323409671
81133.825075708
81179.46213055927
81397.35915538538
81403.79947983426
81454.63700490673
81580.949125022
81646.89209892777
81743.57709244284
81826.6991009417
81853.72654219417
81868.42632398102
81945.96836268193
81967.28245599387
82025.95457284895
82027.34078203271
82064.03690489201
82121.8501182671
82244.67257833928
82395.343926821
82423.93867624988
82454.20012983162
82465.40103421474
82507.1355572021
82559.43382432986
82792.16443105851
82844.77100874619
82906.36634052903
82920.80657224101
82950.49859276974
82954.57022238446
83068.43340296089
83068.55647528957
83132.99386247764
83137.3605932214
83288.02552367357
83336.65172112879
83463.27540972979
83483.79196824261
83582.14185869768
83587.01286951634
83606.52736043127
83653.0626564895
83656.07719300892
83711.79374931412
83737.45161118142
83804.05400848697
83940.4547708817
83968.82686645837
83978.59279225669
84025.1624576177
84346.9013645344
84465.19630169452
84479.11051912956
84523.49805277862
84705.47078026053
84712.51215699944
84798.8413964015
84806.65435771596
84814.74373038777
84919.34470554316
84978.111863549
85019.84748268768
85073.7566204264
85164.5211840481
85165.55137704879
85191.85025485347
85321.95495696783
85327.82729250733
85368.65565873717
85486.19823865514
85523.2075322639
85685.79216209493
85775.82611847452
85779.03691067231
85786.43884913216
85903.38182157374
85949.80538411436
86112.8012933798
86124.85635916036
86284.79771404093
86294.1706718889
86344.69422200229
86368.90034732995
86481.63506585838
86493.58036208033
86667.14924264014
86698.66022421577
86726.12445281763
86821.68951571584
86863.57824728453
86927.30264104722
86938.73292239141
86946.6809536863
86961.11409955939
86995.13857233184
87004.59582828659
87084.0464886182
87093.13896700017
87124.6288179354
87188.71258970037
87247.26458415197
87255.44818398713
87281.81156824029
87288.91679067763
87361.69935466982
87442.63623248595
87485.29168699596
87587.5253613019
87666.61011425083
87768.36551585064
87773.25144137404
87825.4930856055
87828.48678337564
87901.28157656637
87954.69890911666
87978.6220817598
88023.74154494201
88054.58656171645
88079.13886465855
88079.51016483395
88086.70045384743
88098.62203624209
88104.48644295699
88180.5302783188
88184.0141461193
88237.78521330561
88257.63489188632
88263.91567709825
88299.04718782309
88310.76256267219
88321.48657903055
88347.48810348363
88393.47057061445
88418.81371257026
88460.03978906841
88495.22898315697
88510.53642317108
88522.7808250518
88541.36691066442
88562.71585140005
88597.06097575213
88598.21895266864
88626.06351657193
88642.42267717728
88668.30322824739
88673.80019072967
88790.17969288278
88793.52093826717
88832.9783094136
88839.544308987
88994.59076555289
89071.84968782596
89079.16873364006
89134.04122806556
89182.44313660663
89208.31781409885
89257.91550096597
89265.26578169566
89345.2679226692
89421.41458387925
89473.03929513523
89487.25186623895
89502.55338744227
89511.22542026766
89515.54785979683
89682.42887107871
89849.70008647478
89871.57354234457
89992.05951500982
89996.27627802567
90014.63623151468
90023.04333019612
90058.25432834437
90083.32101455561
90109.7689927221
90216.36216375542
90217.80463777547
90274.00509734148
90277.78214137736
90365.50741475793
90379.52128750485
90380.83051206674
90493.82927079985
90511.59547851242
90551.42050374861
90684.99069201804
90694.80181958273
90738.80859558824
90738.88346733527
90790.18089062098
90791.36049756006
91034.0215703333
91040.69331221146
91257.13279064743
91403.52086855244
91407.05081723459
91442.32419472457
91443.93115650317
91502.39456686826
91583.01383239802
91669.63324875465
91697.75491426144
91762.54839856575
91940.30225982337
91995.94489765349
92049.91985024011
92057.57671137483
92090.9626639979
92098.03462873948
92146.43130910095
92203.41270478653
92231.4205018798
92305.53788878446
92355.20135585552
92408.15339811001
92452.57305284672
92595.2411339263
92721.72302275572
92762.30788327011
92825.7514977037
92839.28909850083
92896.05085575869
92984.01731472377
92989.9032896982
93039.47486263863
93115.6303770572
93121.34022570943
93193.41367610973
93195.10580801251
93267.8908191847
93277.17420208902
93278.18709567316
93290.26062042655
93293.83656807216
93314.84441692142
93340.41200930449
93398.72952088165
93401.52076635232
93473.85836899391
93547.30667304991
93578.3205539954
93587.65388539215
93665.36484214797
93706.1572625419
93751.5705049654
93762.95981161659
93868.52579920806
94003.27894403634
94021.61379452911
94024.81463489226
94167.58719320795
94237.33746542729
94270.1382167711
94320.08954095922
94321.99234833382
94328.76944606652
94426.09389268822
94432.35866070913
94451.65821950271
94474.6312167687
94521.08536755634
94635.28453626907
94654.52656917828
94665.29040901284
94690.6452198464
94776.98603513907
94811.61451496238
94876.73101751722
94897.70390574896
94979.14627475878
94986.87919622529
95007.78268122359
95018.35523201742
95122.35579186851
95156.25376082554
95167.88510645843
95185.06651223777
95235.57074663707
95396.17286668706
95400.49264077304
95431.16294502944
95482.95507090027
95653.46863199555
95741.73709276038
95772.07295996061
95831.4723454407
95840.92982500952
96037.15716582116
96092.6694973531
96095.54012682868
96128.9676734748
96219.0155746982
96231.59968429097
96296.5856587526
96347.5185799477
96369.96119873534
96413.5925212931
96474.2470355368
96529.64457742067
96628.79089678885
96740.99570318675
96833.99225914245
96885.61335505662
97148.31446824285
97334.2393232073
97639.61004614709
98150.06559254296
98946.84510968422
99369.18388103605
99901.38962648065
100633.62481989068
102141.7673317251
102277.45842188825
103065.20695616954
103121.053879309
103343.11013026223
103723.11163658126
103986.21662855157
104040.57582285025
104123.70402371879
104132.06572451103
104144.72995305923
104518.12946829468
104612.29617833692
104736.65293296934
104830.1792588266
104942.11440989464
105038.97226816518
105228.07045102143
105371.18771335059
105953.31423912002
106736.3709751409
108100.084334874
108265.17397992448
108389.6097246465
109239.2465218281
110055.4412715289
110832.47323652475
110950.73900887312
111151.2561734702
111355.04589285182
111444.02938471264
111504.42688758596
111663.1859963388
111698.68298580885
112375.03338155031
115123.59383052021
115263.49991774144
115383.64728479502
115539.39937731792
115669.82895356764
115963.36638499919
117048.98566343267
117085.29547033104
117260.63662746095
117579.559634235
117704.28170520318
118148.42860591422
118150.37774217472
118276.05973015106
118830.13337134133
119440.44976481787
119935.29477107046
119949.5644918441
120758.65984023246
121075.15416253067
121496.2790259866
121626.43252132571
121678.97518325386
122934.40255582606
123202.1627584813
123220.75378298757
123405.61473906113
123610.99148975135
123776.37658933249
124027.36568067275
124170.77821630557
125046.43063492083
125115.14808774767
126461.47045445468
126668.03587690987
127969.61977699213
128331.459746493
128473.00367409777
128474.09753385652
128513.9865921768
128523.4237334172
128530.7094443609
128561.68531909745
128569.05016282514
128599.83108185463
128600.69951538353
128634.00907667707
128648.02983018222
128649.24301908331
128739.54997842689
128764.91336272638
128798.64712904676
128810.86484031394
128824.34805115906
128838.73189126252
128859.82853003204
128866.86230211295
128884.77442950566
128909.9776492853
128947.54925124565
128967.67474915567
128974.36082566663
128989.14941041962
129042.09112957591
129071.31619312163
129112.13982389946
129154.90635226152
129161.57953915794
129209.31087719358
129218.46753706029
129253.80023770942
129344.45957655429
129360.56796175067
129361.88917675705
129362.59806664722
129371.80583294525
129378.88014204692
129381.46420594916
129436.61913087731
129505.63530232226
129553.05873239947
129566.06667114251
129566.87430480847
129572.17201844713
129614.34582963612
129618.04084215191
129640.79322407636
129759.23899732347
129777.69663930987
129796.21142209967
129798.45699465487
129805.03942186618
129814.50348218906
129816.21424696472
129869.00272773707
129892.84207134855
129951.74245720891
129954.72710748538
129961.83503035712
130021.86360688707
130028.22453970213
130046.8644115183
130047.84524465365
130058.25015968435
130066.64736845199
130146.08262683084
130153.0915530528
130196.4449441974
130221.3618512006
130236.07185079617
130252.9181227702
130252.96556722466
130258.04532341004
130275.27352069817
130312.85635557803
130315.75793153675
130324.29093510573
130325.59723561637
130360.98554076074
130409.26452729429
130428.35042312031
130442.60658471129
130443.79419053055
130463.72625358356
130466.44542053418
130467.53679184662
130482.62664322692
130511.79094897027
130530.95634463386
130546.34012725115
130604.57856937037
130698.48943521731
130705.89407340159
130719.20583789045
130735.23547636921
130764.33782403936
130776.17415187416
130859.52127256035
130870.65332598679
130879.9151209141
131315.02579876018
131327.79003699246
131455.23449437553
131721.10794109871
131850.9304526704
132594.53403768563
132654.95750610338
132890.79259595228
132913.6881251966
132954.64360634776
133187.60061440087
133254.8465386515
133301.5354333102
133552.18675159605
133553.50541532377
133568.56552895185
133767.50039078202
133959.047038241
133962.58582319238
134124.85411981435
134327.422978522
134365.20924272385
134389.49661024322
134424.83533982406
134486.90819039312
134546.41005195116
134595.09966548163
134661.5472967936
134725.29069201264
134792.22396144824
134823.3617376459
134840.4393986137
134845.93978061533
134863.38804887846
134932.64938589645
135006.18584958365
135066.68889464348
135236.47584042864
135266.7937803479
135301.57128899018
135375.29928887752
135417.12867375228
135457.65812680667
135506.76344496562
135633.59229518363
135831.2492349765
135930.2628301311
135956.46911741275
135960.68069285873
136034.73923173416
136039.95991151273
136159.8263485196
136292.86614878557
136405.38177141236
136539.07356615417
136580.10583556484
136791.72110959527
136818.89173115866
136870.08194919728
136876.71447990864
137073.79245372105
137237.33222569554
137267.83727566624
137345.82631780667
137389.31965532387
137457.3812571946
137535.8043944224
137593.83272494812
137612.14801872574
137720.24294579492
137741.76348145775
137781.72566406478
137918.3351130531
137929.31787494238
138157.56512630708
138253.88752070494
138357.72151546538
138479.24487475283
138640.4999803109
138675.24958929804
139021.396143844
139023.91020061937
139101.2423642618
139283.93528315017
139353.53942651013
139357.10402308113
139386.98341447552
139418.21273996425
139551.13271798575
139602.99272755272
139628.9119378057
139875.65067135054
139977.43025276106
140199.64119334024
140381.9224153588
140471.7722427001
141438.69312905584
142121.5453847909
142375.41442847555
142916.1247179667
143426.62503988232
143450.8117243493
143581.98489033082
144747.46425027287
145406.70374659996
145680.13766643152
146216.9787647087
146365.14797459124
147484.55843595977
147640.16962630016
147949.03381640255
148280.5324508617
148316.0068707101
148361.73770429834
148550.30273128222
148776.82992082997
149356.41460544037
150566.97940684878
152216.04994041845
152859.10211092327
152905.32417088235
153204.4535091
153275.09141115547
153311.31604149437
153314.0990364182
153322.54301718023
153339.68664631573
153341.11277441302
153473.72422182272
153486.74798656703
153500.98522318256
153518.57518401882
153526.88891740606
153576.16456474992
153618.31001677492
153639.98017578037
153640.43978250123
153656.05944224255
153672.5493700321
153694.0029456184
153739.34608666497
153782.81704745727
153833.930085427
153870.52736574595
153962.68669227598
154002.9836337266
154039.33518801932
154072.07292072056
154097.34177266882
154098.95362048698
154103.20238525938
154104.21553134694
154192.9804521795
154202.2811574082
154207.11151315647
154223.65210378997
154250.58410455135
154296.84419903636
154310.90480646177
154320.65385034296
154340.89259171658
154367.21584505684
154463.76555900922
154474.2258658849
154522.2803982235
154523.02245148824
154527.8839067411
154529.7569475228
154540.87620133616
154563.635490348
154581.1713714208
154581.6129546337
154589.23221338275
154600.15053932538
154623.40094315118
154647.38283797464
154694.31623592082
154699.30191647628
154706.52403365666
154720.7514240886
154736.55336681652
154767.8516752144
154786.6087229625
154788.99164246325
154839.39663431194
154917.08464100806
154927.6512359745
154960.97903095212
154965.32222927432
154976.3503576708
154996.9732510068
155068.48495690466
155120.53477673468
155157.89058784914
155178.86359781967
155239.20333653025
155240.12835361704
155284.1882947933
155326.30212878442
155332.3830387067
155739.29026827245
155758.91100210682
155891.23187230527
156042.83365849563
156061.54383614194
156334.27495472037
156380.44123121724
156507.65220439993
156537.2559777879
156751.49758719746
156761.7420205986
156804.542673627
156833.92811705498
156906.39621903637
156915.1348060026
157000.28797884475
157135.7922560205
157303.19214800885
157322.30887907514
157323.20591067302
157590.81783070476
157749.71931453643
157785.1507196509
157791.2912245054
157792.49333060358
158151.71417488187
158435.58807718055
158436.90281057573
158781.22032390907
158787.89722254706
158819.99623184945
158909.11493385278
158995.64286349545
159126.564931675
159245.8642515464
159384.85482467676
159459.39797984957
159582.47312834574
159646.5619742109
159776.93802740448
159879.61718112117
159980.73402563768
160055.76346773363
160206.7324060293
160237.8144202525
160255.12351367867
160268.0627674925
160277.6275365702
160337.4747054693
160417.3069859994
160531.43840147834
160554.600090031
160799.48182095442
160819.61491459925
160820.52967545076
160856.4417958688
160941.63250863698
161191.59472962585
161372.07071568878
161486.29136066238
161491.69784794614
161572.42068798083
161587.69558371181
161629.77284842863
161672.14909450518
161685.75681490457
161714.53811453818
161730.27894954788
161825.78596214473
161855.60063214778
161877.69052004634
161911.76647979408
161936.98733966408
161957.99444956516
161966.13607433657
161990.45515228558
162011.3475370555
162021.07163260464
162096.07793236384
162138.79228955263
162139.0700064259
162153.67666491162
162259.67150631594
162259.77060739248
162352.9835884153
162390.657997436
162398.84522715394
162448.50202711573
162456.6040189155
162522.16415119742
162649.97618074657
162676.09776640224
162810.35776176988
162874.47321925062
162981.533171567
163103.15492382643
163219.69839364017
163328.93476570977
163394.0067645624
163400.45620165998
163405.04656084473
163432.9630570477
163500.45761739858
163582.87113009242
163731.6917383845
164066.31002400414
164230.2756343658
164499.76692651317
164546.29941518238
164588.09845285543
164636.55195306067
164724.29590912187
164762.5625217724
164771.21339948743
164789.56172360163
164881.42112653799
164933.2577696239
164998.22244904144
165023.99262538977
165044.2750572482
165069.3456291639
165239.02466333308
165255.63695815924
165271.50501265624
165305.49419809686
165373.7108929829
165510.35007155396
165589.5660692209
165710.1023740649
165716.65812500464
165719.3390027644
165763.95877123094
165794.6945786114
165804.93613054563
165907.28976170055
165947.92323380942
166004.80092463014
166125.6532323819
166212.45669219003
166274.46554233655
166286.7855651045
166397.8099403256
166404.50889127364
166451.91136763475
166457.46673099988
166459.74427070984
166489.95236424377
166542.24034767825
166575.04439922827
166618.96536746857
166640.62831773388
166643.06416985235
166656.65419575642
166665.19498123595
166781.1846303941
166782.25510616164
166843.82434808876
166882.85102111334
166900.190848969
166901.63673495274
166943.5601743813
166951.60696401796
166982.97015443858
167015.46474488426
167020.95703036428
167097.11641177477
167115.54164779704
167180.31032998575
167217.99728017245
167260.29146171157
167385.59735445603
167421.5958655816
167464.53483951068
167485.70632216748
167652.76826515948
167835.55976155127
167849.80321337725
167862.75348666057
167920.23052676502
167920.82265132805
167938.48704272328
168019.4516410006
168079.06104892673
168084.69159861963
168104.776292655
168118.03195562586
168227.33930488536
168258.201348798
168261.39117361317
168262.13059989974
168289.76662702358
168325.73554991416
168379.2310194214
168412.5798036863
168419.76893394976
168434.851507238
168523.4999386113
168558.80403282488
168583.2383306799
168585.06071889383
168586.2115225707
168588.41060290093
168609.01497732333
168703.9698253884
168809.17575606972
168863.47850342735
168865.301790877
168865.56768773007
168911.0236085863
168928.9529931728
169009.50884063193
169132.41401573998
169206.62126880788
169265.34188405075
169292.74594968633
169332.20091348127
169389.23231701733
169407.52115219797
169549.15444988557
169617.951252437
169675.3898569259
169875.61421143287
169939.57313752663
169994.9338783761
170012.51066963552
170032.06043279287
170045.62669853144
170051.27024663592
170072.47825217477
170090.11865708613
170107.9471714451
170119.16340337408
170278.14575868528
170280.6277508522
170314.0843572152
170318.64168797352
170327.7473840463
170346.34562279543
170354.91858929733
170463.09879469255
170520.45235719322
170563.66538044327
170572.78384566816
170648.58089851396
170670.4859244779
170674.0276342365
170678.22896872714
170765.8079240187
170788.1080763965
170896.9736051565
171012.67253661755
171071.78788983286
171253.6306622553
171256.51056879392
171259.0264156335
171310.6562913058
171339.44877113617
171472.45616437634
171479.59917227592
171506.1775839597
171610.24309275136
171664.68196847697
171800.08932522236
171866.7410150965
172111.33284986412
172164.67160739182
172184.61826874115
172252.97138344223
172351.37425905385
172369.2381543881
172380.5954587839
172402.27840627625
172636.61474336748
172731.52673976758
172908.9323033742
172921.64241961276
173007.99994188806
173065.48770810466
173105.821393297
173143.66172611597
173151.28019320863
173157.30569755653
173167.08880944687
173203.02312244946
173216.43240884072
173287.7524894016
173309.08836619806
173535.72269776545
173547.1111597493
173630.77513583982
173662.23935157372
173669.97595181962
173743.80961790675
173746.47029081543
173900.478471835
173945.68591589696
173961.7720299666
174013.45170536812
174019.2062914722
174028.4952464951
174030.00753640945
174030.2035359303
174081.97696239557
174201.8404412925
174222.8893830513
174223.5292658716
174240.74084092374
174241.49645404497
174254.20866969824
174268.747659032
174275.9825119116
174282.45463881697
174285.97614463445
174301.62111764585
174322.4030498789
174328.60576880394
174338.0230484805
174394.27542105297
174401.5008099711
174411.49987066624
174463.72257052042
174481.63342504602
174496.65369473957
174501.5191996205
174523.79356721774
174560.2372765994
174569.59036313713
174579.61292925407
174627.74034659128
174632.55253603554
174662.4369054397
174666.97170140882
174673.40779440923
174690.2814716552
174722.47471543486
174739.1009947436
174762.81519818734
174777.52494938942
174799.1062521923
174807.93999453474
174808.78614667442
174809.16574780812
174826.29683781648
174831.6021705989
174837.976927576
174841.80775323283
174845.8431546301
174847.7428371702
174867.75630958407
174883.0328607178
174897.35192729108
174898.8547661481
174905.66566852323
174955.8742402118
175003.09033721988
175068.61345806907
175135.54653029513
175154.17649499953
175155.0476641119
175260.53093638044
175273.59550040125
175289.02998722857
175301.74531762276
175317.03686391297
175356.06050514287
175367.11375889438
175386.62887243702
175407.75550275287
175543.26645625717
175573.12279383512
175644.95319741906
175699.8875864321
175722.03522214352
175746.97316152017
175806.97266409633
175859.62654845184
175914.5721007337
175993.58501138157
176026.37884765049
176073.76304925975
176195.2977414407
176245.14229063794
176283.5052917962
176286.4610424028
176317.8044206558
176444.80239827387
176462.43304955872
176469.9276154816
176555.8106554142
176699.12422291157
176704.1847581089
176707.46295572785
176739.17559248878
176827.64974641218
176848.41196949684
177066.32416882113
177155.1348729413
177185.82172326584
177186.319436022
177238.1842285227
177313.0827659594
177316.637946966
177347.17091716194
177371.19791630565
177413.76715867996
177480.00138769182
177526.68786686123
177552.5432360322
177736.1490698924
177762.88701450004
177808.02912403527
177817.3136760139
178035.34096322177
178074.3225242786
178097.37807384226
178214.28709397773
178222.4950549195
178311.25491994809
178470.10527926128
178533.0364070119
178542.60084347744
178606.9527200864
178739.37809325012
178768.37762418576
178788.1966116585
178835.78481845063
178855.7162209442
178880.8497190922
178910.4433962773
178959.37833064728
178975.386029447
178994.61858178832
178999.9798537062
179102.18419804284
179230.23307089836
179320.30151076213
179342.99005757362
179454.67635381126
179515.84470442167
179578.21550850276
179653.9874129601
179654.5532633551
179663.0709961285
179698.1374267268
179777.29864994797
179862.88815520826
179890.5306770415
179897.71927632712
180006.8571049856
180051.3144349772
180117.0414773692
180122.83045225526
180132.40918308293
180169.15024429417
180393.13202096891
180393.53133971995
180470.21886616983
180573.60299631022
180644.04497189168
180653.68599077367
180681.22002628728
180687.29114240743
180701.4706748242
180723.9718269048
180851.52555187396
180866.64809938156
180891.78015098648
181052.4296135402
181149.12154742237
181255.52748195152
181275.36900815318
181397.77865683765
181462.4573809921
181465.73736922792
181470.7120276912
181548.12849673597
181598.5941982591
181764.75700804155
182083.57575915972
182129.6440280548
182141.7339197074
182657.4209110772
182661.0318582011
182777.57594805988
182831.12180549052
182895.76959828188
182911.78246621866
182929.3094222683
183025.98773698718
183027.0904436686
183051.96002945368
183059.5324109784
183192.34528895814
183205.37078050157
183232.430720507
183352.43042108102
183739.47461865694
183886.17409981022
184491.07341467758
184565.06999701174
184571.8657198526
184743.55292520826
185166.58068852796
185653.96835193358
185908.37889829284
186058.22272994515
186226.65976986458
186410.78529111124
186479.49603584973
186787.5418862774
186788.59948114638
187753.3452990721
188296.69295994283
188303.38218613339
188979.0256466786
189242.34995149478
189741.20364448347
189795.37496751372
189933.34527486475
190769.89218895664
190843.19359782393
190863.18783482074
192713.7090375445
192814.31983290243
192888.1003497767
193047.05792475241
193425.38655275345
193544.8468558351
193651.83812877192
193814.525927087
194063.39646015302
194187.68478450496
194248.68646436982
195103.7283968135
195112.3634313358
195510.70946090046
195585.54076818068
196332.11156741373
196584.2816836013
196903.72772236806
197025.37627767373
197579.82969933425
197897.31246480465
198340.17856198904
198671.96874378336
199247.75149150766
199366.620508698
199514.57142194256
199627.4401285425
199787.2799728553
199814.03534062748
200459.93491817065
200750.84837458638
200794.9948367319
201238.2751674441
201649.5326479127
201779.23646933783
202110.7813637125
202141.25982447126
202322.6642694003
202989.21720539354
203311.06951183002
203569.45220994187
203830.3776967641
204285.18459642635
204546.10502892712
204862.52288014104
204896.41864887736
205035.67624160557
205049.95552581607
205057.2510427453
205469.95777351715
205620.16529042483
206030.6435810076
206655.25992079702
207009.87616005636
207096.0507822135
207160.6003894643
207176.70379922882
208089.6217896772
208125.288509112
208125.3852734408
208269.86297399006
208425.2131554978
209056.88780511465
209266.52952876303
209380.14994676528
209569.83857274757
209573.41268128922
209700.8978241681
209759.80996245972
211116.65054814436
211290.14504838648
211446.31500745894
211659.97536126417
211896.93203881703
211917.5577330539
212236.60784392786
212739.67597820546
212830.0544829923
212941.52298332244
213272.35730707622
213410.66104729075
213539.81915204343
213659.19145901198
214425.00217058725
214435.65492403568
214745.56227867748
214839.19561242606
214946.72753558948
214966.32487018735
215002.45819022102
215009.7471275746
215016.82931957932
215024.6292254682
215029.03873801103
215038.2031674235
215055.1509407547
215056.12892820092
215166.96599028818
215183.64467155852
215186.08761132744
215220.33973372277
215370.8113360462
215398.95249581017
215411.20667389478
215428.8879246483
215482.19682612707
215521.26745806675
215528.91621995353
215555.9163899912
215587.74578393996
215627.7608468872
215648.5768907341
215712.1065041749
215735.66431558062
215747.07837750833
215753.5277324444
215783.796678968
215856.62855376553
215862.70056194812
215866.75531646726
215897.86581500797
215917.30192848068
215928.57596315513
215930.31203623
215939.1618991684
215945.0103836977
215958.41666199517
215964.29984501528
215990.36938305004
216024.93856657395
216051.14027983183
216156.50044732686
216156.74290753176
216159.07634085658
216173.73574293312
216186.03097939477
216221.57376205502
216253.72595003585
216263.59011378782
216270.61265769746
216292.26027997478
216297.61440129875
216317.1492753963
216326.15674607267
216334.65121927782
216344.26804931497
216354.9808441485
216365.63037908505
216389.17243389852
216417.07057439256
216482.2290674033
216533.27510157623
216533.67303732084
216535.6334900338
216565.94709492175
216617.469998958
216642.8073303768
216675.69518797586
216691.59334024496
216705.40316704952
216756.28153458523
216756.69031311304
216760.25637401643
216784.02066776314
216820.3816086994
216915.33763758943
217008.79176068163
217015.12771886226
217037.37708763138
217073.01046131278
217090.77160344503
217091.27325104584
217113.90898665605
217118.70045960156
217121.25218356214
217154.9858634461
217156.46978250408
217191.53985219816
217196.43046528017
217205.51597883238
217208.27269088032
217214.9005780427
217223.5128671894
217227.91223782525
217240.69935886716
217254.607131052
217277.56015563346
217293.84081399816
217344.6151626875
217633.54641289474
217708.8196257231
217905.69569088132
217996.28290233685
218361.86286598863
218439.6618426188
218443.1515328955
218508.14688935096
218937.10496134998
219001.2711686114
219552.9040606136
219715.71982525254
219820.41101451102
219873.8439486002
220626.25099062375
220630.6036875679
220716.28868487495
220795.77027677212
220886.90762992884
220895.83140549753
220980.66938461456
221083.3137250538
221115.09623109488
221190.4311433446
221225.2949431511
221238.77569955378
221430.46251752577
221460.87200533404
221466.06376197602
221481.09982222243
221915.83839621246
221951.0160653637
221992.11974744944
222005.98047338668
222058.25923923095
222106.00515655932
222181.13872656992
222256.7325937368
222356.21615952122
222364.68619789626
222751.51742645598
222931.37915456173
222935.70038175656
223073.19516332023
223231.2916268323
223365.01439808318
223498.91222964524
223673.82177094236
223847.89995724295
224010.06309142403
224034.44377719017
224091.3833534987
224173.7304263034
224211.92520882667
224371.9246884322
224527.21863465675
224748.9609784745
224845.70561441118
224868.96670117212
224891.23054059572
224904.31737906928
225104.12663722545
225298.40668008814
225436.27577716953
225540.66680465435
225698.45643638927
225794.82627739548
225825.60324568843
225869.58533716993
225912.71803019446
225941.1825423496
226046.2624952531
226155.38631768324
226197.4819383807
226251.93907728532
226262.08587969828
226308.98480963832
226427.5101820794
226502.1915863868
226739.06545876327
226798.03688505242
226850.17028520507
226936.11734715162
226947.67990741148
227352.5592625761
227823.7391032146
229874.07586636397
230706.05222499403
231092.08581339187
231571.73115729346
232381.54346844897
232457.09337497826
233477.7793515526
234294.031036638
234375.15881250464
234938.05398144698
235457.39981061762
236747.32175385737
236867.07273070316
237077.13251019063
237308.03883171623
237692.81366515005
239177.31439946176
239571.71208484637
239583.79199711548
239642.4397364998
239701.51653143344
239703.20417963382
239704.34760767658
239734.39577351592
239737.31399447896
239740.9445042476
239743.7479970743
239762.5187434695
239817.1695178894
239847.32948455215
239865.28118690848
239880.64145684856
239881.12092934956
239952.7386318568
239961.28573777675
239971.3746490842
239985.39482963472
240079.43355208344
240107.0454286077
240116.7831865974
240133.10976106592
240191.90045002196
240222.0529851842
240262.9598320833
240283.9804247301
240322.53870101075
240413.58589285324
240420.40188258552
240453.89168337666
240461.50602106587
240464.13416555634
240469.5048811033
240476.6605099496
240479.05559890854
240482.69960447564
240485.31615246745
240538.5779770605
240580.28068665048
240637.6373965829
240684.57185599767
240695.65830105386
240798.27543956228
240814.2315674374
240843.35012150265
240869.52354537422
240887.1894054786
240890.70636702463
240954.90048172226
240973.3033202908
241008.33165672352
241031.05089272588
241034.54565765528
241042.18317137496
241112.55226841016
241170.56483291797
241214.83653728152
241235.92167203737
241277.00247536495
241340.10443343932
241345.02873573173
241369.44981523912
241382.8873579583
241383.23720350274
241391.5591374179
241391.7659499798
241394.3789896359
241446.3981601238
241456.96775181088
241550.6275529033
241552.96578991832
241562.3768029122
241569.8983508719
241609.58912743226
241638.1125095468
241638.5612356234
241638.7114914175
241638.81850013096
241649.30898141794
241678.73838046344
241686.15609929143
241727.74194369593
241752.50120450612
241757.0843568236
241763.27953842518
241774.51197076932
241947.0607489635
242865.34533209345
242918.28023993544
242978.39996813243
243028.68322178896
243114.07187098978
243204.59696695156
243406.16064755348
243438.72331012873
243518.19745483302
243796.00755570026
243819.80549488147
243835.28758592662
243880.31223586554
243906.25341940077
243971.66520070692
243997.72181109298
244011.06293366107
244038.38086951335
244042.60828786655
244066.27642670716
244112.43407112613
244135.43733031288
244178.01750879482
244485.5910770573
244542.3453216791
244777.80071319157
244850.37564499752
244991.26659865025
245249.545497892
245436.58685355872
245515.18601847987
245693.04880321532
245757.85304039204
245822.8296625173
246059.95705354714
246278.4787029905
246309.14746693516
246351.58182070684
246567.8457109025
246708.30142077807
246731.85810327114
246762.1047037051
246885.4397164425
247042.35158401378
247060.69826645148
247217.6631940173
247221.47225559782
247227.64834844845
247392.62085584487
247432.10902162644
247559.4815234699
247778.64347608507
247930.57058971503
247999.8882919922
248099.49268444214
248115.58485590614
248142.10284928075
248159.47570799507
248164.86102010182
248175.02169903304
248204.01295592688
248204.31954007543
248238.68840510288
248248.48128720076
248333.83399949048
248407.78912263055
248431.51934711123
248485.90323360436
248583.20372935937
248666.37764614378
248736.20036595
248789.84949432398
248835.7515135192
248853.96571421856
248871.30657091553
248926.1315041883
248949.96723342358
248976.31605892512
249003.18152767254
249003.6721932203
249113.22328083974
249114.63599421695
249166.33314714459
249182.42530034046
249367.4221953278
249401.22774629178
249423.5515987562
249456.75518653306
249476.21599892966
249568.3583395664
249602.09378408975
249679.772845875
249818.87570976684
250023.16450330341
250072.77432486205
250148.46407538882
250199.54208360985
250279.03444159747
250323.37409509142
250420.58151115704
250436.82597208908
250456.1813519453
250528.33935717074
250552.06666806267
250586.87186539528
250588.96159531624
250594.9753196258
250716.67348032864
250796.09761243363
250802.17375118932
250824.2012262435
250859.02781485935
250867.11021501548
250981.91181999573
251073.39626899362
251075.51157913834
251090.9481015696
251281.9187116918
251343.65425325008
251409.00086811485
251476.39350030647
251524.55518894497
251563.9945016757
251581.4292796831
251733.80957292256
251833.7206882136
251835.37860190665
251847.5459852764
251893.57799309626
251948.09416097822
251994.8300275338
252012.55074542438
252036.43716278393
252053.43980782956
252091.53077509225
252134.28693019494
252152.13224267983
252244.05534392563
252252.92138182512
252341.071506023
252462.8328034223
252529.79708471696
252573.4263643571
252580.7841336826
252721.98492463154
252737.94840461283
252775.8049202762
252798.54636169027
252898.14413838467
252906.3621923666
252957.37587685836
252975.86666953444
252991.07192436757
252993.26293605013
253036.19454569882
253055.45450486947
253056.99502888042
253078.52827542287
253133.70189726114
253143.81518408575
253165.62747291592
253204.95558658542
253270.53310433408
253292.86291076554
253339.13593428285
253435.74939065508
253541.6278185955
253609.09485344036
253644.62819773215
253662.87067473293
253671.28134440858
253746.89880388774
253747.04974104848
253944.25456016365
254186.73476895294
254207.73155751143
254261.94096179967
254287.68080251548
254314.45177963673
254413.83465899742
254442.19587667627
254446.38023588347
254657.49208420914
254680.9824192968
254699.449782684
254799.2283160273
254857.82073833363
254932.59252366034
254963.37752141198
255007.80571883207
255009.89933734335
255072.3057568703
255239.12111039407
255287.14684499375
255304.82054071024
255361.12443384633
255436.19870206504
255452.45841379522
255565.64402002085
255680.27235355205
255767.35288539418
255869.11813722778
255875.86537660475
255878.240129004
255884.83810145038
255909.95603295113
255912.78053903146
255984.18646992894
256068.2400221257
256118.19975785963
256163.08958105216
256170.37161176628
256183.2930713875
256197.45032742398
256237.0900859659
256405.07875646005
256438.3920042058
256490.85624543641
256664.29484788622
256728.02710960255
256812.01327231128
256820.4679135493
256884.20665085927
257041.84404368274
257051.16582770448
257136.24495461892
257174.13770525815
257200.8400201532
257205.99297812697
257209.24800139727
257285.20981699295
257303.73789078358
257307.93549746787
257368.95125096134
257429.19875515913
257504.29033049813
257555.10863964516
257595.3175563173
257810.61574719372
257845.44555550464
257890.74746741683
257991.33425807825
258009.26714749495
258043.43830252066
258070.20544376533
258084.60962362183
258139.54868004733
258145.09021393635
258156.48470963034
258204.6561690619
258283.15790618543
258314.16081153986
258334.05182107224
258468.94388718822
258484.8151818216
258546.20133007638
258591.40832688345
258649.04763905864
258677.86921061412
258681.05768146238
258815.2365520632
258822.62607204315
258823.92785096494
258909.1672441578
259033.48881050147
259079.29275227562
259190.68623302376
