97.28372198388882
386.72015873712576
601.578720896506
631.6556157846436
838.2448337990809
1372.8578311694987
1718.05576750039
2061.42500431252
2331.8281348251667
2470.1353065535636
2844.545580863072
3487.962550228216
3571.1983899709326
4027.185998148131
4094.9231601357615
4414.690618793013
4919.192734902678
5617.248335628683
6399.588892220789
6620.028580172743
6915.633525214351
7367.41395389165
7451.592527963663
7828.394553607743
7898.151945509805
9013.471059267187
9157.443330457596
9828.248287364671
10615.899437521586
11058.829546057861
11481.921190608375
11676.856596401354
11941.825353113429
12856.897450379885
12988.813073955806
13400.664299867096
13719.445180642393
14216.305238493189
15021.792987902736
15179.046928488131
15757.507896355872
16685.45233319367
17151.656700851683
17522.118214254464
17672.41003587571
18055.245601953415
18202.353269824856
18620.660012374
18757.44014441249
19349.82947303169
19604.866432251223
19627.1138589772
19794.5536183479
19837.105068614754
19896.216399657016
20615.623912970143
20634.988844181968
20679.32145968643
20917.411769103812
21608.037534281237
22954.92450409713
22987.206631131885
23276.784497504785
23316.26247336813
23500.152326175616
23989.40428177967
24186.320925904005
24261.381613599842
24381.675663289734
25326.685796744972
25694.61866814795
26564.31411948414
26644.88292342597
27170.723540808427
27662.856006089758
27666.50407557223
27736.161469914205
27942.396060315034
28072.73142332511
28227.644082121988
28229.6134682973
28242.13135321463
28242.923093728135
28243.986343311357
28263.35784134381
28264.700235545042
28269.99383108134
28277.664292153335
28282.579254483157
28287.86588170627
28292.169100125055
28309.875423246845
28328.378454007194
28331.104032302257
28344.78156989411
28348.168498901246
28350.534373678373
28351.020037113372
28352.446795559346
28363.555139857184
28368.872646959037
28371.647540272712
28377.66993819757
28378.32675033865
28381.070538647273
28398.291878136377
28410.669812339987
28413.742798079547
28417.82081062114
28431.549382374058
28439.202758402895
28459.008673560842
28464.53990911317
28467.030120427826
28470.98116562637
28480.597539514307
28492.862549000423
28500.655393765926
28508.780946343195
28509.116017563698
28540.39317311017
28541.475386379367
28549.453356242095
28568.735593911468
28573.614753264355
28578.174517866642
28579.62051999409
28596.748327920843
28611.275984641743
28619.3298688431
28634.660965762196
28638.0126770818
28655.40023116131
28662.952347257826
28670.64271273995
28671.496738482532
28674.40884383266
28678.879608789444
28687.01410347296
28688.9829486398
28692.675591852134
28728.663048032293
28728.918200313594
28733.04986868074
28744.99859967078
28752.913816742315
28753.98599653623
28766.389874158176
28784.137935564468
28788.888448429167
28790.946989101878
28795.069248135027
28795.971597204072
28798.72772959731
28803.177760349172
28807.12019370079
28828.008642209737
28834.60314571556
28835.148381381776
28839.039283279282
28844.000692426598
28856.520424332146
28868.254973198393
28869.415477327053
28883.167977862788
28885.19353033324
28902.398841935552
28917.81107527443
28918.282073922484
28920.896655214663
28936.529644135997
28957.7694740277
28961.966975227613
28963.376838325017
28966.636093641435
28973.851598465473
29001.249631867926
29094.797002666775
29297.12243621231
29306.140428914867
29352.25995124451
29366.83248081179
29390.02068919603
29414.822105157302
29435.544648532446
29538.81784848521
29548.166935023266
29585.128306426377
29602.079539027076
29730.513519888005
29893.699764803707
29947.424133291646
29950.229604171727
29966.345414668936
29979.43895793834
30011.092230839473
30046.140892909036
30064.613533870965
30074.049359695087
30222.063380357275
30264.86926830964
30339.6674016482
30349.790996374504
30370.425588581118
30408.909433971017
30521.127560680685
30527.561675201636
30559.47441402132
30561.548546700156
30574.985233500403
30577.18378617881
30579.970880986915
30608.226213512815
30634.35772028098
30800.50246509915
30861.96864541087
30871.871933542818
30942.6035407344
30968.33019040201
31008.58544052675
31048.066880743645
31059.887983156164
31146.723636073497
31314.30786837269
31333.512411325963
31341.88435463363
31375.957670586336
31385.27376583751
31437.590609519106
31437.808643961278
31485.054970340832
31490.127064679426
31574.574274988296
31584.520703597627
31704.016149305025
31717.510375619928
31719.630997315075
31803.714919235867
31816.22180021289
31851.864509245785
31890.041579128614
31890.91070843104
31953.1077345227
31986.27207519766
32099.38176741304
32121.801556868777
32159.407685316404
32167.945985575036
32176.69878440688
32194.82160436165
32209.830363431956
32256.26405185302
32341.217554413906
32351.303001363693
32405.71164971497
32453.49450217054
32521.813275571134
32539.788454682162
32603.90078813991
32763.763781791287
32780.59265340763
32882.62016224921
32952.51774286469
32964.9648839071
33054.11996197622
33175.39887272133
33184.926106249884
33202.685662487675
33269.1703304758
33302.03620923222
33316.51587621549
33334.292648847506
33337.69983450451
33373.593832113605
33389.761045527026
33400.83773198567
33445.79442061828
33500.59459328898
33502.16626249707
33503.02017128844
33503.52233241064
33503.8951123391
33505.794693113625
33508.7211859296
33509.41810738175
33509.51567252433
33509.55851587264
33509.63360708542
33511.56135591004
33516.285684220515
33516.52684855749
33518.10455787777
33521.663245884185
33521.78018359643
33521.825139266606
33521.8935231611
33522.24693629258
33522.8128739722
33522.94482364848
33524.24101099187
33525.0880270423
33527.191666105326
33528.457133232405
33530.659094449984
33530.899558988895
33531.49957339778
33531.64263133274
33531.737942681386
33532.51830992343
33532.56934021468
33533.17862679404
33533.38398776287
33534.51580341277
33534.57802937381
33535.302393302794
33535.535031980115
33536.06291453381
33537.62133099873
33541.26192800113
33541.268459667095
33541.37992618627
33543.07374915057
33544.94928780391
33545.30238579622
33546.03883998812
33546.516043603486
33547.88227489762
33548.78953873149
33552.7775908236
33552.990043683625
33553.58793609593
33554.88143155707
33555.67972442899
33556.52199434696
33559.94934700898
33560.34490953191
33561.5835321512
33563.8531752381
33564.725107309874
33564.95188616762
33565.388009134986
33565.77283214869
33566.61395750551
33567.14846590097
33567.48183262712
33567.676273852376
33569.525962359425
33572.604018916216
33572.63364194743
33572.95576831068
33573.67617063436
33575.251741264015
33575.3588048056
33577.725448143865
33578.369916073454
33578.537239069876
33579.43688251316
33579.495928785385
33580.63848173603
33581.44894849739
33582.81075274616
33583.36508653049
33583.89858358053
33584.26084585439
33587.57189079708
33587.95698589732
33588.05006463735
33589.19774487689
33589.82560755402
33589.859358120324
33591.2764892446
33591.64044893523
33592.17092997455
33594.24272944714
33594.72320710771
33594.803341012
33596.45708718229
33597.35909192681
33597.78344537227
33597.93199175442
33598.02971978686
33600.2279164957
33601.3008016604
33601.75806760883
33602.589396222524
33604.4144533963
33604.7754619246
33604.98641840036
33605.51167092051
33605.923952537945
33606.874631212864
33607.07556563203
33612.58192962792
33613.43056853938
33614.78643666566
33615.20253615087
33615.32100998308
33617.168368897124
33619.94151696922
33620.27115596132
33624.143553311
33624.54279435035
33624.819781671
33627.442365563285
33628.54099855696
33628.860745084436
33630.493878375935
33631.12948104343
33631.237588125565
33633.41591292291
33633.94131862224
33635.03862974898
33636.25316019053
33638.40005383238
33638.72787697266
33639.74130111994
33640.54733620736
33640.76997743145
33641.37147963278
33641.84472559904
33641.857036055415
33716.539716804444
33747.887039418936
33757.17005956465
33767.29610141803
33806.205624545364
33884.79124000456
34701.458759328845
34935.14189207156
35080.550528235886
35149.22485459466
35231.4166402102
35768.79495819082
35778.14218854218
35892.33266972636
35925.335196369946
35962.313413754186
35999.95392670612
36146.73557616874
36472.57899627482
36492.32922886144
36526.54951686555
36535.35130935448
36589.71749309531
36837.363166197334
36856.6962435249
37093.48241536178
37138.01246153644
37146.807870746554
37282.173520443
37478.509130332335
37523.02961619121
37523.29521526641
37851.35706078819
37896.85867842849
37933.35563706987
38296.28761821233
38300.812129822494
38315.213278741445
38391.78255647552
38422.5889139925
38603.19062689367
38624.05228710555
39003.162870817905
39003.164792131145
39025.96145177416
39140.81871814992
39545.877752627086
39641.262920057314
39697.95981926945
39785.42372773128
39926.87059523331
39983.79383336883
40083.076607938354
40100.42664908318
40100.74999440776
40128.84545520103
40130.731608267175
40176.661568865566
40176.97042717512
40190.41013712145
40447.06692824361
40799.58354824225
40831.87037387259
40863.52147622061
40961.900120388214
40981.362137417695
41072.80890524701
41234.2688859611
41254.81461722049
41381.993685040914
41698.25392618188
41707.13913468286
41840.46991316012
41862.45846547949
41922.28125957483
42293.93150295446
42311.10656053826
42397.54995305781
42404.1365217321
42429.38867215025
42593.3753722858
42711.66332990236
42776.92066803865
42865.48013940602
43004.34727900159
43086.575478553415
43106.91980537241
43129.1817604402
43202.56763483601
43224.518603448676
43281.96445001411
43317.36580205357
43521.54436708842
43750.0376097576
43880.13182590908
43896.41355718861
43908.03211801075
43924.94710445007
43981.64804135788
44018.30822929769
44058.099150491544
44202.1761321032
44212.43330517181
44217.12457854235
44242.84680675102
44247.940503468475
44254.98137569576
44276.3779906864
44286.138707930964
44293.36562206989
44302.71154028185
44311.89031545582
44327.91128102181
44330.36644942103
44337.63834434919
44360.89725016979
44392.99044836236
44396.15179712759
44419.52644878384
44433.71867656912
44442.74152316278
44449.84542796247
44472.90462267334
44479.5521033243
44482.359214669916
44543.576080268744
44546.85351418647
44550.726796639836
44551.68771019612
44568.92575154237
44591.2280134401
44602.497626015065
44612.574485567115
44644.12653541926
44648.70290857946
44669.5497463984
44675.47522197592
44700.010274488755
44702.25945381903
44704.95901793253
44722.85523395604
44726.683205566245
44728.595955414516
44744.53889110711
44779.39787374585
44781.837125671984
44790.90032808381
44806.38951368104
44807.47628060101
44811.10122823278
44816.85882347759
44839.75373901567
44874.333678774085
44886.13692446128
44907.40901386863
44917.27826110678
44950.7936926213
44978.762398804545
44997.7917411143
45004.86297076959
45043.64213862804
45080.42154880306
45080.936759870485
45083.22920966425
45099.151301307626
45114.75541102928
45123.21520000243
45124.17883847132
45140.86615426967
45146.3050142016
45163.300351345235
45173.68728668345
45186.491198576754
45197.062287026216
45205.88305839807
45213.29444094437
45218.46840847999
45219.744110958505
45232.803096084506
45243.64667303866
45246.50450972535
45261.967671375285
45263.09566160574
45279.66679708792
45299.408613742045
45299.947363027706
45304.872111551005
45335.888494361825
45336.25586511372
45351.55040581165
45361.55660545384
45421.91638672275
45428.88745453255
45440.07431702106
45460.909794408166
45524.30150690372
45527.49992010609
45539.579776624516
45550.1323266734
45552.556251841066
45570.655577672784
45572.42305029109
45576.09002893592
45595.5632905154
45599.16479449142
45603.04867615763
45609.048628831784
45618.41319637343
45626.14307874524
45629.682291070305
45636.72298517674
45654.641840136384
45655.57221591759
45661.27424673458
45668.35920083824
45696.229149687264
45696.78378462441
45712.66531767703
45724.474864462754
45728.33900906415
45745.8831599601
45746.37525354384
45777.60756399934
45808.36319657587
45812.83918869359
45815.57024408872
45829.902014454936
46261.557200329626
46440.554071323764
46486.81500762883
46746.88691173035
47125.01656061044
47403.90581367936
47696.56858953846
47758.809239866656
47781.73272259732
47901.42090800604
48316.98486167058
48397.35168538317
48601.52084383276
48601.67479389625
48763.52064029459
48778.39881392077
48832.53833096326
49291.962291747725
49567.62061110263
50069.948870296226
50615.94029993527
50682.51653459892
50932.356059745594
50953.38068882051
51007.919415627875
51443.51305132754
52109.317707039816
52177.703323932474
52685.42919208133
52960.33248302132
53181.14311338523
53563.6262339324
53653.78423827434
53878.83799489159
54570.06530578324
55018.09050310427
55472.84855863751
55514.18391865185
55557.52098398781
55708.550308623715
55724.081477201835
55896.7809358657
56661.71914179307
56729.36003388275
56819.482221064325
57197.54927164155
57300.49424702924
57668.70425798471
57896.61781195245
58146.22397349679
58289.26192648684
58350.34625720345
58391.99446439246
58590.63663889982
58860.29415302166
58907.37548949557
58995.23656393646
59222.42202291566
59232.66641156502
59321.991475769355
59397.05545463951
59466.85293845421
59502.779507399064
59602.50893424901
59978.259253601966
60177.89265818457
60618.961114513535
60672.65284751456
60690.5030493408
60883.19550560294
60932.58024890357
61222.69984636917
61276.59892862983
61294.84526582913
61409.95405664234
61492.554229322894
61502.94019040856
61514.024266299275
61526.93092712939
61781.534254613325
61925.49456372746
62248.485304948365
62258.406608104175
62465.24113697186
62479.61417932498
62587.01016526085
62747.24433448773
62764.855642096736
62802.33908575023
63027.2397586897
63351.743514637856
63826.794661559885
64257.626507685745
64299.22950524267
64503.901896883304
64915.39486383823
65287.315001252115
65555.88055464145
65597.16097364279
65764.52528784677
66049.78725121293
66301.92369737431
66332.33324373006
66432.78046861333
66926.9434754372
67611.79924354416
67646.97652884766
67707.36604190299
68217.73726201062
68258.54767439603
68629.13154515275
68649.84950678758
68701.72268240918
69105.771413192
69202.72930196223
69647.35303551216
69694.6393077566
69943.94848708967
69947.3566988896
69959.25564522944
70011.85630180931
70323.1207185927
70848.56281549546
71143.80733099043
71219.8231373527
71291.2985679991
71357.12091073986
71436.27381530049
71540.11966615354
71991.68671688582
72052.03631062091
72345.69440512042
73231.31502640716
73475.13931476911
73498.94961287371
73522.1670036669
73665.88831747028
73815.88354224103
73875.20812237279
73959.12566609826
74079.73766201014
74168.29801728313
74236.18113092156
74256.00798679757
74301.27254258594
74347.002519925
74422.92586873192
74544.8558934703
74662.82581611506
74733.12865974053
74982.37857662556
75166.27075168815
75222.93696839921
75332.90814650901
75406.41346217312
75437.96898134696
75531.17558662973
75642.66812554725
75802.26820471112
75887.88021943935
75889.65485527023
75925.15871157337
75957.28300907387
75977.88387071065
76001.90868524647
76042.38275816487
76049.92873589059
76061.63730909978
76134.20885848666
76217.4830721953
76253.09486442528
76286.69009719999
76334.58010818671
76517.00561052404
76539.1759153107
76592.81016946433
76630.11631864587
76756.04634847626
76767.7030269394
77203.49086661662
77240.3825504938
77363.22412719566
77368.9604585445
77397.247517336
77443.35691677747
77453.09172731706
77463.8392157454
77520.02836227597
77560.11262737613
77587.13363210544
77588.5315228754
77629.58188181858
77637.62908299017
77654.87971967662
77871.06784324467
78097.1143097932
78295.50508476091
78402.16633113308
78610.4862221258
78895.48286613755
78906.43444715124
79096.11809304157
79284.9121125477
79326.98100954237
79484.63483358656
79535.77080639728
79663.07742448794
79852.88723510629
79903.1521910682
80192.88286504155
80198.4749006663
80294.61801594727
80359.09643067836
80519.62948618423
80683.97277876793
80736.30701575795
81092.08047666422
81153.43195639028
81170.83991027615
81453.09270470387
81636.96074440784
81894.56240382821
81942.58750412798
82222.93584035078
82407.34108705919
82702.38590135876
84484.34589445616
84852.99181705227
84862.42707157035
85321.08034463738
85667.30258310802
86601.96642352547
87307.60723393231
87381.60139248405
87800.81191182577
88320.87028286481
89597.971161647
90217.2557967105
90717.43758488006
90719.45595346553
91057.20445433255
91057.27051657099
91416.94884860907
92580.61860640696
93208.11615369812
93577.47120936365
93842.81644086055
94399.2633311614
94883.04937430154
95154.37378097244
95391.62232710244
95467.07306247119
95593.38545053209
95970.97021639087
96203.07240477095
97567.52922867198
97755.8984218419
98644.1294477573
98909.60298287187
99261.9507793447
99455.65030587086
99630.47309857016
99728.15738156177
100039.89550911359
100326.8403257115
100355.43062626474
100461.84652685765
100713.229596033
101361.1738337028
102016.90671757178
102280.84822436234
102285.40628779394
102367.17977674221
103059.66237970347
103559.76277079346
104009.9855454124
104246.86584372868
104417.42695221253
105405.09165738359
105485.83374685014
105591.18773016725
105698.00444556183
105791.79475699556
106139.52246227812
106372.21349003664
106670.62183558987
107174.66626121735
107195.60332455224
107456.38412573517
108112.96331060654
108383.02753792773
108560.52242282194
109120.99827161238
109303.41220482798
110095.26466196764
110264.03485609581
110274.0229179273
110803.13173117404
111652.28814223186
111669.41359134516
112184.00692216614
112286.994990946
112417.42097019019
113033.60138120652
113271.415022405
113692.72800577278
114473.11178580318
114609.82111978845
114626.40926086542
114629.10689117265
114632.67707054401
114643.59910036509
114647.94795026278
114654.90818436252
114656.32919833274
114670.15937060364
114677.5311351397
114689.1232374564
114692.7288403125
114696.1873307298
114698.87522592412
114699.16058280633
114701.79128299866
114730.19363533444
114746.2587740013
114746.88285531121
114751.00449375808
114754.27289319164
114761.81417239868
114762.85111376093
114780.7205730907
114787.82206404214
114788.0052496501
114788.30663690442
114801.7346946965
114813.36107760688
114813.71992744098
114815.68681524048
114828.50922706853
114830.6662727728
114830.75610060488
114834.44932123966
114837.82537889102
114841.86272130914
114842.38804886969
114849.86806154324
114859.97890226911
114864.45417593294
114865.68438614467
114882.08833138064
114896.79169063579
114896.96248626313
114901.02290358896
114901.41937513641
114905.46436629072
114918.5816448508
114926.11162646534
114931.15521438587
114937.92646625
114944.04159060837
114973.79926881593
114975.95293393066
114978.24576774183
114994.31526289381
114994.53683347115
114995.65046658405
115006.16813947642
115009.9054735487
115013.64641679937
115016.71192238345
115017.81634406741
115025.86894491717
115029.93457569802
115032.34149586373
115034.27099680646
115035.3816697058
115043.82240420712
115044.8615143798
115045.21308360883
115058.26699310848
115093.70216450412
115094.08289685502
115098.78376289996
115108.349198046
115121.06743325364
115143.11145877805
115144.45181449196
115144.55471594029
115144.61915442186
115156.8001607707
115160.24581909928
115166.60091017553
115166.98984323673
115168.47416765147
115171.68234527597
115173.50083701192
115194.3457470478
115198.46999828817
115201.7835713784
115204.96337057839
115210.01587894857
115211.14349733944
115212.35630293797
115222.40799648954
115223.11169095954
115242.28443173139
115257.58523472224
115260.1231368419
115270.73475521832
115284.91681463557
115289.1300207368
115301.33926622424
115301.402780882
115302.79945361726
115307.18973243312
115314.41294737686
115340.71589525568
115344.91679816353
115351.70687008798
115362.21850791166
115364.10510799735
115377.29951038194
115410.69134414992
115555.84084935802
115654.58656161014
115747.49860959401
115841.17333886685
115889.88529445446
115940.69671632172
115967.38657519082
116024.16679030328
116091.81515032324
116108.6949224444
116127.9887815009
116156.25891783141
116186.63975366735
116220.71207736367
116292.43332784074
116297.70644832338
116328.01447795627
116431.48843796889
116523.0802937275
116532.7347910878
116574.98505110419
116586.16843660586
116632.99866960695
116645.83217333525
116692.49161243145
116741.42314531324
116749.99286801905
116752.73519971909
116810.09180937265
116856.71621191908
116992.2197413021
117012.4702150554
117076.32294013807
117108.2664180902
117321.88934210659
117378.1445027547
117466.04981420729
117467.70326254706
117496.73019534882
117594.67164238596
117600.8116363686
117651.69607933963
117727.67379808583
117733.31180887608
117737.40560586496
117831.17378413092
117840.5673263133
117870.79925737967
117918.55390287949
117927.46852815978
117960.81869268196
118135.69497272775
118232.90393021824
118243.75199358551
118261.70520610306
118279.43835646157
118328.98830681245
118344.75826544869
118412.24705891359
118503.9489868237
118579.60678658189
118639.58017394907
118675.97088354321
118683.80318939127
118795.52323087594
118804.25618225592
118812.37926389786
118956.85076595469
119008.53810621868
119037.90333196802
119082.51793082932
119088.86951745438
119161.70842602772
119195.96752054946
119228.20130407988
119231.78682127231
119244.38819190746
119262.05199711524
119277.81144096948
119282.98542472385
119287.81732357192
119302.35386279276
119361.42458241414
119375.17091217397
119489.81644336839
119616.1242296542
119642.913557043
119648.62484344072
119687.86287755695
119845.76443223596
119856.98722485863
119861.44591776522
119886.89515112856
119903.44892415567
119904.00943324654
119904.04011908233
119905.13100775628
119905.22147696007
119906.79089921372
119906.99512636359
119907.7901892974
119908.96186506857
119909.71466148431
119910.09101299019
119910.74392638943
119911.13265401716
119911.25205325686
119912.46569909665
119913.2855091845
119914.31319799356
119914.47286674258
119915.32629529611
119915.83018481826
119915.95863045278
119915.96009617182
119916.46713696647
119917.80934177525
119918.95496870531
119919.75269687592
119919.96728936958
119922.31251030622
119923.68847042028
119923.89362824013
119924.38406125724
119927.4667238711
119928.12605052811
119928.84241636631
119929.0140065478
119929.15100263318
119929.43394251472
119930.65478397583
119930.78883558368
119931.7397298952
119931.9153011085
119932.10736030855
119932.1724967768
119932.45207647243
119935.06805711606
119935.49614246859
119936.60512405873
119938.40408577576
119941.02351466082
119943.19790369547
119943.61413776717
119944.03890665784
119944.78920561881
119945.5405825798
119945.6587637433
119947.88799692242
119948.14487001643
119948.64432531234
119948.81968531775
119949.7149842518
119950.3129577712
119950.77311603099
119951.88230029923
119952.45955954368
119953.04105715972
119956.04769294604
119957.63598549551
119958.0804997904
119958.19964774942
119958.74652398829
119959.66347340218
119959.79280113352
119959.91947846985
119961.43648799362
119962.3149367464
119962.5129411407
119962.83882152376
119963.06875876033
119963.63975419235
119964.5480037413
119965.1685794348
119966.65692970637
119967.39364857192
119967.79387103787
119968.93428471597
119971.59361018066
119972.46792171593
119972.90034622946
119976.06928786272
119978.87756105018
119979.29187340252
119979.98789603906
119980.13318417617
119980.19898653516
119980.40209347458
119980.65520884917
119980.86088678331
119983.09490102758
119983.36028264574
119983.61481671585
119983.70420352183
119984.90285540685
119985.2572660826
119987.20632553179
119987.37293579022
119987.45940272263
119988.68727309191
119989.93044458391
119991.94313268273
119992.72685274345
119994.59499919452
119998.33959765441
119998.7908244822
119998.79730257115
119999.13958418567
119999.86068138797
119999.97678087527
120002.15064661168
120003.24922628832
120003.44843402051
120004.55649460541
120005.54660647565
120007.27360896648
120007.47767715156
120009.67063430141
120010.03674781056
120010.91313373922
120011.97083684866
120012.27816566158
120013.52228172553
120015.37330903471
120016.28072982747
120020.44324409348
120021.68040740163
120021.79369059169
120023.26371213718
120024.14242010438
120027.18888486749
120027.60293327058
120027.76512627988
120028.69915400291
120028.76807883277
120029.10418687887
120033.28265978684
120033.37468567633
120033.73350178094
120033.85260896337
120035.01047674038
120035.48009505557
120035.64155437163
120036.82696337235
120036.97683026973
120037.42743785761
120040.22655093318
120040.61147578561
120041.33491590372
120149.20537109673
120182.13350390366
120233.68582610835
120398.12193273733
120494.4625243516
120573.79553589909
120819.60128835452
120876.60887891242
120894.89200565388
121132.03058117046
121348.50131539017
121387.61802336921
121388.76650067745
121491.2279360033
121577.45858067225
121601.98567633494
121744.43205435705
121757.84205297861
121824.8059775701
122034.90930376732
122092.61370620054
122200.29082385844
122425.80195884792
122451.85234386922
122562.3522150813
122592.62128676903
122715.76237715982
122853.98287747802
123012.79906548807
123037.06025899181
123060.28301305522
123180.31421929366
123337.57072078132
123368.03026919084
123394.96186022653
123566.69701984435
123763.14805569805
123958.88768706835
124237.33277469961
124422.07888678275
124537.52197216582
124565.30858193352
124648.87867616842
124678.37297671239
124688.49262026657
124695.81575541996
124712.13292024366
124917.9055322216
124947.63175367373
124986.61145718694
125052.43744181312
125356.12578240724
125561.57250060406
125694.41782284399
125871.87995916136
125878.27156729919
125897.15116135865
125899.15089251776
126036.9235022903
126083.02369736819
126416.47901074903
126513.51949650119
126727.68117321946
126758.83898863835
126781.88557749585
127116.43148017887
127324.28132743062
127522.20719801322
127527.53116858669
127671.8505077559
127915.45528426618
127947.92822670966
128062.91107312668
128170.87495559928
128353.7314755581
128384.4123142705
128504.8966031818
128627.54069454217
128841.87480423773
129013.74748103657
129127.06158017747
129273.40353407775
129291.0260814185
129525.88174446524
129692.80444636219
129701.3435521352
129791.60817427581
129893.22349242085
129894.79465909512
129901.34532897385
129941.02945966802
129954.90954268354
130152.27341979046
130213.94906729757
130402.14551434884
130567.54922522041
130586.42104083783
130619.95456092303
130620.26590929988
130638.79699131713
130661.2224179003
130670.93618852618
130673.15851309398
130676.17184835541
130683.63629412337
130692.88745790813
130722.60693980759
130736.63227994736
130738.56843816617
130748.87393844851
130757.61302861388
130797.40703922833
130819.10664852752
130821.68515253274
130838.21336640549
130840.41748373993
130862.41847430225
130863.26009391146
130873.5298948825
130898.6863507469
130899.6497935133
130906.51595468979
130928.98424179116
130936.14638058565
130950.1771673278
130956.48986306062
130958.28359973842
130961.82612162223
130970.9390711833
130981.4338393143
130995.2751868412
131022.46203325604
131033.21793637017
131041.9411522639
131045.67621429494
131057.58009070321
131062.23066643662
131072.4156305207
131074.6019733714
131097.11311100045
131106.74383525163
131121.79099401642
131126.90899683506
131127.47986828786
131134.5092330245
131144.34774466234
131173.69061949954
131188.70439633154
131195.87413019943
131198.63943160968
131218.6050064423
131219.56708781893
131221.52779941843
131223.31724575278
131293.62083795568
131304.02156861854
131309.1896512314
131325.2734034745
131325.97357405972
131330.63261663012
131345.48642470632
131352.2736190111
131357.83560182032
131359.6523995613
131375.9514339075
131392.4387761391
131393.1207795591
131398.79535070388
131433.2661823487
131441.2745349184
131503.10933309488
131535.2227221519
131537.408011203
131544.36634704625
131557.8193317205
131562.24400108118
131567.57191648526
131567.7687084757
131646.17441033223
131664.95599586962
131670.68908003933
131689.07191819113
131697.44587983208
131717.5126298116
131719.57203012487
131723.16260625044
131776.172894769
131776.5438035551
131777.2384728827
131796.8050249945
131814.3778397005
131832.8774748447
131843.1158194479
131843.33294242606
131861.8492913487
131876.6288551561
131878.6913280546
131882.8387331878
131891.95159693182
131894.2147015836
131895.2692726478
131907.96696701075
131916.46598358534
131931.35663560184
131940.67634489445
131985.15087924633
131994.8057791486
131995.54691868692
132005.95438444303
132044.9028162193
132047.45984296722
132056.79217657066
132064.041552808
132083.232457148
132101.77581689585
132117.8565750416
132181.8608452331
132231.32870131434
133005.28490519308
133015.71667395858
133017.9581655009
133553.4240470712
133924.87784922507
134028.00763217028
134328.09781158576
134637.12133614646
134670.05661609198
134706.80216131304
134991.18626215635
135064.16865371622
135074.18217475255
135098.61603467166
135117.74059791546
135585.8582789314
135605.67746744183
135663.11584724073
135664.36941740254
136161.38038564438
136750.01069358783
137062.93158990057
137107.4193658978
137301.75239654057
137320.82004035026
137366.68655390668
137421.56584469668
137568.27002497006
137663.90643646294
138313.80895384855
138483.26119566866
138501.86779128353
138598.36490960687
138602.15381130748
138842.32472115263
139383.2671370158
139461.26890303454
139571.0467892455
139596.49655206935
139717.852376782
139933.8535724872
140009.06660417962
140023.13499299047
140317.90233738042
140396.44400628353
140398.29109740106
140453.43754997745
141044.26708030744
142290.2403557162
142498.74745057803
142860.7724888972
142949.1228861072
143191.13701848153
143514.88338357233
143874.00380413333
143998.9350616547
144525.2483956903
144573.5492276835
144730.87493929072
144772.06929610544
144862.35410091557
145091.2545750565
145216.897925378
145430.5922992031
146129.1290938346
146409.50809163303
146692.5395345195
146715.09649543336
146726.7085026002
146945.76579839241
147003.9406103993
147142.85963176267
147194.7594093242
147401.4742701267
147477.963691081
147661.7968289046
147728.21625735186
147747.65025334037
147810.60355846037
148112.27254642316
148468.58647601723
148486.6570331136
148526.8877105422
148586.15954668
148589.82239174098
148687.4765119785
148729.68732966375
148786.80251118095
148900.17959566365
149087.57362327282
149197.84562628024
149209.61893429805
149820.4591034812
149904.8990752878
150042.1962416773
150476.9654016454
150706.25228215614
150815.67710366054
150923.84494567753
151168.5719313015
151283.05740756972
151490.92071158087
151512.55964336428
151770.9219580284
151781.19767294155
151801.67159693709
152035.78766560377
152308.59071013308
152356.73954942706
152443.76042140473
152649.29890658736
153004.1951451078
153066.74107553423
153263.22018675308
153339.58374439258
153354.750607498
153389.78137508477
153493.79827908232
153709.3707646043
154000.55702824958
154084.85032998136
154094.26583046908
154172.0562184687
154235.26364266797
154372.81685336516
154396.86746893602
154507.34496039854
155262.85592597935
155281.46235967556
155583.71238496288
156097.27805698893
156148.75075587392
156409.04782219682
156577.40955782414
157562.9816626986
158382.4987468954
159231.46452126527
159252.87193487256
159488.82202329524
159700.83987619058
159705.36755445416
159887.26430835086
159919.27532406972
159985.89410316572
160104.57580961895
160114.16472704295
160372.46268397788
160460.0353667555
160470.55790784888
160824.03021693064
160875.77060325086
161001.86330696865
161091.26039259025
161121.12643657002
161165.85731803137
161195.85822380788
161287.497450887
161336.25782202985
161391.24614824643
161418.7324563993
161528.56477006667
161554.2528554377
161616.21915810695
161832.10390745066
161988.1066718374
162049.5650910321
162073.10444939768
162139.98935674486
162198.40852753876
162203.78517005825
162210.97243613732
162246.34042620103
162279.94639651634
162402.97074340004
162423.38431135568
162492.76380702062
162572.5694746268
162581.7119851907
162718.7576244824
162763.60060069917
162876.58698876452
162891.30815040498
163000.91493653727
163026.8228075835
163107.14859893522
163147.99474170734
163298.1269477884
163316.1385473741
163340.70901281227
163345.90359504512
163365.04515284186
163379.59599139623
163586.71347202692
163701.47167279714
163863.82190753648
163927.645873949
163943.25806662155
164034.97767260132
164090.9797975759
164280.04596086737
164287.50285937398
164425.4412047143
164656.0910297358
164748.3048690833
164808.60273934258
164945.6131751827
165081.80136346116
165104.3657219262
165114.75213000597
165210.67716298427
165304.76366013114
165315.28761688503
165390.62222349877
165576.09166467184
165865.42010782677
166212.91897639216
166297.66626455262
166438.00869137747
167133.17286053297
167208.8657999894
167513.016771139
167580.28628719138
167814.2745491644
168011.87169516156
168126.15095282078
168231.22608595592
168248.07180522464
168335.10731244367
168367.94503442987
168424.8488248411
168620.6408987407
169155.970231322
169430.74253432022
169578.55352952564
169797.2433458936
169961.856769018
170327.22925387687
170330.07181947265
170556.39462297034
170769.7998778941
171136.5210287886
171272.63862534752
171422.77080037093
171921.9129800391
172557.58345736656
172791.6333600878
173302.1358393639
173571.27985236933
173577.32825881132
173791.1561091432
174472.61057029976
174696.32264110478
174806.23585427032
175169.38051730243
175914.84283738694
176001.5559872076
176076.10934077486
176590.0768214489
176764.82122800875
177147.6063618979
177278.01716279326
177621.9906120107
178859.59720467473
179184.3854770251
179272.39024001782
179368.4649570457
179930.8111924348
180079.01652632462
180306.67509966792
180489.63518032446
181030.61660147944
181070.15731618623
181072.02070142765
181303.40267642544
181579.51983809425
182612.99058647727
182901.69724447693
183212.89282926905
183339.731180672
184045.1976769907
184316.94588481906
184781.98242035363
184797.8687818513
186463.5855377008
186665.7539942802
186965.62766624437
187332.77974676449
187570.25823155846
187686.21828219024
188046.54762092035
188077.05310490547
188413.63523553452
188795.4166591998
189186.01971436935
189508.40749354757
189660.0283317187
190459.49745422415
190701.6734766682
190855.8465690112
190988.78273291021
191032.6818611037
191781.0859719788
192696.52403931442
192743.37158671062
194676.60202340657
194752.7627742426
194981.2159588057
195545.74394977253
195547.18703737133
195789.7329725436
195883.07189030555
195930.52313506597
196086.21560941834
198201.43571660607
198771.2975768088
198922.41939302906
199066.85724752847
199430.10934298864
199588.4435844452
199655.7865175997
200243.04075604395
200347.4313755147
200541.37934581583
201021.17386476364
201023.81494269843
201027.17928487773
201030.74633775244
201048.50394586314
201049.02559417833
201049.4930618331
201051.16277355506
201060.39336455148
201062.22228242352
201066.03451133924
201086.20122028072
201087.5855571422
201089.5446413764
201093.3297418306
201093.89070650068
201095.85025831888
201102.10582048816
201109.33070844493
201113.20492959087
201120.28097835692
201128.11923720228
201137.4086116881
201138.44395225076
201144.23197182282
201161.58753786143
201164.34965907317
201167.19128663305
201184.59597759796
201187.3142326383
201193.64305909912
201224.22387694116
201224.31166600063
201239.88545567624
201241.77549623122
201241.97308634844
201242.0620618656
201253.81637659532
201260.34086868796
201272.52754369233
201274.8010935078
201285.41144356085
201292.57658192475
201293.9475224972
201294.79664733558
201300.7552618329
201309.8011425412
201313.36274143457
201316.3468499066
201317.78374724358
201321.90364088136
201333.43765035705
201349.38939186564
201350.2519593091
201363.56559450488
201389.21877510034
201390.82938315131
201393.92948116467
201395.38256677153
201417.31204662105
201418.8168628473
201434.2723484671
201436.73623075098
201454.6830329226
201456.68066513966
201457.04941575293
201461.0148809729
201463.8224566671
201473.40738203155
201486.44358950228
201504.94148946134
201510.5006732611
201521.24944148542
201522.4693111573
201522.75844944266
201526.4217737621
201531.78444841824
201535.47264445265
201536.93682757768
201542.19108089205
201556.71788858122
201560.7528115391
201562.7812561082
201563.29910328865
201568.76078282378
201570.9088485403
201582.91971147087
201595.69818131597
201599.999736294
201601.1991187157
201618.9238476723
201625.53387391032
201625.97291026023
201634.19101018592
201637.39993988193
201640.92990726812
201641.247789126
201651.18822987183
201652.10293864977
201663.93141040712
201667.45358891544
201675.0179227263
201684.22388835903
201699.65639552503
201702.11058111695
201710.5798419619
201740.42667334923
201757.37654350404
201759.7883593015
201762.76716345185
201782.58459015907
201786.8533378015
201808.51337260107
201834.38191132294
201949.84487972938
201994.8846064826
202167.4253636654
202169.44198305727
202231.0548334749
202238.05229009798
202327.31771461177
202420.42674650808
202458.68204019114
202483.32120391895
202560.81065667747
202631.99718550543
202660.3287816346
202679.65347462482
202818.72674062566
202833.4469898072
202838.41487307474
202912.8992684173
203010.42490072432
203107.83762349872
203138.7694451211
203247.1519766361
203252.60029187065
203432.19503086584
203499.1961047811
203529.01304624995
203535.9375001861
203585.6248030429
203658.9359807962
203728.75499968135
203744.78922602985
203859.25811641593
203886.65715849688
203895.31387050587
203994.53481541615
204038.68870021886
204077.02204708126
204087.20997178552
204107.4260043837
204136.2811894414
204160.34676738054
204163.20432425907
204178.8284275438
204236.36652993626
204247.70001219027
204291.91046520812
204320.98609435887
204366.85928313222
204383.60565623883
204456.5488748797
204466.54391750402
204640.19109320518
204657.48451386625
204684.87903060004
204703.8379730418
204704.36925256305
204718.78304915107
204861.5334033689
204885.7652406223
204930.28033324052
204952.03407165947
205024.06743120408
205069.64972816498
205077.7093559644
205142.88184999485
205163.17943191802
205165.87336985057
205246.66536887846
205268.42515210938
205527.9128683551
205612.99870157865
205618.25848961715
205670.50689781024
205714.41124053687
205734.17306441802
205741.93142530048
205793.24689795854
205920.46774493347
205926.03216516113
205931.99108342428
206019.13551734868
206026.70349086425
206064.95064478656
206086.16169912668
206088.16750034684
206141.2106839765
206143.1832078504
206188.50795899314
206262.69318608133
206304.62549968608
206306.09701949687
206307.10664083806
206307.29999883237
206308.43771585493
206309.06517799225
206309.7039447531
206310.40122150214
206311.95106818766
206312.59003102555
206312.91542311365
206313.362541863
206314.31724108726
206314.4344830977
206315.36661775078
206316.5588933053
206317.41865115133
206317.7866094385
206318.7895304748
206320.229552224
206324.403074476
206324.92270121578
206325.56615429962
206327.41213686398
206328.99505401085
206329.10236683238
206329.37778869845
206331.1265429092
206331.25777937289
206333.69564014926
206335.33271880672
206335.77564715687
206336.54333313953
206336.5798230089
206338.06952639078
206338.1660930279
206338.32251752008
206338.92065160853
206339.20259874655
206339.36486385987
206339.65509734506
206340.3342844848
206340.58881626703
206341.62382512118
206342.5441302198
206346.93615508603
206348.6785860578
206349.34666022364
206350.6537281349
206352.2664377149
206354.58171640063
206356.17193471408
206356.43957058477
206357.38076398478
206359.8067967915
206359.9934975967
206360.8047079512
206362.95018824172
206363.46290291764
206365.32660519754
206365.356674902
206366.15784102763
206366.17363046482
206368.2268902061
206368.4975937664
206368.71826946107
206370.66152274833
206371.26219349285
206371.4672657878
206372.41562451396
206372.517723352
206373.31282102322
206373.53872881565
206374.0440055096
206374.48162787015
206374.495684625
206376.98508192672
206377.09636265817
206378.1390538434
206379.0344769298
206379.12486798363
206380.24306044827
206382.57166416929
206382.8551032277
206383.8253676812
206384.1746992917
206387.5998359479
206388.41717617965
206390.8386629276
206390.89055499143
206393.86798732518
206395.01798959862
206395.25096478005
206395.57553093068
206395.7737541744
206396.8553756709
206397.29153382938
206397.42916787564
206400.28147953513
206400.82125753516
206400.96102534918
206403.52208643523
206403.81667792884
206405.51612493768
206405.53562045057
206408.49494226213
206408.61158419587
206409.31794805388
206410.07983767288
206410.7314085383
206411.0486334424
206411.5580961628
206411.5987076266
206413.0260478618
206413.15760893072
206415.25944198587
206415.73125182497
206416.25450862572
206417.24993674044
206417.7325822928
206418.06927913812
206418.58879432728
206420.95968602598
206423.0150047677
206423.14595443863
206424.3569506311
206428.40839782776
206430.47362738856
206431.03913114942
206431.14838723806
206432.91934038856
206433.74438597346
206434.03581472783
206434.13627894386
206435.24013894808
206435.48966498335
206439.6409644598
206570.84095191365
206739.2445819098
206951.133656785
206965.3460848799
207044.09633936957
207222.19245792125
207330.93550969215
207487.47937597142
207491.85786859924
207720.71967002284
207861.66831745143
207980.43396326643
208025.12612271128
208026.2638251809
208277.72426885646
208367.45066586015
208597.02940494363
208641.44340541647
208654.43620606512
208862.865966224
209018.6023731164
209082.31177149582
209249.89199857047
209559.91631800696
209854.1353585376
209894.81333173055
209936.33409446085
209948.68426783476
210036.0177936853
210471.40060767948
210515.3108707207
210546.93943849613
210581.04107379128
210599.75468758197
210620.01057717673
210644.85655493115
210645.34646333987
210715.17343602097
210800.95809687622
210817.57235294938
210989.6857638799
211031.87722786248
211071.19677095106
211114.60492770738
211228.44653787237
211476.91937381483
212076.76231148807
212115.40539926366
212131.00637206744
212138.1251958584
212147.46896446001
212156.2255316202
212297.41495416427
212367.61494975002
212634.16930027847
212717.8085706493
212734.36229788643
212751.12317603786
213024.86204110953
213097.03669544496
213403.2193744996
213462.79845795175
213519.07970949472
213531.94883210864
213637.6430537257
213719.60371003143
213724.69234429297
213921.37188778128
214164.48235649854
214255.04525375334
214325.85630759154
214335.393759488
214358.27826527745
214510.9222486593
214547.82314994038
214672.93416342477
214746.30538323263
214764.9712737865
214765.82044850625
214777.54017358107
214807.34687567697
214829.516305507
214880.22372529074
214992.0104818074
215029.068317646
215163.9204533983
215221.36725208446
215231.72417067792
215253.0173778257
215360.13395051702
215408.7765171156
215426.48795191385
215466.84003565065
215466.8447569721
215602.76324676452
215665.24053123637
215673.7948108259
216148.62635519286
216148.6699880649
216214.05140896808
216312.44891311994
216502.06502321715
216679.0674605479
216692.86247348593
216765.16282412392
216945.2275602554
217009.4823751754
217016.9808562907
217025.17754436296
217047.949208102
217049.5396537349
217060.36850577738
217069.70416450992
217072.97468702382
217073.98969312577
217107.0678716897
217110.18419434957
217114.46539501718
217116.57296136607
217117.67336463887
217123.0553525506
217141.83906284193
217147.18060148295
217160.36219474918
217169.48809803466
217173.24144593
217185.83377031074
217191.10050292398
217223.38203055033
217231.74835858855
217236.26755614768
217241.35245093916
217298.7475453327
217299.31485367139
217336.90950663367
217348.9439915751
217367.55572126614
217372.81148505167
217411.16415694755
217411.71034356483
217414.7078742991
217414.88869853757
217452.66184222698
217453.63816155566
217455.6210402361
217478.10976573772
217483.14669065035
217502.41711947758
217510.7652962522
217551.51449199923
217579.9678213054
217582.73499087844
217583.15811079726
217588.89780588975
217628.6660139573
217655.27166618197
217671.9403142301
217673.04684993956
217693.13255666697
217695.95964543906
217698.3485557225
217712.3422242547
217717.12222227897
217751.01381020815
217774.80912940242
217797.27771094916
217811.32250731773
217852.8482085003
217883.4639144319
217908.73409172066
217914.4007958077
217928.31103780458
217935.26575161092
217937.1564079678
217954.04730505304
217980.07536733762
217981.18143926907
217989.48019876296
217993.14598149608
218004.86940508557
218006.5762776363
218012.02041826845
218069.18766302266
218078.78543748433
218081.03566904977
218087.1170798234
218089.90787817526
218094.18988050564
218109.67663098298
218128.53189933804
218136.6956276095
218138.05460608943
218138.7249310372
218155.02930075524
218190.94054938183
218204.8876962782
218226.74807780967
218243.0454766986
218261.46738120823
218293.1289904437
218301.21369897536
218349.7343893218
218354.94503983093
218359.27993697848
218360.1300102687
218397.2800628811
218404.8769597768
218413.9361641939
218418.7303845945
218420.99477332487
218421.07207295572
218427.7594747912
218453.22054090013
218467.64046715212
218476.83601850804
218491.69841512525
218500.51916002767
218507.14110345597
218515.22327650766
218531.98457953127
218534.44034584213
218538.00132121218
218576.5928109228
218582.05934717148
218584.1820432187
218598.71976623088
218599.13904822108
218602.42636780522
218613.5079079813
218676.27739332902
218685.50082734544
218809.58892692422
218875.57802143262
218878.3941548342
219276.87614356723
220251.84773267186
220481.40975646098
220750.86391749803
220844.40019371267
220997.78265684046
221029.7463879852
221359.70801752916
221361.2338743494
221454.49017423554
221538.38171788998
221748.91923126252
221777.08745186462
222910.93469197594
223031.1954329281
223101.69924942672
223310.46599714598
223317.2436029717
223418.9302467683
223449.92213516927
223476.13932715877
223550.5863879693
224700.0773632889
224757.12104627944
224808.48718139355
224901.11814219996
225056.99059800216
225396.90724178223
225524.63447018727
225570.31088738827
226059.7824811929
226232.79362439405
226444.68403004546
226459.72651532452
226624.66387772627
226699.98488015714
227061.87363295857
227277.9622051016
227408.2289602163
227652.6895347345
227720.39360626446
227882.06060648273
228133.8947624558
228231.19585848463
228296.4526485637
228317.6534361511
228460.66475875332
228907.6798073542
229051.9923493073
229402.16548414622
229474.64876343243
229549.66755897392
229607.4534216755
229694.90640802696
229809.9190092241
230005.72564395476
230045.42310977707
230392.3799103145
230483.54601176694
230644.17024251347
230662.39151536583
230798.97177188488
230991.0098765388
231093.93823075847
231647.71994092473
232328.93068078323
232427.52590902496
232451.22661472784
232711.60946219438
232842.3494379623
232862.83000888262
233095.2032568948
233287.7951654719
233808.56895250606
233820.08425211918
234080.7608636418
234206.91843285627
234301.3778201547
234466.88503345294
234675.66768844816
234810.29052377352
234830.788594449
235175.6668425867
235188.6809458803
235637.08744879966
235899.1280784954
236056.07323092868
236444.79653208476
236737.29706470782
236904.0151291589
237474.49584794673
237688.61785093564
237706.59894448335
237869.01286660822
238090.64821738514
238374.76210258284
238578.4578960328
238612.3229368372
238644.63854496923
239750.88052183995
239943.6486613777
240246.55025957507
240645.46608306872
241357.16015902703
241566.13343598632
241790.4134217482
241907.03147773055
241973.3796477273
242297.80215946643
242341.93047535367
242541.0183051668
242577.3701989877
242582.20087633145
242894.41435123986
243066.6344083469
243337.41918307083
243650.35621349822
243891.36518031266
243922.31827388858
243951.40588907414
244431.3556051369
244557.03494828468
245120.2222705374
245183.1854746662
245216.653979478
245435.108756713
245823.01188878325
246287.1820038546
246351.50858121816
246448.2367118019
246495.11848989065
246555.34789019724
246557.4345177901
246929.62294281417
246974.59383156733
246991.69582924206
247176.8076001441
247319.5418966749
247409.71760077777
247423.99746783258
247441.76665310896
247510.55442561337
247541.03498785596
247653.7094203574
247700.4521322357
247731.6064012723
247760.4162395889
247820.17406525658
247895.68135694345
248036.04660710346
248168.22700968126
248171.94847003825
248481.0296560237
248526.2137319215
248638.82064503606
248639.76281815607
248876.87204533818
249023.93470322143
249030.6214612356
249194.6159199868
249265.25775783806
249272.70571050188
249314.01212771065
249331.9219829398
249336.07563644776
249340.3006237087
249395.79705264798
249474.91477125452
249519.88483026967
249534.1497500232
249620.30447988852
249709.30905604496
249734.31391590874
249741.18408599455
249760.43999285335
250137.06166092702
250138.74362666332
250142.26749005285
250399.9326028283
250421.01508791413
250438.7733374481
250439.80097612937
250448.41178316774
250690.95920863003
250891.3821139923
251021.96545334774
251198.92871298356
251330.6228769269
251529.31881293724
251867.7266495491
251903.25272661698
252139.379260014
252360.30646936654
252486.5169848768
252590.90227020506
252615.20709998545
252659.23125375935
252714.8520829473
252718.0094050232
252764.9791375048
253107.10040207813
253503.9411183948
253732.1663404026
253747.35693148518
253931.82258731796
253969.6972629086
254042.73401791888
254124.5092516411
254236.9266359062
254271.22335964337
254290.75122074079
254294.35377225012
254411.85089647496
254765.7110108237
254766.36096804275
254781.89116480216
254947.68563708087
255163.19612296484
255306.31405815584
255522.04783107006
256028.84828320035
256187.42139988812
256233.49631110253
256399.6977093737
256513.30367795634
256874.56408622308
257289.28583265026
258690.37606786966
258894.4737782474
259100.413380613
