154.9579626412488
253.6554417067541
582.9270533540401
965.3795576444662
1572.666739236815
1639.8710760818471
1700.3618298109734
1790.4304556831173
1892.7183329583756
2227.939129884665
2270.707700161171
2871.3400652279665
3140.997047726384
3360.5062975654555
3503.1126539381175
3583.4365564267496
3966.785426201072
4024.4653426993627
4235.884184363207
4269.9108157829005
4460.675161572483
4570.534192362295
4874.68296914139
5720.829198413062
5780.1857575430595
6213.652032135604
6689.913943987676
6773.192773079008
7103.362627973956
7534.7239142523
7642.719586434121
7816.924154925433
7926.110451814216
8163.819446886177
8250.414819648855
8304.413094318434
8539.56940459062
8759.798897387851
8963.686912313617
9243.168455916444
9246.71120705601
9276.361486108814
9317.695113230066
9528.541231451982
9531.26037686214
9553.089628982741
10127.562467891143
10127.699738120813
10754.671798743904
10767.108073892388
11338.95612840085
11468.39245560466
11481.117166818723
11646.020920029116
11736.620338573175
11839.356914022484
12046.639682372066
12374.673222553285
12407.00590543906
12752.907078490702
12937.024055273803
13389.217520046963
13482.054532533171
13498.3804996747
14095.470081809806
14192.301589362387
14345.859907135913
14410.163030367221
14456.141078741495
14523.879755934582
14551.13292719409
14664.195791238133
14815.638761023283
14950.481137123714
15333.353798117612
15435.875589651436
15566.196459972167
16009.592235818294
16442.392005956237
16577.126190380353
17071.78672898149
17227.222065637266
17702.675750292492
17809.76781563857
17956.53371926892
18180.980667132986
18865.46046408887
18979.369227764735
19005.3762846216
19268.42098873594
19341.82201704991
19375.410712954374
19520.288205875553
19521.03372172745
19550.767887591857
19569.927619954582
19635.33726153249
19648.07546899332
19679.698770878662
19749.20773063983
19776.94794184326
19836.704026732248
19895.085616043627
19924.63730754941
19975.70271959266
20021.035824443996
20031.44860270647
20086.23076211171
20144.29579154405
20204.108960901274
20231.68460787018
20267.781544802325
20274.453332262085
20344.177829981032
20435.269092298036
20450.992635302322
20578.637509798395
20664.965509139518
20667.47326182131
20668.96665349488
20695.251004388745
20784.185304481623
20848.490522200475
20901.523567719156
20948.83771967259
20976.73449479129
21002.061576925676
21017.991982289514
21089.02984997245
21374.52655550334
21491.71906676143
21542.77233164762
21651.775292677696
21682.536403256723
21698.053535113206
21732.749258313324
21755.943582550815
21801.27747867275
21807.59040621923
22048.263648966113
22079.86311230038
22081.935275044656
22128.246149449773
22307.012802143767
22308.66961988164
22550.694444302968
22607.25013958417
22666.173454254083
22692.405922378202
22756.241883492785
22856.46326714711
23041.656085961746
23083.356964905182
23205.23372389555
23256.39489191338
23336.65742894561
23365.68997648844
23423.10191104084
23518.162577493
23568.728705617406
23598.54487360735
23604.183657849728
23643.24060050148
23660.96242752934
23730.528353784342
23749.24946762682
23764.03827092824
23811.933316111586
23828.05855766311
23876.232117416937
23877.13806378003
23957.149674259796
23979.215502641848
24035.007531457188
24170.19418528343
24205.241175258547
24258.463575825037
24483.90179445624
24526.839926691067
24687.45082071152
24725.119467079465
24745.32479903062
24747.600800975175
24761.49994121764
24790.51475048571
24826.376707505384
24870.822486366236
24877.492874247644
24955.924526937786
25032.273614166614
25060.151960145773
25202.3614218666
25267.22499674971
25470.6491608436
25501.384048084234
25574.755222228523
25639.317099388227
25779.850101872402
25865.487264078827
25990.54166487446
26043.04588802387
26068.382896296047
26130.447680526417
26176.399049960088
26179.176038516853
26267.229673139253
26294.619830035237
26300.579845574557
26317.793350709228
26374.56198820994
26423.83458332905
26606.87090682782
26615.007559058537
26620.348935886905
26624.53351615365
26650.619552327546
26710.371309591097
26724.189585694698
26734.412249626366
26755.02385189733
26764.183863777893
26770.35541549946
26770.746739007132
26778.453816375735
26779.975332521113
26784.54207238524
26787.048936569747
26805.39699325665
26813.384245960802
26820.572708438947
26823.478907587487
26828.899621895463
26832.31010394943
26836.71385123506
26854.094734123108
26866.577850850703
26874.02554718915
26879.122958235752
26890.535461709558
26901.64191372717
26904.705819193954
26935.445606032026
26939.433536499477
26941.929555861254
26944.117864345724
26946.1038508799
26946.730344710213
26955.450889854863
26957.686744117047
26960.398260307917
26967.5989801119
26982.2070062737
26984.70617056225
26995.680558844015
27017.36042108457
27019.68925783077
27033.477813308342
27034.903729214653
27035.403028840454
27037.478798020064
27043.911629990325
27049.168769662512
27078.038743884397
27083.221018566164
27107.15088199847
27130.597619666227
27132.67870273282
27145.93249799611
27146.57060871154
27151.376677489294
27164.25668924201
27181.95162513375
27185.392057540623
27211.48573232108
27217.469398102385
27222.349423950276
27225.682319705626
27226.17527746903
27226.459297823556
27232.12928428521
27240.029901608523
27248.10717673086
27253.937768174626
27262.962152335178
27307.463320071372
27314.959204579907
27328.47779885063
27347.740332499976
27354.15434458544
27361.84214276767
27362.049459405323
27378.429333514196
27383.8893318745
27412.40322703086
27439.72017440601
27440.677946766762
27455.46387967067
27461.21032714508
27461.64190547267
27463.76690289194
27464.723185301573
27471.16510153986
27473.072372543902
27483.554747492723
27496.09165665955
27516.749782874205
27522.171790123906
27530.80199193285
27562.58909525671
27580.378913705437
27595.541916553964
27603.9488939261
27646.210675033806
27676.22119907271
27679.884159927853
27683.13915212344
27696.901043060665
27713.278107911025
27736.95253091747
27746.875321137224
27756.9405640285
27759.218075992034
27760.46002813179
27763.060885340357
27766.555544667623
27776.246250083583
27782.20337353842
27793.7881253019
27794.004144197694
27818.70022477397
27822.58893800862
27833.521128440996
27838.6925284654
27857.47817149659
27883.357301154792
27884.946581074815
27894.632144226016
27894.941818136813
27909.544415383614
27914.772811729188
27935.75687304234
27941.96733065961
27944.879594745213
27952.635007164736
27957.709465056832
27958.250710931683
27962.23941511925
27994.75822544086
28001.08232505969
28010.472702094678
28017.800674453003
28034.26637634266
28034.961541981247
28044.332481756494
28055.052625400273
28061.929159153577
28082.97818418116
28085.054543820595
28110.764982104323
28125.98530850266
28128.733750289255
28132.75420984113
28145.973268630918
28152.18265098251
28170.429899659855
28171.55896481263
28190.39930431425
28221.87886640164
28230.194096071882
28238.72602354066
28244.935997055574
28282.39861579026
28285.15233129603
28310.271912322667
28370.638100471126
28407.358806905602
28410.82533134389
28428.155932305013
28546.21364282678
28565.186925728336
28591.51173073585
28727.084576538993
28788.01824622259
28894.109341221938
28899.9056200339
29088.098217798084
29092.329704983516
29107.416553297986
29205.588001093234
29206.512986657646
29208.649100733106
29252.691342975122
29285.42538300202
29354.038128138312
29402.842362946172
29414.28520742976
29443.198510195598
29455.550539527267
29470.623811558486
29480.04368416781
29493.61603468229
29509.43046693955
29510.80683007417
29511.341639107035
29525.695587643135
29603.665039191663
29665.411384108957
29682.84092377463
29684.884282627143
29740.745275174395
29751.64993567178
29786.113244386226
29792.350923321344
29807.839605683792
29828.644141756355
29830.30087218881
29839.7492393064
29962.73870385569
29966.671556451067
30029.85995046913
30036.278277172434
30087.349185022507
30098.21743095179
30149.55403899491
30244.006105255135
30258.334500754667
30296.28463781853
30300.706409458067
30309.30015463955
30393.437992699834
30496.621241835044
30497.220084230823
30538.730278683313
30547.827796363345
30565.451096148558
30592.47630845176
30619.02952613442
30710.95038112952
30716.84916120331
30776.142326045716
30806.985375261625
30850.585733971115
30870.500670335547
30976.93218035707
31043.587173068365
31080.81418657329
31090.19905391656
31105.715372434548
31126.152217568782
31172.063520713917
31215.965296298527
31229.998490968464
31233.80455632889
31294.546394303423
31354.438184987037
31368.434078059072
31383.545987215453
31384.516971090838
31418.437680717794
31439.142036906287
31508.5569486939
31521.15011946527
31525.038348344595
31658.760204085884
31668.891947378754
31899.966849204015
31903.085440741277
31920.417436541433
31947.45801350347
32076.08780597759
32735.122703507557
33057.92500312241
33219.06925130084
33966.87580376352
34581.071281478944
35270.54610158784
36046.19981183038
36320.63810207651
36433.4912386138
36433.65134658028
36481.941006395115
36624.2667967776
37074.35226363565
37110.82486535246
37134.79753707043
37256.98964111996
37324.18240505902
37346.467618463146
37368.53877210963
37381.38864037136
37424.0600055224
37572.50552025684
37575.020725663635
37723.36569994809
37758.79382888344
37835.20510864911
38101.364130600195
38108.9925833086
38157.24632308789
38157.38604397169
38235.125960492565
38616.663624687484
38767.47301248863
38834.72808673077
38896.829774947524
38955.593693612216
38981.39945302204
39172.58744982707
39178.301020016916
39215.29581251102
39350.63833386863
39406.03388065181
39445.63693718416
39455.58613347067
39591.34189620521
39608.27302633947
39634.37101976721
39750.5416661415
39791.75264627271
40125.8050118597
40139.8396104286
40157.71978888189
40284.14206391106
40422.39647256941
40522.56816871545
40539.707693938486
40719.443259073276
40734.75522802217
40989.9395192816
41258.037639347036
41310.2762946116
41344.769805573196
41458.515451969484
41470.872412247474
41530.80726851262
41591.91813635077
41683.52366569557
41724.050376518724
41769.93868912104
42149.95074444779
42576.35461623823
42667.23684501327
42705.50693325177
42745.04628109256
43177.04535442733
43189.85506018902
43220.88369747936
43266.69911472873
43269.06982033793
43322.74577016522
43423.7353024378
43442.40785712149
43493.58334817477
43494.594039893964
43567.542013223916
43611.584049982834
43717.09503970051
43734.69516433296
43779.00592831604
43787.262107629904
43869.50860479494
43875.31846256816
43929.66281677427
43952.604859014726
43979.23998967599
44062.70688674563
44064.81079782
44068.41237086343
44079.6668679134
44163.48094536302
44350.749478881204
44395.447019077845
44409.31064261309
44637.788386442924
44645.42632812309
44646.42121345054
44825.99104742626
45063.85548783535
45227.517905801724
45248.685020866644
45278.44861607236
45297.068994419875
45305.359813795476
45382.93939724044
45403.840643820804
45569.17844627013
45607.702314419155
45666.384176468084
45717.09998607447
45820.35827694533
45858.1977652658
45938.840226157
45978.57410113417
46173.05900436237
46204.092364413424
46420.50785767779
46424.3471922649
46480.708984375015
46553.3492468316
46555.58520533609
46590.920517931976
46669.941285058
46761.27293029562
47040.12650514894
47126.35251061974
47331.90789346933
47419.085135509085
47500.262988218325
47785.112345097135
47913.10611745938
48101.58882414036
48146.13754510358
48220.304671024765
48233.230902855015
48366.58628638014
48378.63924530377
48514.015646376414
48622.169774699556
48692.89979490921
48811.187152590144
48894.60977476513
48906.89777070872
48907.950837574215
48933.0026593739
48949.51686191213
49085.25215958291
49114.92236428857
49470.230937612076
49491.30755000469
49499.69173062102
49739.97684721042
49754.92105339964
49809.49187127808
49908.69119257985
49966.520541771206
50168.620625126154
50226.785383666596
50401.21546018445
50434.23529664143
50461.26752673855
50476.846496929546
50485.36735715686
50718.31136858273
50749.0749901679
50779.96763390946
50865.16573877089
50883.039699209294
51065.76007639956
51286.376590226275
51472.02509725299
51480.80467389108
51532.128020364944
51566.70252527046
51571.851692398355
51633.27148916014
51717.5389279119
51803.03623724933
51871.94194994877
51971.24858224814
51972.36107582888
52555.250598368926
52594.35084361125
52660.46626066459
52800.23513388145
52832.897339564006
52877.33169719236
52916.4227662105
52923.070776397486
52945.857789260954
52975.627447061226
53032.68842020889
53219.05233661523
53291.597424173975
53327.255477704464
53497.503114474974
53497.974430368966
53710.6675353168
53767.85873169946
53812.58715377534
53880.30784852437
54189.13244151413
54190.19865252956
54263.6972445082
54283.61729977049
54285.169801933574
54303.004910265845
54326.5773162735
54588.56276648689
54643.175101456254
54649.663132021764
54667.69521639124
54677.91207710381
54784.60428023138
54875.74835603137
55037.66702121379
55061.21154287888
55185.84503673678
55195.143686731935
55362.62043069239
55394.76329435531
55466.04777944502
55486.75212708019
55506.57722642198
55512.68243859784
55518.15531863714
55535.21503237531
55595.26057419718
55693.39088355544
55705.92831462082
55834.249837752956
55973.32617130074
56293.75887866891
56449.539234751624
56520.75027795114
56624.93275514485
56759.97995295126
56812.91461426899
56831.36034634485
56938.483561183115
57161.422318962694
57362.08052765227
57476.23114126291
57632.84510084486
57683.6956086268
57708.174242140456
57778.34831216605
57781.69067437194
57789.612483117795
57856.70997915314
57860.43334534015
57863.81502798627
57877.43640360487
57878.288173898116
57919.099978077495
57961.252761157426
57988.5604566836
58004.3224038721
58035.81601573075
58052.81327870492
58068.99878574395
58121.47836229578
58141.37496217454
58150.55844353458
58167.308634793495
58170.37504877015
58208.93233484555
58262.60435361112
58290.3663805333
58291.11395970433
58299.828064104935
58382.73316859258
58418.29294370725
58483.16273384134
58493.11162558686
58498.59230294634
58498.855266980834
58519.36243647229
58529.016930031656
58582.35367360959
58590.010333130514
58623.80702989816
58736.50988885346
58751.66537755516
58755.556389669146
58871.518159188745
58880.881596210034
58927.51401180486
58950.008397732934
58953.343721007834
59097.02932435884
59112.20244870921
59121.492170521284
59139.5265284487
59158.1001466271
59158.92075361362
59159.2233206117
59172.384967744
59203.838489244394
59214.48102366815
59273.39758463365
59295.57804015546
59304.18450327774
59323.47552671581
59328.95630425116
59341.99262365631
59403.99455793534
59426.137081316156
59434.96919366957
59449.11037433804
59507.28383853238
59535.77454243195
59556.85664879988
59557.84377545499
59559.39533131196
59582.4283336614
59588.65993948214
59607.585024111104
59620.31364719125
59672.160227486966
59687.53603471202
59697.11875064006
59801.407275363665
60497.36605987947
60544.339033119
60801.37482906152
61390.97480235703
62049.29690463045
63312.11658732127
63521.99421093158
64196.91095792807
64497.504659011196
64526.99599824798
65847.46821487491
66030.92207209904
67130.37234902332
67158.86868748785
67195.27908082004
67449.19782254403
67481.22014950801
67622.49950475825
67626.59438462526
67801.2702904657
68059.8367577748
68214.39391783449
68221.11942054218
68319.75693534361
68440.09225089072
68592.37606948346
68692.59537884824
68930.88562322532
69170.98753726734
69193.50146853033
69299.5137476548
69302.271835191
69460.01247024207
69467.47817533695
69563.37984460303
69664.50086516474
69740.15234904508
69832.40057560771
69843.37144761707
69912.34457272182
70345.3554960355
70681.88866770311
70757.71183038953
71082.18017665207
71142.93705603313
71257.18311229067
71257.92254071648
71305.33228933376
71503.97234715195
71941.3927278721
72128.62140990022
72341.80838957612
72351.5987350003
72477.88272608764
72527.76961077905
72563.18210303552
72567.95302359173
72647.62359370537
72717.33754718743
72754.1107941777
72808.27041754109
72831.49889076018
72984.24107580978
73237.27219774242
73275.58196249425
73317.20783307699
73459.27171903313
73529.75169386636
73546.87711820951
73678.6263032309
73716.6097968775
73787.65578103135
73875.03422736748
74013.16448433585
74166.06796505427
74195.67632306958
74361.60150831622
74432.24719212584
74499.04273549249
74535.20046894107
74552.08446438976
74559.90085959951
74664.3713324697
74677.64079411788
74784.30331342523
74815.74429253834
75033.51408084041
75034.83425560292
75063.10672325522
75610.63816007542
75690.78569614778
75789.33103049839
75989.56085555656
76002.4166974478
76173.65114363954
76217.25265042514
76236.26851663845
76241.39031939929
76332.71501344698
76588.00922503414
76889.97512889082
77000.59793732618
77032.14120492294
77123.11613554822
77274.80037667912
77382.99854143009
77384.75061997701
77431.53635699619
77655.69573996881
77927.53652270306
78000.56837488622
78153.7466772374
78162.8726337095
78316.21365927177
78628.39677795819
78775.98757729429
78908.2617071389
78950.46609026927
78993.85559839052
79079.0687040294
79225.09885421915
79406.9985526177
79423.93936277946
79520.03130658278
79706.44803226393
80396.94634636269
80448.3973760533
80538.85835693199
80548.21778620046
80658.38949408614
80771.425397283
80843.46621707927
81074.10802917225
81143.34924547715
81240.4979700323
81347.02088873755
81813.95440533958
81854.17509551617
81949.52898668373
82872.84252064179
82880.50320994346
82902.52206613477
83477.06573215325
83641.74922387367
83667.05473563865
84602.98914608356
84673.50929938494
84812.05685331556
85102.5577576437
85148.86519668612
85155.12388401058
85161.97745332477
85385.92601790023
85451.5439155634
86146.18036876488
86331.19119322195
86377.20936976055
86518.0691651242
86703.52522301304
86938.0197489957
87038.4506756438
87166.7290781572
87599.88281214374
87789.85405478987
88800.20848121101
88920.542505091
89084.65100080584
89131.57984199598
89440.53989834063
89576.32292110073
89748.96983311788
90132.32762914256
90178.46658827695
90295.23459554499
90347.09463263709
90358.03448599948
90405.96508375811
90413.58320508759
90475.87006588088
90766.65224276476
90854.16750528007
91614.88199567988
92346.22223368914
92352.80224842559
92879.98452082471
93120.25803595707
93226.94674432291
93788.75148188148
93893.48652491192
93894.43221570543
94289.79665519486
94497.31263936564
94519.15080849471
94634.21873640704
94874.74338482009
94875.97611497798
95019.49577818647
95248.26091443076
95265.61437621886
95341.1312215166
95368.1852522367
95400.68782992364
95479.88817170479
95594.93419923198
95702.4648952109
95935.44576975949
96039.53758242638
96228.63964808504
96263.65546117743
96268.83059000186
96443.2776114548
96516.47116728757
96537.44159052604
96807.63998575526
96914.48528607612
96968.10614949751
97143.86170732384
97292.74756051303
97639.76215943122
97693.09547873214
97694.09736081256
97703.38500052877
98118.39484771737
98365.51729392295
98435.2734954264
98521.8575508114
98912.11081523489
99034.429387406
99102.22536865604
99339.58098854139
100005.93067279366
100109.67498687771
100142.29322737415
100179.56959976182
100458.71740380005
100692.92372869657
101115.57746440374
102090.07321000684
102190.60114448471
102867.01028228151
102915.84796413862
102984.14993504633
103135.20286705188
103319.22303322874
103381.7357817792
103738.6578626297
103742.04954525686
103980.73068416172
104312.1376511947
104327.53450429201
104451.90880301116
105380.31878369562
105578.02086950041
105698.45748727684
105754.51975798554
106100.07187158086
106146.05150990235
106160.97206256252
106261.11755243303
106342.01216486702
106396.88604154288
106465.18504224927
106602.09049348271
106604.96899986388
106677.64353463364
106868.76208082645
106992.55192663576
107065.17074586847
107132.9527082158
107167.53587622699
107208.7543192269
107213.67697675986
107240.7933872545
107302.25535319877
107417.33135283603
107528.79007191389
107610.25180608044
107685.06212425424
107686.8403803521
107828.05305767983
107982.76936660826
107986.73180035208
108015.07111987191
108045.91539247286
108101.76002044293
108119.18651573858
108273.26902298549
108286.13141154544
108307.24570998449
108320.34182726487
108369.34116037257
108427.11616542407
108452.26114490714
108517.78863588316
108533.09756590253
108618.75488102905
108665.15391566159
108781.9956811876
108823.85035882461
108836.21202894975
108893.01283298843
109039.06774117806
109046.95631160936
109123.4499429897
109128.75032596674
109233.71220406253
109325.98626250475
109388.50131410705
109396.96432950337
109550.62637996794
109602.18602422676
109858.54691621294
109903.19371373495
109916.17816188157
109924.92501797945
110193.35492325283
110346.5545386669
110418.47741234984
110512.01153162445
110536.8136967994
110633.10400369752
110792.959584762
110813.48659076779
110815.13756195536
110893.96344177953
110952.05541207019
110958.15185375614
110971.56270342128
111028.63140171218
111068.75468114481
111126.85281778606
111142.85775521131
111173.30353826772
111242.39183350315
111385.65089673718
111612.04570748832
111646.15180769603
111867.00008481008
111965.63103514473
111980.9583688274
111987.99283951023
112050.20323961444
112069.10823269724
112105.57653345808
112106.34691181542
112258.79605286432
112299.81126537701
112666.37537939561
112671.02564935709
112709.49714714356
112831.4127578215
112854.6563235042
112931.12511696151
112941.07310921486
113099.29028264209
113102.08338341763
113107.91734261552
113136.26479253714
113142.80116210051
113160.64357911501
113170.86208435989
113205.39365974747
113233.92985823151
113270.46125633578
113282.74132990853
113283.3769017053
113305.05450873425
113317.38386095369
113318.12567551038
113318.25516293367
113349.9831376157
113351.40156095676
113352.78969474908
113362.54014649297
113365.7939392829
113381.58041071711
113402.37013781189
113419.67661886255
113423.83971005821
113432.13835221832
113451.30212121177
113457.1399562883
113478.73334538116
113505.24063588814
113508.47365336571
113536.92929417898
113540.76689747779
113553.02631672549
113556.11401700795
113570.45923615896
113571.47615925252
113585.61860544642
113593.1920958897
113596.37550647679
113598.10756479565
113622.9007063164
113626.85088791543
113640.5230950815
113646.18559253242
113713.97950175247
113717.85313829164
113722.91376947293
113723.75598236249
113764.64476257145
113777.17149502173
113792.7126528907
113811.02310126362
113815.54377674208
113817.61351319219
113824.00052509263
113824.71485206994
113856.8013259579
113868.9585412489
113870.12058664096
113876.7372909627
113911.04942212811
113924.54865762725
113928.40252593848
113931.84011864844
113932.43507462105
113948.79164188309
113949.66560835783
113952.37437311927
113965.25284878945
114002.52639664915
114021.2765290457
114039.477312397
114044.57326192743
114047.52579107144
114051.57818029514
114082.86835704425
114083.79133757894
114085.45668868699
114092.20064995345
114113.76176429537
114117.43107916514
114135.39020301026
114135.41960535219
114153.76586856043
114158.0296739992
114167.95595648057
114177.28942354454
114183.5054854522
114208.0665898759
114218.11842269161
114219.31564748223
114220.7469406795
114239.33112494092
114239.87262964124
114257.52588663813
114261.62258626663
114269.99594167522
114270.55167816281
114270.78021468404
114271.31564033675
114295.89402306465
114300.80413687137
114306.31970372683
114315.38327267494
114319.33214834872
114322.56260524837
114338.04968178968
114344.7022933515
114349.35284498535
114362.06747977239
114373.63098237777
114383.61284031827
114392.95197235965
114394.05381296609
114399.78374220977
114401.69260983306
114406.84954964693
114428.9260140161
114433.69362352617
114440.98664993765
114443.52772085872
114452.13061860717
114457.07242886306
114458.74293539957
114459.10686565973
114473.10996004453
114481.88238634396
114534.90923198024
114546.176868571
114547.08925339617
114593.36133652156
114593.8512343902
114608.75334705893
114614.2696603121
114629.27051012989
114637.96362544532
114661.53195394353
114683.50534573493
114710.49806557862
114721.8045637257
114735.10780743178
114783.2890595924
114920.95212725876
114997.43677310622
115037.10337989024
115104.66981331169
115107.43781099105
115135.52930649644
115144.0930359282
115211.01621363193
115224.35196338012
115231.26664663861
115330.24909029996
115347.86662103214
115360.59537110348
115365.5661802802
115408.82462016084
115451.55375893309
115452.29735882899
115456.78833944845
115461.66977971837
115528.02984160266
115579.25126647286
115603.44765453659
115672.2649915608
115781.65202697786
115787.78430177455
115825.9819093707
115876.84577328303
115893.17415451245
115952.75114498237
115966.58889257655
115988.02970859714
115989.21414286713
116063.50653334433
116168.42693055747
116258.03334144135
116369.12765170333
116456.63570826288
116623.75991408635
116662.92839205476
116682.41345332157
116703.47309128853
116776.36057649611
116863.4479657649
116897.76299780031
116899.08780790148
116908.46640960421
116926.05997991898
116959.1486515206
116965.98177799865
117128.15880062198
117128.7060934375
117136.69862230179
117199.9652096641
117207.43389378872
117227.13549221597
117227.24582593562
117235.11084035963
117262.2996187796
117355.92600015417
117371.23714591961
117375.3683202131
117394.85262221198
117451.36684733118
117490.29131748533
117499.48507785288
117550.85534500476
117550.96446674936
117564.67497080404
117570.03134999894
117573.65368696424
117607.14860376055
117703.20077449974
117814.31547887968
117871.4544087741
117895.61810751676
117900.00580085849
117917.09728791527
117931.43035425848
117995.3184391592
118007.60683069586
118079.82808044716
118149.14107604529
118161.53264624914
118177.47955125144
118178.03118953665
118241.90546357264
118242.40252739735
118263.16761377321
118320.74287499738
118329.79498744648
118347.60137675158
118367.80906208036
118494.9598276574
118613.14075340611
118615.3034924506
118697.99342397216
118701.88977289149
119374.77446805961
119732.90535543766
119868.48711292048
120625.69680409148
121639.86919540464
121693.57696752498
121735.29950702717
122029.37401918732
122616.91370271728
123252.07175776002
123306.45114303497
123689.91198364069
123749.769823568
123804.07096300425
123890.41883109786
123967.44909860796
124132.85090520048
124202.18114390907
124319.92418770751
124353.2500782208
124502.02127842413
124736.67728404264
124912.07702864309
124948.61336620947
125067.28808862352
125150.01656024365
125288.79436368331
125303.06539596658
125323.87295216312
125336.45486787657
125348.96869376901
125359.61422138402
125529.66877729914
125535.31579369275
125796.31351037395
126213.5871942163
126346.93163761383
126413.83536005963
126441.77951066854
126503.82890572591
126858.54466193952
126886.0305974342
126891.58039941255
126949.50017593545
127187.31373014548
127260.96047493482
127307.2388248461
127336.37106286007
127432.33027357594
127495.31827722289
127655.09749367455
127849.83162320484
127916.085288812
128352.63766884245
128386.36046426682
128491.98671519804
128505.17554459634
128628.9936217336
128870.15585361654
128921.35714399265
129212.14689600893
129245.89978478244
129333.08933664425
129403.10178783222
129707.7488268282
129733.82519168893
129998.72439799736
130049.51677439405
130184.71367177652
130219.67179480597
130577.48781461877
130651.33077700995
130744.04832253918
130872.33680347641
131101.83975952357
131195.7525514115
131290.40708151466
131376.32420509777
131456.22252268155
131701.38028393034
131832.78935638609
131856.51584394064
132053.19051642274
132563.28389950682
132881.9403789564
132891.15201533632
133039.45752465737
133129.24066330158
133185.27090560942
133217.45188765827
133268.56498263907
133339.89853320262
133385.12885503884
133397.2254872208
133557.30148753274
133963.05821978993
134168.69671417656
134224.13075461282
134279.99949577937
134299.70053289103
134444.62559223373
134552.51175249877
134718.94079184788
134901.53486980678
135294.4151786095
135325.78324544607
135369.158360905
135507.22415014976
135748.02331486053
136109.23340883187
136189.56742589426
136442.13799633668
136563.77001817158
136591.54581826692
137106.6813206304
137563.8660467776
137586.34271381635
137713.20351107646
137725.13258257046
137798.95036315292
137868.18582002193
138122.83982142172
138155.20322603502
138169.8462702297
138298.58208738195
138426.8046615782
138606.35196404668
138666.31484472385
138736.15153288975
138738.80033451426
138840.54157579623
138861.547364795
139215.57059472764
139374.36821555224
139394.41574129477
139476.6019189817
139800.05418193823
139825.14463331492
140050.84043279977
140290.73891438683
140413.20586158027
140418.6286334199
140453.52518575228
140492.25812085273
140540.20540525584
140688.324587466
140767.75531252817
141007.61872587592
141145.7356495019
141151.7931400336
141406.32551571014
141452.50958508253
141456.92219408206
141485.3457083939
141534.4967716092
141722.1239126793
141867.42425835365
142034.81636761723
142056.3696718912
142185.34847657185
142329.118554815
142479.0701049058
142535.87137783776
142558.07936057815
142775.90465146967
142800.88946859114
142821.73249188226
143154.85904166522
143255.33211393433
143389.93140419872
143411.78124946734
143619.27971716947
143745.81515386415
143761.03977425105
143762.58619895502
143847.73944355722
144109.95922848245
144146.40944434208
144185.0824286776
144188.48366722846
144189.58338378262
144190.50369992957
144210.60143321543
144250.96145884763
144261.480352609
144411.2044257221
144488.58099946214
144507.25186301942
144525.1262776212
144560.39461154057
144591.40530504007
144595.95820620732
144676.34755060502
144744.57337787095
144764.24035292305
144797.74280079556
144801.43248870922
144845.65879875765
145007.95194724738
145011.130026524
145080.31578074885
145114.35801995647
145166.12245287845
145172.31581926683
145173.998189759
145176.75975327042
145203.07258539065
145263.57697194343
145266.40559215122
145295.87713833927
145373.4364240843
145385.725657531
145465.20034900605
145494.6253854573
145597.8498960506
145662.89892494134
145675.2055568705
145734.45451219412
145854.9529706588
145858.18914767337
145868.11673804812
145877.04244134208
145889.82656105317
145953.5767158808
145973.82187020112
145981.90130764394
146070.61463337275
146094.04534347524
146116.37001059862
146225.19744881557
146646.0616293606
146961.22527666859
147095.85772194632
147544.31892869488
149420.5033593701
149711.24781218197
149853.32302990044
150534.4992247729
151716.38871400576
152566.1986743634
153518.80737892888
153530.02640810708
153583.8560007513
153613.88214613055
153771.48581596377
153825.24053238682
153828.04121116767
153909.6970009525
153962.85018418403
153981.11723635852
154067.2820213695
154381.78553806708
154402.53661471826
154701.08398891726
154730.32096155212
154934.0317058813
155117.48971956683
155175.37525901146
155176.9926370819
155231.58288912807
155241.07134436443
155603.42109844132
155748.6913727906
155886.51072342147
155938.42925247495
156043.4259090596
156052.5161539243
156073.4045933317
156210.54130514697
156423.682021322
156495.90749463346
156529.20822887344
156533.09473842132
156551.62937454105
156591.71366354334
156738.05160613786
156837.65957479924
156974.45543428158
157243.35420374188
157371.04489773008
157385.05858118075
157392.30893013818
157435.17359510285
157560.2779974799
157666.00778443887
157693.30856613617
157829.9095595404
157861.49456805765
157923.8030607708
157940.1977726998
158238.46160089565
158254.69538546645
158319.51183247223
158419.918957546
158451.63729006052
158500.40702571825
158769.8415980009
159001.05284478946
159005.75262441835
159141.09904653055
159169.11382416857
159181.79756819282
159196.44294303143
159221.40782839587
159307.0534931954
159335.0151585808
159661.08959620094
160057.89510256794
160235.04056276777
160287.5283262838
160407.66667963908
160475.65751820273
160539.74393241171
160686.10116483393
160912.480982975
160968.0373778445
161029.77580175953
161032.14603056386
161296.0346413516
161610.56268515176
161646.877623517
161804.85835261055
161816.8112416209
161849.3492706953
161926.52873470716
162011.4243276894
162174.8739008166
162197.02974824153
162230.1058198951
162305.4542743286
162451.41690029012
162501.95242666017
162516.9276497724
162559.28622235463
162589.7205957683
162775.9744027728
162850.83636308345
162859.78086966823
163234.14635351763
163267.33976781755
163311.6603002577
163316.14775663347
163558.47396621655
163608.03173855224
163642.6312165134
163664.08377621594
163669.5105648785
163717.0592942413
163790.8743906534
163873.74442987327
163939.02868431687
164149.8209486907
164242.46375263223
164468.01608781813
164548.71840039926
164589.32454512775
164598.32591020508
164627.14886013133
164681.70217279505
164959.64853075636
165026.91336055886
165040.08644545317
165055.64930157055
165109.7923133328
165397.22611099598
165433.26623016997
165447.93630690884
165459.1224463019
165492.11504574755
165727.45936191975
165770.5878699022
165789.33280617982
165834.82135871673
165997.53037590533
166086.79608107277
166106.5833838482
166627.39906793498
166635.2400997346
166894.55999005435
166916.33608966277
166958.7098912516
166972.27710223966
167163.33633413314
167170.94691683975
167184.67059297737
167210.6485738202
167276.93876468082
167347.79882346012
167365.3233358076
167581.89931693417
167647.61291425404
167794.31852770658
167942.13445970137
168434.09160927802
168471.7778879804
168594.7055236798
168608.51234397967
168727.92511898634
168950.1883181475
169235.4432424123
169285.23968545423
169327.6233459432
169497.21046504282
169544.13403944712
169697.4533796943
169858.48164342466
170078.63679783238
170131.50530984093
170166.5146512456
170518.8867109245
170578.23575621794
170652.60123463903
170722.82400556098
170799.6998531665
171128.02440883862
171242.2975739478
171353.08034418983
171454.6704226206
171483.01546016237
171671.93471794878
172093.28709238966
172129.0499716733
172228.05421667773
172371.6211895996
172686.64349177893
172716.67008629066
172718.04231920897
172820.8618014875
172826.46760611533
172920.69761322948
173478.12760862987
173662.56537476415
173672.9065380953
173783.93471364168
173925.84623958776
173993.1421955213
174124.91168744667
174147.39753356995
174671.47926173496
175150.96165946766
175170.27030823915
175353.56203009377
176078.8170678021
176761.99990120734
176993.02592033375
177081.7804926679
177423.29339843788
177473.31093244543
177639.9170068778
178498.2693147747
178779.60339012012
178794.8349649824
178800.4566566784
178893.180138789
178895.901722216
178924.9139787273
178929.59695429355
178937.51539718022
179213.02755516907
180102.46703906643
180208.67163459145
180215.48053846188
180318.01750793125
180336.18376163347
180406.92464562977
180806.988534364
180874.7366644846
180998.18588016185
181188.09596574257
181254.18559902374
181551.54374786266
181629.42805933286
181701.35716485436
181707.8702938131
181787.84000086898
182231.154450349
182420.34112212583
182422.25119281778
183354.4726457949
183775.70800319788
184129.10332194733
184390.03795206067
184730.51418328926
185293.96934527913
185605.455663655
185996.62555003847
186040.16361585833
186312.94413768355
186576.9648713178
186680.88024851633
186909.85839103928
187152.77821913082
187329.13592836037
187560.53227198194
188111.35415556538
188348.81860618488
188593.52368556926
188799.847888922
189256.0672354311
189264.7610206212
189326.91168431324
189329.75662160647
190165.1597776294
190690.2627089808
190778.64753231933
190869.92189342325
191335.42441671898
191669.90737460824
192054.49247315843
192095.0655730654
192266.04524445845
192290.74676665838
192291.55241190863
192413.0203857819
192552.47675707657
192586.38134349117
192596.85709124856
192608.89910580698
192702.20966983555
192751.39015829357
192754.6548034404
192813.9645527196
192924.59882625812
192941.2525711406
193010.55969256908
193025.5409813865
193042.9567729235
193055.00531784512
193107.48384984335
193136.08066793712
193144.20553323787
193216.28047687473
193241.39635280025
193277.07426644873
193334.06247377806
193341.43973832685
193390.82663170315
193416.13425339333
193472.65619907176
193492.29553428083
193514.47578407946
193527.39634621152
193638.43603318275
193733.6696677933
193993.21479896808
194023.90572649392
194110.29692889022
194326.33056272147
194490.6018924587
194567.42794500504
194613.93262232534
194662.4616668905
194734.76760408067
194761.88813817126
194789.1740131609
195289.66721183647
195334.6352396574
195425.46066069498
195464.31881374875
195475.82852317722
195495.29935658412
195720.22326282278
195752.93205211568
195835.3396740278
195879.76777326554
196000.58195210685
196084.56857587982
196104.99251604325
196203.21990802806
196266.42100308865
196311.62363867654
196395.43597016094
196489.59841234496
196616.95508645996
196813.2756726753
197012.84409948933
197029.4559139411
197056.3651824668
197247.40996198784
197248.21144585093
197273.16938075918
197293.68670677627
197299.23789307757
197323.60607746078
197345.91099089367
197411.29858450245
197590.37793271145
197603.1987942183
197889.1080587326
197894.25738826857
197953.72258868182
198105.5114457528
198141.2226190057
198444.42667998446
198494.06276425716
198696.87581803714
198739.86685185018
198759.09108413625
198792.79687558988
198918.14464166848
198987.92705663922
199033.13201638314
199121.58890237805
199189.4865484586
199365.65011890163
199430.27634549537
199453.91056483865
199459.6876617964
199509.50300186235
199549.27968112665
199572.77967020174
199573.99684852784
199577.08394761264
199611.3733011003
199626.60775243753
199629.4125450877
199635.59207595472
199656.02328744423
199697.70052957622
199728.26527052143
199735.86580008588
199740.19256898586
199742.6921174124
199746.2857091006
199766.75446692898
199815.7979260987
199818.40117590158
199825.67163412084
199852.45120943183
199853.36536184163
199878.03739057694
199882.3173013504
199892.35414584648
199893.8905681342
199898.3668045046
199912.30372258174
199913.61440212769
199913.83319766403
199914.26335115972
199931.17536277632
199941.25753349284
199947.75938735364
199972.70519706357
199977.89480204086
199979.01771560704
199979.0591825354
199985.17454297259
199987.06703764974
200021.0098016783
200040.35430274002
200066.95025609157
200071.3202116605
200076.2018306286
200077.5850544874
200082.42486900566
200087.39777890683
200088.3360296936
200108.54883163454
200127.86186894833
200127.9544528257
200134.02733997957
200169.3241728727
200176.14984005783
200178.39479482928
200216.43994311948
200231.74949125043
200234.17694629708
200246.27249997229
200275.1358747846
200277.54376144102
200296.15104685695
200303.5944307854
200304.28249314672
200348.7524286811
200403.79016951748
200411.21146798413
200415.34210000758
200418.12849613413
200437.35482513034
200450.10019058577
200471.2493588383
200476.52214358543
200478.32462040763
200482.4676399997
200505.1880326367
200537.33224671986
200553.57564468443
200559.6181084165
200560.42502632522
200566.65289529695
200568.43206792485
200604.1059394116
200607.0431516902
200646.29833793995
200663.15515508215
200670.22464776004
200671.27294601506
200686.93054586445
200705.49668875267
200709.39542095133
200712.7966788148
200730.96494143715
200777.56308269573
200783.12404694248
200785.02949138914
200788.87788229669
200804.82611987833
200822.0489471904
200829.19798102652
200843.30976057306
200843.7395383336
200853.96361044206
200859.43327560037
200868.73148977626
200882.9899362054
200885.4788085771
200909.40044822916
200915.2565823971
200916.32477052623
200920.97822072328
200922.25191706477
200929.06005440914
200957.21953915825
200969.50445429035
200970.79320589366
200973.09478685274
200983.11826425354
201013.05134836046
201036.6339117241
201052.90912255418
201056.6728048076
201070.32685524886
201131.37920141965
201143.6939313996
201146.47575262556
201172.81165168303
201280.59712851778
201283.8990552883
201333.2398928888
201373.09781213437
201394.96262210916
201421.81763802806
201443.35502876653
201500.1715931806
201518.43881055794
201526.56427401386
201565.70301361254
201617.32959889364
201682.06051056224
201776.13628243766
201826.22566591614
201830.35555440586
201835.094340646
201877.7749579871
201976.12690198596
202005.647205392
202008.55536323553
202040.1706274506
202051.97981393948
202207.16097692706
202262.88657286714
202310.78929472607
202322.98526633985
202339.87929096888
202340.61763583266
202392.06808505396
202406.2845626394
202436.23935805858
202459.92987527355
202492.66333090374
202505.5251044978
202570.45209641484
202597.9535176872
202616.9744301212
202679.46125122425
202746.25090603618
202773.5162564752
202805.3768509715
202811.89068647043
202819.81696988197
202854.41088494883
202896.34052677895
202908.2296580817
202912.36508318677
202948.17538341615
202973.09638762087
202973.1256750194
202979.50360973334
203019.0763854434
203033.58336496356
203146.62335316956
203208.72110544657
203211.91573329267
203310.43618455852
203334.45868880034
203434.05003578943
203510.59223693208
203511.87511034228
203534.44741624166
203548.63072529004
203551.79970439352
203560.3458270863
203638.67714026614
203664.88467725264
203670.07672409722
203703.58204595052
203754.22265562514
203756.07550953873
203764.09079897354
203839.9398109474
203842.06181414463
203957.71389099862
204021.05515934405
204071.57728231314
204299.7158164479
204327.00922078596
204347.42672779755
204369.04522378618
204438.2080568971
204458.8696072872
204529.23137626884
204550.33104798076
204573.6332509105
204584.1843550317
204612.73375179176
204681.71357019502
204685.8659368353
204752.15348323388
204762.90271865032
205793.23854273878
205900.47488822628
206035.32771783276
206246.27147487222
206359.3817324191
206483.422151535
206862.47323470085
206900.82868998597
207021.51245254464
207056.55594516537
208427.7427701207
208499.51487913795
208601.86211777187
209427.98683733132
209592.5747062262
209667.64426369313
209915.06868254422
209962.74410427368
210043.10622656147
210090.88261672074
210127.634562805
210151.7196236109
210215.83590969155
210250.2275702147
210261.79187937334
210767.4600066191
210827.2006237454
210864.62496431966
210948.65168989624
210990.65266291244
211160.12264923268
211204.84331534078
211226.4580652109
211345.98689054826
211372.29816829544
211482.1990418262
211505.99948133802
211527.09922727963
211831.22153520936
212019.68118327874
212043.3410670072
212158.84287740025
212186.2285422237
212273.34204990213
212349.70247711512
212412.5912539217
212714.2490314218
212934.0436919462
213053.9387732494
213057.91817185195
213286.41848578388
213662.4309453583
213789.39230376377
213970.89372771428
214048.92461111088
214445.69329075047
214482.8846904073
214541.75896691834
214597.13720947408
214621.74720043657
214744.4464074628
214885.90508539646
214981.51614767654
215148.76556688373
215265.9864496414
215282.2823961983
215382.64479815162
215667.9024299056
215699.86980422205
215742.64797079735
215749.82024145644
215776.17026205882
215870.73047675568
215992.55710905237
216318.15088560357
216408.46536818132
216688.17451716404
216869.07729913358
217063.48016601443
217100.35954554146
217208.06830849865
217455.86515320255
217577.24054590415
217915.05214804792
217973.9178750211
218028.55529958132
218113.67134540685
218204.31776893054
218408.27393895562
218487.76594601083
218682.90142430525
218773.24224585237
218935.79369911045
219043.43364762294
219369.21574199098
219445.98713407485
219836.0526494368
219868.30202244176
219902.0771544451
219919.79732155864
219921.81421243167
220337.51623061794
220498.34509134563
220832.08628166156
220922.9387371075
220961.00084055483
221030.0280566918
221171.20475980238
221172.88134881295
221450.10494555562
221753.6557254078
221964.8067609153
221986.71105155602
222006.1025080857
222155.68207846477
222165.9335247778
222298.66602698818
222313.758277542
222345.94625560942
222359.57289820333
222431.0358473925
222528.79522866855
222606.33347447065
222793.1215563683
222881.99762513954
222897.30965317102
223013.73367829405
223026.45528735052
223326.99057638473
223440.05594790904
223455.04951640172
223660.60790316653
223684.53843352574
223688.87087234872
224010.60675460825
224130.70669504115
224158.57225499424
224189.0186048125
224264.82346307003
224393.76417934094
224420.74075308605
224514.1942141491
225078.89421797366
225212.241413754
225602.98636417865
225650.95868406896
225705.48163661067
225740.41944208954
225791.71490717895
225817.4683828231
225821.01166426844
225939.4887723229
225959.65062157376
226003.33233554426
226091.64168681076
226093.66226313167
226104.35177304444
226346.70608789736
226391.25724276356
226393.00698642418
226418.0067858502
226454.66669965678
226477.60447621258
226520.2742092848
226659.05424507178
226669.65815829206
226779.83175921428
226855.95249344633
227007.37285975707
227102.87359418737
227105.50432521317
227317.29451624787
227358.38927971578
227375.9146409882
227398.92706898425
227442.38870736933
227494.36666611952
227524.25718100774
227625.39180106937
227632.08710109803
227707.59932439937
227797.2335408852
227813.8863129535
227938.44663750217
227979.20721348462
228337.00999565073
228448.87529366778
228466.5173638452
228596.01786713646
228651.7793385256
228732.79300926576
228789.02871330807
229062.15239044317
229153.72267983708
229204.4990499711
229256.93994476335
229320.22325827327
229420.51451045868
229460.13523493282
229462.82478325066
229788.57828098087
229849.19596562968
230030.13385707015
230082.3778266263
230134.99119694508
230157.11423007894
230230.81141653162
230247.19405160705
230319.8525735908
230520.82855830132
230578.87152570597
230581.18430540065
230581.77824899912
230583.3140072323
230583.37719520062
230583.74584445654
230607.20620087086
230674.0134951592
230684.3946157406
230694.11937097315
230696.32508147895
230704.38012820433
230727.07364719769
230763.43996794824
230769.863526044
230781.1579133398
230844.59244929606
230929.75108947576
231028.58525468764
231072.17561789567
231093.22670486744
231118.258318481
231130.1594517624
231140.1302974109
231244.95330017124
231268.09747276385
231272.63322121694
231294.03265904318
231306.98090581413
231308.64793115924
231314.6739257294
231319.91074609896
231388.9268453989
231403.2086183796
231428.26026340493
231431.34739509798
231544.17977012208
231562.98773093766
231630.62125812116
231653.9797509666
231674.53185895726
231724.23418085993
231727.4329993067
231784.91816932824
231801.2999189139
231809.13885528053
231811.84138197094
231860.8659591821
231865.25775635414
231889.17144080347
231968.39710050906
231976.69686951896
232015.78347964727
232018.64062950652
232022.69580429554
232104.6794126838
232132.1616486832
232165.54192841708
232172.28687085077
232208.56769796865
232264.98421762773
232281.84188315616
232302.71974091453
232304.44157652147
232416.05065876938
232440.88768417816
232467.90218599883
232690.72990598486
233641.39211819373
234881.72993276248
235544.52906345326
235545.32831473145
235968.7632707024
236852.47492305556
237239.06602887597
238395.09600134278
239700.67546628037
239929.9001930679
240186.36308970582
240206.48350089672
240307.01315992378
240432.0899667759
240446.10518618528
240497.2692321299
240574.2023031414
240596.5359055517
240664.49347736553
240704.8442534873
240790.87921418415
240845.05872948893
240971.47920747937
241172.911761623
241240.2866320265
241347.6428385222
241700.38172580523
241701.33400582516
241792.48122186272
241915.97800162583
242130.18064532644
242151.4397531053
242249.04724000144
242251.14347336613
242309.63572809816
242322.53142971548
242339.4610808025
242433.87310383224
242447.04885290272
242509.77413891372
242542.79939643966
242642.72083386697
242849.9559622808
243060.24064507507
243067.02714435404
243199.88180758696
243333.0760659434
243392.19552606432
243539.63248835906
243763.57209667758
243803.24386298558
243826.61007213712
244112.77795575274
244131.17139641586
244279.08197734784
244320.5734410789
244380.7409328578
244585.3513539213
244600.42478900286
244796.99803372688
244840.62992896055
244987.52839486033
245092.6525444113
245139.555699005
245230.98010924133
245273.9802619707
245299.05716668733
245322.27698872157
245354.3435686692
245378.95426915068
245542.35484657524
245804.702355786
245976.24876558373
246022.03114207322
246027.53040435998
246203.19170252478
246208.9688246348
246483.91446100245
246968.21336100975
247240.90281380826
247408.27093040693
247414.49349315197
247531.71082437277
247716.24698664033
247830.99108335385
247835.73422187218
248028.05688525393
248220.6317176775
248376.84848612765
248693.49012855825
249152.81097406236
249189.01063876715
249213.07274220677
249340.64222721953
249510.77078849456
249596.13104674564
249810.99689210078
249825.14690477864
250055.80509877976
250314.04697307193
250446.52811465593
250511.87544886637
250588.7822251014
250590.94223510337
250987.5547180531
251017.57234646915
251190.1307090495
251266.13691938022
251271.80128959345
251489.46207200742
251645.9829332485
251785.4891184438
251862.445797148
252006.62858609064
252085.4345227068
252287.11832236234
252308.11819982485
252311.9313596848
252466.2078529836
252784.89444437798
253037.3208441007
253050.58176165528
253260.56194555393
253537.94256287537
253577.71635673541
253640.32916768157
253699.33819335158
253795.5893538794
253818.98096823064
253838.64834397665
254125.23799498245
254171.41458346637
254301.84207060206
254386.85333557182
254395.27306320734
254499.7818971044
254534.80644865686
254761.42290790202
255083.01600171748
255305.40434807108
255373.0518905081
255470.39460449148
255515.38715640648
255636.80311270972
255855.26912718138
256114.70257030491
256440.13695684704
256486.85250565293
256876.56093993507
257017.22316342458
257326.28610716868
257488.69879531302
257559.09958215637
257884.31867115578
258126.52768916526
258161.33184854133
258241.00361924293
258581.3355144042
258616.7494358709
258636.134144589
258918.31982892886
259043.6803542799
