1039.232271301954
1047.7615712385195
1201.445896551037
1314.2929271544542
1506.3190533736997
1607.5427823043572
1845.999289047361
2038.1995844762332
2869.239974790279
3060.4464751065166
3100.89582006893
3777.600747121736
4191.483847298918
4199.262673967976
4377.291575956733
4649.388369410369
4654.759335605917
4661.80494012773
4665.736639836417
5132.095774740791
5231.6112370267865
5397.699036859813
5727.512957329251
5728.951954166369
5885.13145021283
5996.890856654991
6104.637878695129
6174.57260704083
6372.751810766976
6410.196430043083
6454.170398965016
6494.710997416493
6987.028727750854
7437.937311138672
7517.942429910859
7534.736054587817
7535.2266899134775
7559.470142675966
7563.974443442715
7566.985556753572
7591.15992675816
7604.495357345415
7616.436547686168
7631.667318843264
7648.206694739674
7661.8442246343
7679.353394201166
7682.157483747475
7692.36550001519
7692.772507161827
7703.544619124795
7714.418307117931
7738.017699749777
7741.044906442973
7790.919213322182
7814.470669441831
7815.004268898161
7840.487428365057
7856.976414662495
7890.457817033094
7910.089114340205
7918.454892260023
7923.530875736194
7925.17724204628
7932.326792495786
7955.681128546582
7956.599566439352
7968.9918549911545
7981.497959563541
8002.957850046287
8008.278251952853
8046.89882691932
8051.080350536728
8068.721211437183
8074.243949158791
8074.794610759776
8094.508250728723
8104.404326338317
8119.254678117957
8121.206569827772
8127.50464018712
8143.047653939654
8190.676306247329
8204.626995444203
8210.783189560723
8216.174388775775
8226.9382857696
8237.14455752941
8249.958794792254
8262.843296239393
8268.110374470887
8284.001390280324
8306.633800282021
8339.9274563016
8352.48146966835
8356.244416123543
8373.736592756943
8409.85352534266
8414.219685731852
8447.77221813401
8454.709938959599
8456.58272994932
8463.021585357534
8465.685652152191
8481.650232936083
8490.120115348003
8510.196013592686
8512.750582732942
8518.48795569186
8531.780644569122
8535.312093780543
8576.541223735354
8577.243552149619
8592.825525198788
8601.863100537399
8605.127874089867
8682.271512192512
8683.062983884993
8686.130646725776
8713.455886326585
8730.550429372255
8731.779792449457
8740.50239539522
8761.846080870353
8771.134693010345
8785.465776706702
8805.16701585841
8821.922710322824
8831.562985228455
8857.394230499607
8892.000591491675
8894.21185457531
8906.757458930435
8908.73488855211
8915.38747165345
8938.502879291598
8943.288571422501
8969.121029904876
8973.465049272425
8982.120717108031
8990.913207163045
9000.432300423145
9000.635633463244
9005.964305378937
9024.300056209568
9034.939100662074
9045.727207949049
9074.203093703327
9095.070855675847
9120.523289039202
9133.189665595184
9133.310782926352
9146.117960490823
9149.30484441583
9179.197003744614
9186.387843700737
9188.658433615223
9212.105330365668
9226.617241286585
9249.532138260232
9252.432238689826
9267.704156163212
9270.496964669022
9275.309988710593
9290.463851550672
9311.522276252957
9345.181776490766
9350.455886199406
9353.355247671761
9353.90796645096
9371.39446045202
9381.773789655363
9396.38101285699
9428.794763468615
9484.675582634838
9500.09856686008
9525.958740457017
9553.0600092075
9554.931739301383
9557.62165128084
9563.17912077257
9573.379681887463
9580.490126057475
9584.948943866246
9615.200698534365
9623.783970699482
9640.861792945347
9658.286584311043
9706.413684971976
9726.665730075276
9739.150075130872
9762.551093507616
9774.86913764761
9793.61892204042
9803.255706134216
9810.639605021754
9830.294190326107
9868.747643466708
9877.731417122803
9887.655116646254
9889.095502836471
9892.459877506166
9895.552025122357
9905.463402171788
9912.522769295974
9912.598587506973
9914.523423231714
9923.580000928629
9929.026295652231
9935.338642362482
9954.798055796613
9995.731364900856
10001.480346867382
10003.698932872217
10018.697173508743
10035.16822995025
10037.798234737893
10038.778833339622
10044.404008402958
10044.739169205346
10059.24016334712
10063.150812219705
10072.892676372809
10111.118996683275
10127.198994876722
10138.094568645633
10139.296917868449
10146.823684875006
10151.436574188343
10170.218881350069
10186.107380926042
10224.44188074606
10234.761043321238
10238.610995591693
10255.164836151527
10259.919245060906
10345.630870374916
10354.875305080848
10365.023643266797
10390.808480280051
10398.097980627148
10437.00082244643
10440.064394886127
10454.389610102648
10467.091052520633
10480.181432517375
10482.71203833154
10482.928096973828
10489.790285116635
10493.539521344674
10500.936289978486
10517.058639882907
10537.46304736831
10542.810917243387
10548.57334474565
10558.788047310096
10570.433643506805
10588.596420330843
10593.330139779155
10614.389137063266
10620.738872977045
10642.88855186372
10647.427450928257
10688.90204914619
10692.96185686796
10697.233644442875
10708.00945172257
10755.97861720694
10757.119699171024
10761.508644914808
10773.810279474304
10798.179224628211
10808.131222752108
10821.658424840218
10843.740881060465
10849.567159222936
10861.33794698886
10891.693509827774
10943.762193924274
10955.615444538287
10990.279880156695
10995.668177866914
11021.68382906995
11033.945525932622
11045.687142360359
11051.73685503583
11054.756834401274
11077.910485983077
11089.958387732036
11102.962416788667
11134.134535131147
11143.96868076649
11144.12791023662
11177.477705620966
11198.310902706942
11250.058365498187
11273.270009054158
11303.052528603419
11312.451381507351
11315.933396513874
11330.638813210491
11333.156233285716
11358.814573905951
11359.528711149102
11361.189979423092
11369.389430980807
11388.924832023824
11392.010872949757
11399.700999524208
11400.707981525517
11403.058328794952
11439.57479342
11457.935593318145
11482.786104081437
11518.849854322354
11523.762056126781
11535.911713038766
11614.153068825113
11621.093665379309
11687.869849044937
11710.257794730776
11761.29746291703
11780.665582300267
11794.89962346225
11809.465701399222
11817.571967723481
11844.343938029147
11860.305658407899
11915.424403207227
11917.407110540244
11936.400332663306
11956.05171631606
11958.813809656787
11962.113196993361
11990.536981981533
12041.637946550538
12048.76296229038
12067.714978103182
12077.66323936484
12085.202056365433
12088.973557326044
12130.472533879374
12148.533578850645
12158.968702965687
12170.99266335222
12201.90830782863
12218.426196907374
12219.871271042355
12238.181185005884
12241.581377702592
12272.352290052595
12295.292937959337
12319.462602618172
12343.07236468968
12343.728040677044
12375.030236949447
12409.22020096548
12420.353992326041
12454.123317803887
12464.256781870643
12480.923385719372
12489.055120699792
12491.217434116772
12520.341855226125
12534.861430572528
12538.76448809135
12571.340608408917
12591.058770045802
12600.544233891924
12609.241385971665
12625.442037522724
12637.80460323097
12699.327172248319
12778.030123550832
12787.535194277067
12792.821839340078
12797.919192231144
12799.400253549144
12802.402583687148
12816.033307263446
12859.21996763412
12863.083682256289
12865.576476786926
12936.74862600404
12941.719535989565
12949.482905642692
12959.71835859674
12988.48552873099
12991.350087792449
12993.661018610734
13001.216353752852
13016.504143396674
13020.460704970636
13026.145166939697
13041.529549180714
13050.928008573317
13058.136663117239
13080.460612345143
13088.95981324982
13105.142935496044
13133.7520404132
13232.211410723268
13269.393684638375
13273.389724666335
13415.299077495138
13507.75559439062
13618.078352317085
13743.481134166575
13783.039181049107
13987.788756827116
13989.065098511655
14023.5544745924
14079.819471016093
14105.527890414463
14127.614554591672
14170.983078723373
14350.761543493829
14681.202313290005
14824.68679093139
14853.84944894578
14945.28223238408
15297.419456459924
15431.23764827504
15791.679542112206
16051.303380619576
16061.318579823068
16737.890516611602
17118.45641514017
17228.484158174808
17247.019711729918
17276.743229009702
17294.75955830928
17373.510672523025
17444.83739692774
17520.462184108932
17747.16647696655
17778.50908612331
17886.06030869705
18056.308462221834
18112.005061834927
18224.5108363724
18251.11088921996
18414.00323345371
18661.122973312173
18908.66039198232
18971.55269197479
18974.638928934994
19021.322218248042
19341.321960932342
19566.315053865186
19638.774763466303
19669.302333023064
19707.17528584255
19718.946798380603
19871.12917746805
20042.909009601877
20050.278252414606
20133.96841627736
20306.08229825478
20313.52519849308
20353.524361360152
20379.21055665016
20600.931706381496
20761.789632079788
20764.029041580427
20926.612619283827
21086.149760058375
21459.451820367318
21472.047395307767
21550.304187055797
21682.963479145455
21762.712773774267
21815.088143884757
21841.79629883217
22149.632057220162
22170.141617636527
22403.34447295041
22503.951142142807
22583.79307142606
22981.303431270695
23140.607724474212
23232.95165561588
23249.93053206679
23289.534455339865
23476.478980337677
23495.62699511526
23512.289740996082
23520.307119118283
23611.360327321476
23648.28084241622
23735.980398250285
23822.34469900342
23967.334973090514
23974.3868291982
24017.235997865246
24084.361965906217
24154.107752063494
24563.741811100263
24671.645041911215
24731.337665548836
24781.694956702697
24811.89320781487
25084.947424142014
25100.531938843884
25182.56733648536
25366.55196114036
25599.502339557243
25837.80052223485
26019.139701410637
26032.58666540431
26039.718546010015
26078.276158597884
26110.15308277826
26158.732043857322
26226.52622242237
26265.474321373327
26542.431871675955
26551.437274582462
26587.553318606504
26660.930616618673
26729.62165776359
26859.35896883105
27247.390662905014
27284.39305300631
27532.00712182621
27805.042169123415
27949.569720787193
28357.287506619075
28410.002330810355
28410.14109332253
28694.44079459237
28717.06048041263
29169.364577106826
29263.18456578839
29297.999548395353
29356.95512082774
29821.977372541493
29855.707981464348
29969.68888435475
30000.304190507264
30134.58955531306
30215.395220476275
30284.137029138972
30295.990731323986
30502.274525085897
30512.743443302992
30637.12888609145
30818.828488581534
31019.559442787653
31159.229437854126
31178.688634575265
31270.30982345628
31278.12538266078
32131.05783207007
32979.173497665906
33324.54121164877
33324.82980565609
33383.775378675375
33580.81869064024
33639.34886937059
33917.35952619879
34631.51663630656
34688.322119301425
35034.13423498452
35769.251359474874
36624.83733474561
37428.50841218049
37778.59103403821
38288.28837517044
38347.618405424844
38365.15666450497
39411.74224284248
40395.54341496696
41423.54737860986
44031.45268257631
44511.80951822539
44752.107129768956
45056.478197202494
45074.46392719098
45248.01876486665
47512.07543480383
47879.7720065165
48948.45434046564
49296.854003375
49626.79446556218
49704.91890965147
49710.26416441183
49726.86899151969
49761.707870389735
49829.88605284677
49844.5656117728
49918.59766981361
49923.00610950748
49931.18098627122
49951.2980879926
50011.884820935324
50013.29668149792
50034.08237273617
50126.73886208264
50296.41155866867
50330.2176645546
50342.942680024316
50620.9705888855
50629.96512957914
50722.00413808538
50800.65243579816
50838.7414581532
50914.68780972461
51038.3744550968
51135.5724883841
51153.766669753226
51189.429377348744
51298.69846619322
51432.576251950566
51447.92886299139
51503.981096733434
51630.78264636101
51717.09797512129
51775.12613366044
51829.154932029065
51834.63916433728
51905.82868866665
51950.30543750306
51994.54699075146
52042.256501186435
52105.162247937085
52142.86080668418
52149.85332620468
52418.184378196915
52484.93670157561
52511.39334283508
52579.6989831547
52745.36647586402
52975.34597434698
52993.00284848805
53017.68780321765
53089.40174092042
53161.96290438329
53323.77729337894
53376.4515277143
53416.13141552152
53442.453762596255
53449.914639435796
53605.94817556021
53624.14522912777
53645.39065961003
53675.31919889065
53700.53490212793
53701.4027145036
53737.145532649694
53799.40947425024
53829.398096556666
53969.528062130456
54358.235546875425
54415.90272081272
54540.14576003848
54607.542807126374
54637.375623115906
54659.980779084755
54762.93482790375
54798.718191459484
54825.184215811496
54854.83870855381
54878.04897727608
54925.83517412798
55038.58858752031
55048.52429997573
55147.28015415479
55157.12838998425
55216.48633649756
55409.272950322695
55443.01305709957
55490.79565904196
55493.03168238421
55587.52328688599
55744.32671377626
55774.003759979656
55783.829626125735
55818.24399893785
55830.92038401454
56113.84533177221
56230.77757924253
56286.9565766171
56301.86374891156
56306.32842835391
56308.33195803822
56377.54667427699
56414.48905174778
56496.28173963924
56522.885392962904
56557.22282835072
56593.0297036415
56630.09188776055
56824.07926361947
56941.952978768495
56962.39222768687
56981.07650086959
57022.49972891269
57043.55537202996
57043.711842384684
57126.4942555984
57148.52033704881
57232.23863635917
57253.777674957695
57315.22718463204
57609.54852840745
57753.012297174275
58021.775477357136
58552.219523215324
58714.12857658284
58775.333913145194
58937.00526606107
59409.40460530615
59645.78795556938
60205.277743820494
60382.38031970162
60996.488745570576
61100.21850869288
61276.19398426178
61345.205991571376
61788.137649136144
62150.782509271805
62451.34978850683
62779.888255431855
62913.67790913257
63295.61281544892
63366.246239023974
63993.50378182252
64190.55111901456
64198.85029742979
64558.64237933394
64572.49080619652
64933.85755687589
65050.94459558591
65496.286899009094
66109.86191397072
66145.69679382381
66576.87175001859
66905.39348043005
67120.49692973445
67744.39938267964
70138.6898505013
70572.33762018503
70694.50804308326
70796.48138464359
70981.65176880803
71045.01417870502
71213.48117269261
71359.19198944785
71839.9269736557
72399.40403609512
72675.66335927424
72788.35507070775
72825.9073107167
73659.57999406786
74038.38772877354
74314.79705871451
74351.74624947346
74422.39745136803
74600.28637432434
75159.59910521626
75935.50571067035
76174.43487752065
76622.98366107572
76787.29069460761
76830.07590610607
76923.34564121648
76967.16468637153
77201.55632858314
77434.70892077437
78013.29206581235
78029.12996702056
78073.10092254661
78077.96549622547
78085.33414088147
78089.11454137792
78091.56583962975
78114.0788966438
78124.51180638885
78154.95755681845
78167.58630177515
78209.51158356445
78229.02020547046
78244.66814600959
78263.93989949166
78272.0783980799
78273.94724900989
78274.03133595975
78274.06654497451
78278.25220275145
78292.37207202449
78306.86463423482
78314.99118277192
78320.46508916878
78334.98139738546
78335.6560885514
78345.99122013644
78346.4597379893
78388.79635049884
78409.12712724082
78445.03597115891
78445.81865570499
78445.87206769625
78454.32514587586
78472.96291518133
78482.16638375123
78494.7726294605
78523.12249644914
78523.25304867764
78526.43084292968
78527.31011956536
78538.27709345498
78538.77427191615
78539.52011282738
78542.52026414101
78552.44408854615
78553.49457469175
78598.43650243248
78604.09726263779
78610.31324310378
78628.12605876454
78629.94421453493
78630.90626659077
78649.36527900926
78684.7437460331
78686.06556733968
78688.66663347474
78710.590999178
78724.74201509947
78730.2594673289
78744.75346659361
78752.72950713593
78769.78564085712
78805.7347690403
78815.92475656288
78828.75792096785
78830.6624466202
78838.1700741802
78845.65555389729
78861.81466776128
78865.21070712242
78867.20364015324
78867.76639558174
78871.44016918287
78880.41394093567
78887.78920759287
78898.63190181728
78898.68086300218
78913.45538665149
78963.24997927388
78979.67714819941
78982.87065988159
78992.35635435689
79007.85653548995
79016.62744482263
79019.08263910648
79036.37122261
79056.34207102579
79068.75878013593
79082.7611742654
79084.95674941839
79087.52687192966
79182.49681974108
79295.82250057382
79351.38334453218
79512.52967981041
79518.84820292704
79924.10645472212
79989.09642150166
80014.08857001498
80019.67801669502
80044.26638447869
80099.18363449731
80103.18241654144
80425.52212129638
80791.02631702201
80950.14413165515
81047.48144037006
81077.72105526883
81464.36263547189
81693.39440446782
81863.55712586551
81976.11196865469
82039.5491915175
82264.8830477875
82360.33181723226
82375.52684344353
82398.32686200795
82466.39996302807
82539.59351017517
82911.84790388704
83381.45974185216
83610.2621778601
84222.74544744624
84512.88309507033
84687.89318139506
86313.70054360565
86513.09540326956
86570.96585432257
86632.0575282869
86810.36251134882
87872.94744535688
87948.26693701018
87980.44279566334
88045.74785621502
88151.08486706686
88643.93826147022
88665.72149936456
88804.640420212
89366.75826415661
89410.79154184404
89562.21383929075
89612.93309995034
89649.40174488818
89749.6440213864
90094.84775138125
90101.50948728445
90139.20479463614
90166.04435199851
90244.38302825217
90361.73054833956
90496.33207407664
90562.88401442688
90633.16394060507
91137.11809498897
91561.96794922305
91775.12663148732
91941.56542904013
91950.0841253403
92118.38587691907
92147.92523543989
92209.90942246659
92322.69608115804
92386.47417209767
92954.8420114941
93245.13538202501
93297.42865776188
93393.09758761222
93487.84661119174
93598.46149472581
93794.83579654827
93916.92733013729
93922.98194105882
93938.90346582468
93950.73229247562
93962.85283377393
93965.2594268862
93966.62430387619
93969.39132572025
93969.88311647222
93972.06761353361
93992.48273723159
94005.41955204862
94006.24813948188
94027.96667597318
94035.10044878088
94045.92994182966
94059.7977287701
94067.3472119396
94121.38971697135
94151.03361488468
94199.05581206529
94208.30182326102
94211.19716547869
94224.04865969761
94241.3424546164
94242.05488820124
94256.65233381478
94262.06994207326
94277.30304238293
94283.96049889507
94293.49075792798
94294.25218221032
94306.57143634805
94323.72357091139
94330.10279139408
94337.39617309783
94389.23774970736
94405.16951024791
94447.14184216382
94465.7940797238
94485.4528152904
94513.23312979835
94536.36132215605
94579.27200073305
94630.56885382344
94684.41404032431
94694.0730390706
94715.94771962814
94718.86532656124
94727.85614248805
94741.66021316283
94767.50546731523
94776.78525950026
94787.50425372992
94793.32401911644
94800.66083906229
94812.07283227758
94820.13393953764
94829.56770741029
94833.87243388893
94851.92401918983
94862.79781476979
94869.77838629406
94879.82531767258
94885.76205137014
94891.80354387069
94895.76324874295
94898.89547072852
94918.0494050022
94919.34212293423
94930.7899439571
94931.2540342672
94934.906216629
94942.11833694016
94961.18744702249
94978.58853123905
94992.24591901402
94996.69418376804
95031.90215053667
95038.44559097344
95094.41930628814
95107.84551876312
95112.32494346522
95122.71792353115
95126.95949245284
95145.32702906625
95195.34482098212
95204.99125764467
95205.72718756841
95207.65798764907
95218.1721896168
95250.7408484715
95255.67054216148
95305.97761315243
95306.60475665062
95332.5400404737
95333.04691559024
95337.6325250014
95343.04557013002
95357.97639338604
95374.03457598513
95375.59153615717
95388.06828125742
95401.40301154429
95423.90419311594
95425.97532419462
95429.39046179155
95443.32034683182
95464.88535941309
95475.08777165732
95477.41151199107
95483.67311432485
95487.00586669674
95490.88648725746
95594.57006144524
95595.71965398225
95610.38924099432
95621.38637870068
95631.29349202359
95639.11633625867
95642.31348683297
95722.63860767907
95738.32791210874
95748.74789435092
95774.6048620592
95786.88053206177
95809.53866804799
95819.6737211507
95825.76058974511
95826.59923941494
95833.68634209267
95842.69623159111
95860.26879970648
95869.2029209294
95900.01960163451
95908.28489588841
95916.85064707242
95923.10651905916
95924.1834124495
95936.5102348551
95961.01322836548
95981.02073911233
95983.87113351365
95990.87662628916
96016.15422757156
96050.13371837817
96079.57179280191
96117.3240997403
96117.46714243505
96123.0322910419
96126.4673372331
96145.25851740036
96153.90088338812
96160.4667461217
96172.33830752714
96209.02677750484
96215.77007867905
96224.82773634353
96230.24016433234
96241.82578469088
96252.39945935186
96283.44817423278
96294.09320959028
96305.19069395114
96354.80511317796
96375.12363985142
96385.58790523134
96389.61681725606
96393.6864987359
96403.91475274344
96410.8677697295
96423.15777578877
96425.60373851137
96486.56312541626
96499.86687656185
96510.5474245677
96517.19110831917
96524.29462144748
96524.58018200009
96525.85702773594
96527.38816514898
96538.74960088667
96555.29913765448
96576.1940160558
96585.52217200569
96597.44687061683
96616.62160616799
96619.40465092771
96620.90851611992
96629.69103302267
96644.12856135858
96685.1751944358
96718.38801559481
96721.35062129903
96736.71639243946
96844.79378532025
96852.4575552714
96872.60388007952
96873.96965212846
96880.54526808244
96890.99367245473
96898.7669049625
96901.02677686184
96928.33244400405
96958.06146965465
96989.011707857
97017.31158288018
97018.30745340892
97031.29841473559
97077.07114192075
97093.80437269168
97101.19670644862
97112.24348051386
97118.69964006725
97160.15938683438
97166.37806412097
97173.56383358606
97195.00365174933
97219.32303061051
97293.92620954578
97346.71712205134
97356.22834023635
97370.40816171016
97373.99332608946
97395.92619300807
97396.44993835458
97415.42300810273
97419.18487220282
97454.08837827735
97457.56906918937
97489.34253514081
97506.97114436032
97533.29486430818
97533.93569245262
97547.43537993832
97567.46118882568
97577.49886567084
97586.12193445001
97651.01283605825
97687.80026029507
97693.63555134591
97701.16349078849
97714.52951134388
97717.6397650495
97745.66841813341
97746.36767506087
97755.07125353628
97817.37989588706
97821.23227143844
97836.31646766678
97855.54102027343
97864.63521985657
97892.0908275072
97894.10189692937
97922.30192559061
97925.96681399219
97927.84939747537
97929.66689760896
97944.9364887023
97973.13837651548
97998.96310912995
98014.7838113838
98059.54046275464
98082.19342981355
98115.7875551766
98131.15536370222
98151.49476403039
98154.63377553849
98175.84664148287
98200.36212865167
98200.59624146507
98206.80327125457
98207.2958632577
98219.37640455399
98236.65546086017
98258.00254258944
98276.90717188703
98278.67979098902
98289.56494843474
98304.80877227128
98320.479752894
98384.18463682364
98402.46680197713
98439.75135820512
98470.03144913715
98479.66619204787
98505.33282573735
98527.01981433622
98528.65875271206
98531.8689086122
98532.42876590826
98538.24645496615
98544.02801223438
98555.19458197725
98591.81431046697
98600.23754954571
98607.02938891877
98618.02697789519
98618.85448738285
98707.27701976291
98716.81565308354
98724.88486449805
98744.41481655391
98746.90775645651
98787.67567141056
98821.04151818833
98833.88822047994
98835.42436983081
98853.60400078187
98877.08754345265
98884.07898350577
98891.21198584158
98909.41157649059
98938.53601794531
98968.98673779855
98973.98237457062
98979.73171861586
99000.99014483538
99021.21361400944
99031.18593783981
99065.93756552345
99076.63109717259
99088.49034586936
99134.64292447112
99152.2564462308
99154.5009325655
99183.67033209837
99187.23362962992
99197.1436224765
99198.5140617975
99203.34164025032
99293.79365194938
99324.76682430119
99352.25486043951
99357.09594822212
99370.13020044194
99381.79462623951
99387.75889810668
99388.81323626987
99439.1050384334
99453.37470180332
99458.149432623
99461.60845546245
99495.78618865804
99501.33769136215
99531.8058124576
99543.56732561234
99589.37459129449
99590.25635032555
99590.57899982712
99610.3274317653
99613.54613427888
99614.01181908343
99614.64556832635
99636.00019528062
99641.78642233944
99643.08222117186
99658.51739555121
99798.19178165766
99885.99651593935
100008.83130453684
100126.90185230949
100134.04361092653
100153.66793747971
100257.78496439628
100365.44243900824
100430.97905193522
100593.47185380438
100613.15828864333
100762.12448506716
100816.91143929967
100930.84559144644
101031.17562628095
101727.19409534737
101779.34153941915
101812.4374460284
101821.09508547596
101962.5132241357
102022.19283188412
102024.0800620791
102047.28298641634
102199.0174930168
102628.70716698097
102820.8318845208
102936.4410254427
103233.01363266572
103347.19631058663
103558.52814152587
103646.51893286091
103714.13847218605
103776.59610304591
103966.34448321347
104027.73192605998
104051.7938913816
104071.10625687253
104100.30366128092
104276.53514356117
104400.76304454762
104445.40155423283
104480.5881572017
104600.1192790872
104761.24327931073
104950.45625528481
105084.46869510403
105164.58883380811
105388.07691163247
105591.89102282387
105597.64828743984
105673.27540396649
105684.17685968833
105796.39655555492
105939.5079485869
106088.66697233504
106344.4806853795
106497.14431692759
106503.26810128952
106519.15623077753
106542.37822902991
106610.64897137281
106639.71349576248
106943.28643334511
107101.7906243667
107162.21776695656
107202.66959648706
107546.95855747274
107722.49116624583
107734.64722678739
107803.70994465478
107950.89108062242
107984.20581454362
108166.04524518293
108168.90949774251
108183.37023799116
108223.21935551283
108251.72825980483
108416.1411006853
108526.41319405712
108565.16902672645
108707.594016614
108907.56127368087
109096.4567354813
109107.23328394712
109115.49773304175
109143.61047837284
109149.00133366507
109255.2371036344
109364.62092857667
109442.18762811302
109750.15221798467
109752.8225343498
109821.55155928894
109871.73699941399
109947.79335050052
109984.63600140177
110159.024384629
110217.56483662392
110256.2030883542
110361.59064573838
110397.37143502754
110496.94031393195
110675.35142965504
110730.90802952497
110823.66190983214
111007.52792951158
111068.95741869608
111097.8166114603
111230.82699960771
111436.2680279644
111757.31596422833
111847.28097917048
111899.77285075825
111937.86652516684
112102.26434464612
112480.43369574017
112502.66743818365
112683.39588446495
112707.0884155372
112811.55800180932
113082.76092742031
113109.19753332308
113284.8187863992
113367.23670376111
113376.72480208662
113517.73468843501
113593.38992202317
113709.25081387039
113737.06756335411
113815.74859307348
113927.97891551016
114020.39956901452
114027.82613453842
114271.42161869202
114356.12818047492
114418.97326715055
114420.1145798678
114569.41125037921
114907.35861143813
115019.19625879382
115019.95610402581
115153.76165511747
115232.26658750176
115419.07805495878
115609.17207194108
115825.8361762503
115874.60300421012
115881.10708981042
115938.96694547063
116085.92801025565
116166.56855834012
116246.07054067132
116364.41319189654
116399.03326114021
116454.00799677902
116695.94540169829
116945.99171519774
117303.54582831461
117423.42225053419
117456.5433575276
117570.30767381296
117648.14567141274
117795.91992678563
117795.99110344778
117861.3911897677
117967.85401637503
118965.58136374646
119160.30498958867
119301.34603283521
119699.10994619253
120420.57028098055
120869.69226116907
121063.91615180948
121544.5978036844
122017.11774617404
123643.43003013253
123803.1017538581
124830.74334627035
124836.94089729317
125354.29749514387
125835.23632579208
125952.20207067252
126700.53944016562
126736.49656079276
127827.71618365184
128878.88908761773
129313.84668542995
129417.72424454878
131072.05825636888
131136.95738099236
132494.5517246148
132552.56413186603
132809.7898552046
132991.9431913889
133458.26540224036
133693.80510521407
134281.2032710133
134945.8902869472
135435.06972167845
135445.3286975394
135521.16343520238
136169.1729157828
136179.0069851952
136190.9391400935
136227.2120005447
136275.80203786324
136302.1151506708
136306.31137390522
136359.25885473838
136366.63303899972
136383.76249047107
136410.48562659574
136536.38617707376
136550.36423971603
136583.56557826878
136629.55693973234
136642.773491605
136696.51078036363
136722.9577624661
136748.7043031521
136753.59350917378
136837.1198478692
136843.24710630428
136857.95488168843
136906.70649081864
137143.41029763262
137199.59417024252
137303.55597330775
137391.34406593218
137482.55873412028
137523.99009836893
137677.03608754653
137678.11458174794
137813.91135128768
137902.2263800411
137930.2342084526
138034.61504239045
138157.71628594145
138184.55385049508
138196.39623400968
138205.60126965746
138234.1673156867
138306.5045376402
138417.27596611116
138513.45316488395
138537.3463331257
138719.10104709293
138786.36431223789
139156.50383022788
139207.75001537646
139243.84936294262
139320.83865177323
139328.77841074677
139337.4311811153
139475.29606744047
139758.02503594614
140005.3213482672
140026.73450819156
140069.51270892474
140153.3823439266
140215.86058109088
140261.05830235835
140362.00106664601
140413.2825837286
140448.22218947933
140523.32020501426
140592.03878761502
140681.98666412945
140756.66567140058
140794.35213792318
141045.69248795736
141200.32612470875
141310.3099846848
141439.41668271978
141466.4588789644
141507.70145019307
141530.17832467804
141680.942978
141696.0932096738
141716.49447800338
141800.8702100029
141829.07940689608
141853.512157627
141858.41548761475
141914.94351404786
141973.2048054681
141996.31823751677
142038.463345967
142196.73287577
142264.22722652147
142295.37345616557
142297.55168757285
142316.75794994234
142354.6343790291
142447.67585218966
142540.5662425718
142638.69942653307
142716.28850802296
143125.02959005744
143141.15197026767
143145.8955442551
143224.86673630108
143283.28483165195
143356.47208981455
143472.02184358874
143497.7140014977
143532.64737516645
143541.6170416736
143556.9501672175
143594.73202829764
143692.80274267055
143797.42739946293
143872.72980064672
146113.07195988088
146163.55646982143
146531.98732037106
146540.43244367946
148418.6266526281
149505.68060974302
149967.91649955203
151424.32140451745
151555.6652794758
152200.83568220487
152381.16443149443
152786.89445016813
152935.9007422567
153027.5791291086
153261.84260204132
153340.6881019366
153446.7947882184
153611.2268407898
154166.37453490362
155096.40280975605
155452.45543516887
155904.98607888294
156084.0726948214
156643.79508750373
156651.0434898485
157248.75061484607
158485.79557398742
158791.98885130553
159039.09652496962
159127.57571138415
159472.41483059846
160461.05236341673
160477.29356758692
161185.3983998511
161613.5988770899
161719.35789384838
161851.49185288209
161951.4525357262
161955.58998199465
161963.50683127053
162085.55208686946
162467.37670198467
163159.09398358164
163167.3769342921
163994.02237226575
164445.7985068329
164489.7553164746
164490.98618576018
164504.75153729683
164515.27229546924
164550.85147270578
164563.17044867773
164586.47571312444
164596.7754084745
164599.34163582837
164607.00766031584
164613.69290636553
164642.28349962173
164655.4197112308
164681.43413758167
164688.96612972888
164692.52309341534
164701.80592386704
164707.62102726806
164717.3757277374
164719.36138291704
164743.08752649347
164819.99881838565
164820.10843537815
164822.735835129
164836.4757406877
164839.4835445624
164839.6117684954
164864.70271775045
164869.5961977142
164898.59381949122
164902.70186484425
164958.2113642972
164964.59299379063
164972.1358195862
164991.21227602236
164994.68136010115
165008.34195893205
165016.140413383
165017.73299116603
165065.85873305058
165085.38153108238
165158.90862696272
165162.3733188576
165189.8236281345
165206.9298045994
165211.32552570247
165212.29972239566
165214.03545719758
165224.69617528075
165280.6749476871
165292.26837760274
165301.53537091357
165309.01177911588
165316.83451626575
165323.81607609638
165333.8647515977
165389.59993032587
165396.3761379987
165410.75933868694
165435.43739202118
165441.83896742234
165636.77319625363
165798.296129063
166091.8236523139
166697.6578879709
167169.88437192698
167251.92310009914
167427.74473924874
167894.09463095723
169035.30125108355
169037.2530523386
169305.48144735
169884.06255324848
170421.53093717463
170489.25732304348
170706.52092916012
170796.7747686347
171780.5819758795
171804.71155416354
171968.7765267796
171974.03690594446
173224.5419416995
173295.3333688312
173734.1552019472
173752.94561750808
174005.81999286072
174176.81874309914
174530.55562114934
174534.88205465925
174932.37601281918
175121.76993653626
175130.14604839755
175361.31446944727
175577.27189114832
175844.10660780297
176147.2303848131
176279.21190883516
176350.9618619026
176399.06280971976
176454.32180589042
176483.08460118825
176575.9707449063
176799.1854736121
176953.34859970922
177531.17045228358
177728.03560865263
177789.86431593742
178496.96105945838
178604.522716972
179107.77487013713
179326.45767874207
179351.51235353833
179656.8713494544
180011.75780186744
180242.69118993016
180251.41619718933
180315.7990815541
180335.61326771305
180377.49898485772
180392.34668802688
180393.51815736855
180416.82592971122
180435.260078373
180439.86273670627
180444.16491200266
180456.81429041908
180471.81075873817
180475.38204259987
180507.71251938486
180508.40848583943
180516.64849376545
180525.57608369473
180552.64598405614
180555.80699625963
180561.59827816905
180562.78990209044
180569.7955863327
180580.88992982652
180601.52539987236
180606.84977264033
180612.44395970713
180622.8418623176
180626.81044177245
180629.52413933683
180630.64575803405
180640.6082685735
180652.36339716308
180656.43507955637
180703.71458140237
180710.10596400962
180720.53042839776
180722.6861093645
180728.4183953327
180732.96418074044
180742.13798118898
180745.24090374482
180750.51235612103
180758.20357389186
180758.28469639007
180766.1049665679
180779.43874976944
180781.7754426495
180784.27891824182
180791.79855830508
180807.36452245715
180808.0091577009
180808.49235818232
180811.84614244138
180863.48057020642
180877.3520771113
180883.91465835483
180893.67476511077
180905.9652047224
180922.84940537
180952.8620324912
180956.71275114577
180958.6486073742
180965.21149465928
180977.13242395918
180984.18290198562
181017.58031534668
181022.5135228342
181024.13409412754
181027.69542234938
181044.1539228459
181051.84825794917
181117.9434199451
181120.55356486174
181135.672169151
181148.7207895312
181150.4806062491
181152.77704713304
181166.00928775012
181177.78465048794
181178.3177844506
181179.14546851502
181183.91395926723
181191.9578817372
181197.5583207718
181199.17679247618
181207.3852676792
181258.68831598532
181263.838231554
181270.5503545431
181272.15123137165
181289.1491351251
181295.66582170204
181303.6687835636
181324.537574846
181327.13732342038
181381.45906109357
181392.9355513715
181397.6559272077
181401.06105546645
181412.92182101158
181420.2079919661
181422.2609099189
181440.89950627973
181464.09261442127
181468.62877580535
181471.17549618238
181473.17543193084
181485.5514986189
181490.38691620852
181512.88557097153
181529.4442258767
181530.65857973043
181541.02741626807
181563.70642992694
181600.75246503254
181623.52414889642
181634.60134544602
181649.91412797765
181656.77923244273
181658.81710156685
181661.00107111025
181688.66526174385
181693.64046033367
181698.32718486013
181735.3289165205
181737.55367847058
181740.50607043246
181760.5579384607
181797.6092317793
181798.88775586314
181813.20400703917
181832.7535448131
181837.10242548218
181846.52320491688
181898.78747589994
181905.04772650043
181907.260052799
181907.27140493813
181912.03192338563
181913.93073064086
181942.75238911237
181948.22502020953
181968.6777311919
181972.46596019343
182000.32623287267
182003.5407828242
182011.61470616743
182066.02627273617
182080.01116165507
182108.35423618337
182118.89763375063
182135.3250243983
182143.3799923776
182146.09492806933
182181.5824491739
182184.29412148055
182204.34174516372
182215.40750302142
182216.5862920784
182217.8514256224
182222.083767182
182268.6167124407
182294.85054184333
182316.01836716657
182316.219820162
182329.90562998105
182362.94041363156
182376.6472794092
182386.71040436835
182391.65743956706
182395.524472249
182398.88866930775
182419.08123118483
182420.497323612
182424.83662815363
182429.2885606734
182442.19954000204
182444.44125842355
182446.89661473795
182448.7281227628
182481.14934778024
182499.2630524739
182500.2274604588
182504.1010143643
182515.5994883155
182524.88013746103
182541.82494790477
182553.88878866893
182562.25494807606
182601.7960895421
182614.1696172549
182614.6336861961
182617.5710952621
182669.36403743757
182669.47222388873
182675.89404971676
182704.08739837853
182722.84318438452
182728.81312707916
182738.0830978986
182740.05229464275
182758.7314348533
182763.5230075607
182769.02023249242
182782.3187393897
182783.96987308413
182784.9187109746
182808.2339339778
182817.85857617907
182819.5856676167
182822.78170608598
182848.4935240068
182856.68278462952
182874.20570153702
182883.48165253035
182904.58393359574
182907.7401161551
182950.995252805
182991.50680069844
182996.0340983179
183024.423249487
183063.854343263
183071.03534445012
183076.10638809513
183103.5482616607
183108.02472599957
183117.3271576455
183157.3102849394
183157.91475857896
183171.35850761694
183171.89641971822
183182.76290340445
183208.14080054377
183213.26353529692
183237.7318993501
183254.22375457335
183267.98338659803
183271.71133624073
183289.62302576395
183301.13314627073
183367.9560973698
183410.26523051792
183435.4080852463
183437.23597242156
183456.77900821753
183465.23896009882
183465.83786772983
183471.46013088903
183592.7770410349
183594.017797742
183616.41530127096
183623.71676271228
183624.63912677765
183624.9348286367
183671.968853396
183732.71894083256
183756.87060675828
183765.06500326566
183765.66540862512
183794.5517280102
183799.51583725528
183838.43089128664
183851.75525722007
183919.99650739852
183920.81620592595
183936.9440793564
183978.15446727967
183978.70424847308
183984.1411272023
183985.39503787368
183997.84710542538
184004.31901633498
184024.92629077495
184028.4993856898
184060.94235361813
184081.2719662258
184130.01102504166
184133.16526532255
184213.9705470817
184219.5544744299
184230.7374392894
184233.3254390053
184254.36512620805
184265.39693895506
184293.03215294197
184319.06310562004
184358.90976450773
184388.39681145467
184401.35750302213
184421.08415546734
184429.751122105
184444.36226938016
184447.11689757975
184465.09797515412
184473.104608299
184492.57910493412
184531.52924053321
184580.64732415997
184596.89768258872
184597.7442352539
184617.46307793554
184681.2905572688
184683.89855378473
184702.2367748882
184757.84085236985
184758.0112407011
184763.76034129062
184770.53667855944
184775.5877369728
184786.33576895646
184789.85572540914
184793.39371202
184796.95434380238
184798.47624224043
184806.85078603175
184813.4794588152
184841.43679485834
184856.85008046453
184862.85088164735
184881.88087857966
184908.01897118014
184919.21385132053
184920.75176263196
184941.86371876442
184945.349902542
184966.2514329317
184986.67981983765
185018.83247696998
185028.6832913875
185032.93942277328
185034.67013349955
185085.2247688827
185095.6841831703
185124.1875769621
185135.54965481
185144.550633732
185158.55908276676
185169.59005218418
185174.92678309107
185210.02567900848
185226.7952571208
185244.9298652972
185255.54869356836
185260.75933948994
185295.83435595917
185310.8955646437
185327.47468438518
185338.2299526028
185367.2188032147
185417.35981894782
185424.1392135327
185435.16020265652
185454.17107609712
185476.93266139424
185511.56547965185
185533.25701042748
185554.3558688142
185575.96375466092
185577.32977838538
185615.48714764082
185624.76896708328
185631.43784990787
185650.31492825638
185655.26452665808
185662.98320183507
185666.3461205444
185684.40263631393
185686.02979019666
185699.71151311666
185710.87456586672
185711.4725069851
185734.96707645818
185737.69012596406
185774.67643798233
185775.4099640675
185775.73655655797
185800.9478588281
185810.64265614504
185820.76912840447
185851.47558725998
185898.7252074341
185914.1015139062
185916.66661780872
185917.64485167767
185929.19047044244
185977.86127706297
185997.140517186
185998.63067376116
186010.52329399786
186036.1489771258
186039.9602672219
186044.41722143098
186061.88034857993
186067.60740531367
186148.02525990893
186231.15734035938
186251.3907228667
186252.02760291335
186276.2334887205
186374.24215606615
186817.6969107099
186848.7888748338
186901.09430012899
187077.92562096048
187103.07846620682
187122.07414430275
187151.90506041373
187280.5811360165
187405.67204089373
187484.4803413247
187489.02839748847
187662.86703238814
187725.81863758794
187923.23825149046
187941.08843846802
188048.45678039687
188090.5705394045
188436.7428511357
188467.81507668304
188550.60416032426
188790.9728755022
188988.06537901014
189452.3782723623
189571.10586831783
189763.1939040458
190816.38573701523
190827.38018633277
190904.87757851506
190965.16396925985
190975.79390324003
191007.16544666534
191039.45282962619
191077.43635575086
191219.97610330489
191229.79108443417
191236.8188442481
191411.05729894113
191601.28211087926
191657.02341520519
191796.54555967657
191836.6235631184
192247.83350193576
192259.3638046805
192326.5624143572
192528.78035089592
192539.24069195628
192539.97008868883
192894.59729916236
193179.44460732263
193341.82640010258
193519.92375121557
193640.04928956545
193879.63739040442
194392.22596280026
194462.31644248415
194464.0359026904
194716.63358765084
194850.51618004357
194861.3240624457
194972.03331783743
195304.41401987
195436.14920968167
195445.93849387355
195468.42144613032
195546.3897580148
195657.64826394376
195741.1833954128
195806.47467513342
195901.36553293472
195945.1466038148
195995.6659938354
196078.27692884355
196078.7503668784
196089.78003516796
196167.31947293007
196237.403646333
196328.4240436579
196364.25928940513
196565.2460907368
196594.40594607795
196754.18096807692
196913.30328489322
196925.9158812115
196949.63429935984
196994.1417913888
197078.74570247091
197087.85519228413
197089.8075389621
197098.01161211924
197227.2278353813
197246.9603808377
197273.83899800654
197490.64011959988
197528.94966158638
197762.09338758735
197778.3262299612
197820.7381589043
197852.12930601853
197956.9200560732
197989.86361788158
198046.6662632145
198303.26767240313
198483.34276193095
198605.19258002588
198665.63034929804
198729.38652636262
198820.26374447107
198848.71157828637
199178.54537648152
199470.48131978355
199486.04036667017
199518.39780737786
199608.99073347787
199794.85434176298
199967.52747017366
200058.5366944118
200230.15190825108
200572.77560435748
200602.0512944773
200630.8865636513
200796.14100806502
200803.7043675062
200899.66062960183
200905.52095428086
200944.44532245872
201069.1520773162
201160.66469171204
201219.48115166853
201232.46434784468
201457.9257365357
201527.57156767527
201528.16748178058
201530.2927700347
201642.78045209442
201691.41842155234
201748.76209562374
201845.42251620832
201913.20576947517
201927.20045041776
202120.23731113446
202305.05534456283
202360.7670014543
202439.16468388628
202448.25545873508
202508.8502698533
202646.77223245703
202687.94129019903
202700.70224971083
202731.473878752
202763.27926841666
202828.14071561073
203227.2375205473
204116.10657356252
204260.47931927102
204915.55863319553
205077.51637884259
205385.49596997694
206245.63138810007
206397.90307470397
206600.94710260187
207393.69756468077
207920.51568447117
207968.3676682168
208683.60210719387
208999.80572901986
210648.5941588988
210820.7549545688
210879.75159402724
211522.42978316444
211699.24766859235
212449.0977384409
212464.6886992025
213358.98336701177
213544.1779748384
213837.18323929684
215333.5477520445
215400.1107679482
216747.83880948048
216959.2754583498
217489.14303511285
217504.3373666489
218938.46601116072
218986.0880779529
219223.9221931151
219243.30320986157
219472.64768267694
220131.1326575173
220196.22914833386
221073.85744004647
221475.31338199766
221794.29808616787
222033.37603316133
222258.0435816454
222544.5558202611
222571.32679830547
222994.93658893864
223015.52548153407
223022.981501419
223098.6039644904
223105.9979820195
223216.31521999306
223222.31547902492
223264.58413388714
223301.6566766345
223371.5224492491
223532.512662792
223556.87790643188
223559.8172154078
223599.33659365057
223622.59729516643
223919.29726345078
224019.53676391343
224029.83893768705
224350.94591781698
224379.4981643589
224388.42489058152
224427.40660341125
224441.30949554374
224574.61837063314
224641.65490490466
224687.51560026227
224792.88699011944
224808.12155308586
224899.92074270817
224999.16882301203
224999.17073827435
225063.33887489405
225126.64047942706
225187.44168527884
225221.91749730118
225260.33708509488
225269.99628167195
225273.88865706293
225292.52425227646
225370.5593668233
225508.33786593238
225566.05655552662
225641.64567391475
225738.8596706447
225761.03608165483
225899.49309928174
226006.8376808737
226017.8520435865
226069.31847538362
226492.59200310882
226550.1967725764
226578.4773670277
226580.6161009958
226596.25613115972
226813.71182613776
226820.80710544772
226841.83579134019
226853.21200327078
226885.12724412736
226913.46737319953
226943.0911283627
226989.87784799928
227083.91786773165
227105.29997067663
227230.20109400994
227261.06248785433
227393.41141408475
227425.80909738323
227491.86961441615
227511.97478042333
227518.71151911543
227521.82323032018
227584.68320583118
227655.18130839217
227723.17537300117
227810.97805022064
227860.4564871656
227912.78880768546
227939.76378709072
228128.13075698965
228173.75709616192
228489.93282627087
228704.18654446315
228750.7359417652
228836.5311913072
228901.94077607078
229020.0330922831
229213.89971341044
229311.64372088728
229312.76464883337
229330.24863158303
229378.44948552438
229390.98922665263
229556.39767737038
229619.55640457635
229689.1918684167
229764.29349724654
229818.23150831775
229984.47106537432
230101.02517313798
230339.86575739254
230419.57726558414
231017.24330120083
231875.0841956037
232031.2284877546
232172.78650118838
232217.33113540898
232414.37552076566
232841.69161346758
233097.6674823285
233641.73862708022
233710.05468951658
233740.77814839385
233808.44045500146
234043.0774869468
234233.5104506258
234335.86803288246
234783.2055522998
234857.44524257007
235417.90013557853
237359.4594261487
237538.98566612718
237624.69881314528
237805.91078471713
238212.94860061104
238986.38676802546
239295.95846371958
239828.15506876286
239875.05491165232
239997.05704211502
240417.381094063
240586.86593417238
240616.91664939187
240928.78780642588
241473.8558801131
241770.41470461735
242290.1161155346
242980.78936645554
243601.10884981693
243809.85263920488
243848.43634723593
243975.60241347746
244890.77847543545
245004.26412699578
245280.68854620395
245535.33432847465
245715.87996831222
245805.7624000103
246391.70053564225
246612.5977446177
247088.65468840775
247514.59635711758
248188.8207557479
248605.3369599915
248966.1107729415
250179.91850701824
250650.15343421564
250724.93313232518
250756.15304374904
250782.7712880168
250811.7392506142
250829.76929643023
250867.082223543
250878.5870854166
250904.39126495045
250908.7882427255
250929.80025865056
250931.21573912125
250939.54542637448
250939.7755427464
250958.4107949622
250965.02557402212
250974.62482867937
250989.07331040682
251032.45761147392
251038.31427850068
251042.58797869904
251064.7537577239
251109.8688993829
251120.01929783358
251122.2996037744
251126.09692667343
251162.65825829905
251165.95031596566
251167.28047041537
251178.32563807242
251191.4329571789
251193.8935166906
251202.26759474524
251205.14393670135
251206.59984777198
251207.70156521245
251254.71835721127
251269.48664856906
251271.5593589819
251322.56148181687
251326.84649066025
251327.72840794665
251332.11728096288
251333.95604714943
251337.58586939285
251339.4444101918
251363.32328041637
251365.50001406498
251369.37632894836
251374.63785015693
251382.3151123129
251384.89650857393
251392.72633008496
251396.74330662854
251415.3133277453
251415.74907415864
251419.40108338255
251419.66965693253
251440.32174792048
251445.5973598194
251446.27053226827
251452.81771576422
251457.352451439
251460.2784710379
251474.27720218326
251494.01833606616
251512.49760952932
251586.49192484896
251594.49714205024
251606.8030267725
251607.4007046669
251612.47675569484
251625.24742136215
251632.27513017127
251648.22916482014
251654.86395115167
251658.73205880885
251676.75254979002
251693.47679856722
251699.99533016502
251723.41582870611
251730.6621136583
251733.95131246262
251756.85219799186
251778.50590629567
251789.95326139074
251803.47300798248
251817.1336587873
251843.9083841368
251871.2418279366
251895.23377635164
251949.87316798873
252104.06513958191
252413.6920264407
252685.6730043317
252743.79288580155
252900.35177422268
252906.98354429088
252915.60256927577
252927.42940221998
252973.09776757698
253391.10869337287
253574.82235562618
253643.6919071098
253859.5678228698
254054.6831628476
254249.74990817835
254252.9498207286
254594.75839036723
254731.8961791024
254815.57605646137
254919.67741285777
254983.62353656886
255248.06829267112
255300.30214588888
255348.1953623067
255953.79075291182
256414.68842341183
256495.57859979826
256632.25122386587
256653.35236269582
256799.3574031465
256815.16959260654
256866.28707036527
257019.21993155018
257124.47758015362
257219.38791784795
257229.7710915673
257589.59424937842
257774.45607589156
257825.34635732818
258143.81932192345
258149.7516006894
258231.07309096516
258269.85304308668
258305.2905499198
258374.76026984223
258442.1688767255
258857.92770060123
258926.88725557504
259078.02897175058
