246.2389480889222
404.0664756591465
453.77717812988885
1148.7516330434223
1184.533532697438
1186.0266785567203
1233.2007147632987
1371.0165626080152
1549.990690300004
2214.493812145335
2583.447474959604
2870.439259806632
2917.40424414409
2928.581336822934
3042.5897712647493
3127.4124020981026
3342.003517659413
3427.2391029339933
3579.3004864820236
3692.07671590237
4085.030917200817
4314.138485982188
4439.580583040756
5121.768193863223
5425.968631010239
5620.010790104894
6132.797992677214
6402.740145861431
6404.536231178469
6453.40718552845
6474.011080874052
6704.17240050987
6973.721644735275
7094.602444239445
7191.724089820975
7207.35682380525
7297.454597969266
7667.097111786831
7815.022142308296
7878.125796232089
7913.368659938836
8297.795961843833
8741.983925563902
8791.689704477772
8861.256878114707
8899.281976710636
8909.0872486342
8957.438659712716
8995.863302631173
9009.844694728868
9055.536182022239
9073.520182819939
9129.144945882397
9155.566948888993
9222.962654716497
9246.447400134995
9318.319363217088
9340.61710598013
9344.798545198099
9371.37836465777
9385.282431291931
9401.501144480646
9525.965521579947
9531.23363061172
9571.523966455165
9577.748964404806
9663.061708989888
9690.512999563583
9750.010370744367
9801.689521708275
9811.139044755295
9835.263402711653
9837.353761846805
9850.997222489428
9851.776619328111
9861.253061469573
9885.193036274459
9913.823830873542
9922.549865947673
10020.248055610184
10022.426071736705
10069.148892054951
10084.086074612782
10106.975872132025
10110.610579079064
10120.120066584806
10141.91086805868
10309.78512068223
10327.468247263067
10342.277670553338
10347.098950252906
10414.1437327138
10417.162442312332
10435.68930568139
10503.856444140441
10535.122694244876
10642.122142236425
10702.550911903954
10710.730017310903
10738.179850316326
10751.32845781222
10806.29279322554
10809.486322103605
10905.225300043468
10913.335646901627
10915.684623047719
10921.921615776973
10971.415438020189
10986.831062888537
10993.724524300027
11012.190218218555
11023.783199446607
11035.531473385236
11071.068372641495
11137.005245395658
11159.861285784013
11177.796324147228
11270.187155652764
11294.49067679411
11363.212364574198
11410.820299451389
11419.005365571882
11456.61592738654
11512.50782672293
11532.795420801278
11576.646317337701
11595.985999673232
11606.778395776704
11637.13676580151
11657.267620754628
11669.628772533031
11686.536341447216
11698.837037517695
11699.907822694962
11728.907331230563
11746.620759873345
11753.11626590538
11758.104649494991
11808.889485794061
11932.981902207935
11969.558876467625
11971.22065621018
11973.976710969626
11992.664510588393
12000.479571140244
12040.401062191235
12049.05830516381
12123.522088969587
12124.554829287936
12127.312720450625
12147.277342116691
12185.787657729585
12233.101440772289
12261.956777694553
12288.576601215118
12366.362128855733
12406.788547248678
12427.267578383959
12438.076675563705
12479.973198692882
12481.660114466224
12530.168798750883
12543.004156033863
12567.158895184542
12605.522469001402
12629.859195547306
12635.761533314017
12647.626299811092
12648.275129536327
12656.02383023781
12669.035592102651
12714.163450850667
12730.998536367359
12752.275594984481
12764.902124662516
12802.743001929992
12841.841574902985
12847.20730232449
12847.581114093777
12850.302533757975
12858.774583711373
12861.01369433851
12862.578209026657
12866.281250002417
12867.691646262298
12876.896396661708
12878.772888302525
12882.687612786909
12893.689817765693
12915.612876444595
12918.584110111662
12925.765654539022
12931.671956416345
12940.83864532034
12941.754968191677
12948.683003968988
12950.028527198212
12956.286179934126
12957.316804314838
12959.537440147955
12964.10357012482
12966.063663935716
12968.39844516872
12975.026895568637
12981.357807370538
12981.413723846557
12982.083490352514
12985.774667225684
12989.3845019267
12990.431447861882
12992.406502349793
12997.80780520743
12997.837249548946
13006.51603842291
13012.891612016616
13013.102425690948
13013.673717063786
13013.719731134513
13014.000171556938
13019.651358350771
13029.677274378293
13030.794253890246
13035.127441108187
13035.251152539247
13044.67881679825
13051.985100370097
13055.039298520758
13056.669654633719
13151.536013898116
13751.10223696458
14418.218407319042
15205.077067596101
15391.881727798173
15629.071534750523
16035.365808997718
16481.5310110906
16663.009024568408
16817.35591405928
17012.762343849707
17036.251889599527
17521.20282033541
18379.947677286258
18484.12446719916
18981.720508310536
18989.51259069788
19233.880391185998
19625.890993959012
19735.66327782199
20057.725553872806
20221.104897036494
20843.145410521112
21001.006691889863
21435.833566744623
21494.818839366544
21501.059789110674
21528.913290170007
21598.821557541487
21609.081212007426
22177.279379918677
22330.177419264663
22364.153888761535
22367.671845834473
22497.495810447246
22552.622644981744
22651.87114557987
22731.98712043844
22999.738930570787
23026.472392709875
23056.254595553688
23263.38171870042
23607.899087986967
23932.793830985698
24180.202612379748
24237.162480955445
24330.993082678044
24345.929151248456
25131.65140285342
25159.512447158384
25395.627832223465
25478.93530513552
25942.051025048964
26115.218161816265
26141.65363805588
26377.716617864142
27003.393648890178
27135.38816032578
27282.013067705644
27840.2822253903
27911.926914533098
27979.73728336478
28424.843421928625
28539.465738007522
28567.768686995125
28614.31321160864
29050.01656166733
29159.256135922205
29361.142291284756
29472.402759729313
29545.279647453648
29708.66314247016
29734.562015771775
29765.63802492467
29799.02400285811
29985.29096793688
30283.88511782873
30504.106197850342
30552.840818953347
30660.615402217692
30941.83760301621
31401.86628556766
32306.026941567394
32575.085820681154
32922.271102211926
33402.352769758334
34596.77013689135
34764.356177320544
34942.86458396483
35412.423749552945
35470.51600045677
35518.65527827973
35764.72732519113
35788.26998879648
35808.78969948874
35893.81926628498
35929.209433437514
36004.64709295344
36038.9968147668
36040.948847307285
36056.84097942321
36142.053723925455
36168.20445351397
36174.925290899584
36271.603583287884
36299.29649481198
36363.49938426127
36370.225015189746
36383.228098378924
36394.14015778838
36396.17451715379
36443.76214331428
36477.15108719192
36520.3590575302
36534.9568572303
36544.399323052
36598.75476342226
36632.36913805248
36690.13802259081
36819.4261732299
36888.467045774225
36912.36197772297
36927.96828641399
36936.97706801064
36940.743071021134
36976.74411203869
37012.494844255794
37108.42573077151
37119.25846916779
37152.2319147524
37166.26177568382
37242.45876585119
37273.646124306484
37312.478928127966
37511.691031393966
37526.439880310296
37527.36343917933
37531.900164007406
37622.20609903392
37649.184880766334
37650.2936242777
37660.67772464064
37761.76972195877
37773.03523432713
37820.06689052369
37933.74327118514
37947.032823523994
38030.46769536241
38041.42185749365
38067.8823654647
38068.69759628114
38085.69711200364
38087.26467739777
38092.28030453219
38129.17424922254
38135.93120389881
38139.2405161165
38165.20263273463
38200.97604635169
38293.48244904554
38508.56715630347
39388.60191078597
39589.48004352389
39905.630789358176
40266.73056737391
41233.743549632
41295.86657163742
41301.03456011001
41502.83241380872
41549.125339333485
42629.18900404885
42678.26032145685
42815.04199171222
42852.294753348455
42879.28416616094
43023.497618483874
43387.541159878856
43857.79687786682
43997.08495081269
44266.78544009988
44430.80247718294
44860.28802895728
44964.6093747538
45396.90534145597
45567.68127656097
45838.69791120219
46148.44179133359
46468.22309919655
47251.59765351158
48630.161078970974
49173.55102882311
49286.19850497483
49439.76337415854
49541.76526453124
49600.08489705398
49795.67840205194
49899.77723167386
50502.14138006766
50664.75557759999
50712.12671566823
50986.366823003584
51294.79671134877
51393.92145968112
52326.35987484512
52451.68555153178
52496.51118472947
52976.25091844933
53104.98965241089
53756.36202117563
54884.08112661689
55392.04249615654
55647.044297805594
56419.92744810049
56531.09343951769
56961.78132848157
56994.5216799857
57542.512520942204
58288.99611907733
58494.52257829665
58966.505246247936
59096.255746622934
60148.4978484511
60746.25550373366
60940.506732058246
61065.71366271741
61462.819062010996
61462.85616704175
61462.87692224038
61462.900521034586
61462.910960116526
61463.067929892306
61463.13031230484
61463.281713910044
61463.30942671949
61463.35199839196
61463.3569923691
61463.377587895855
61463.512006916724
61463.51550482102
61463.60279846237
61463.67687674175
61463.726027513796
61463.78076769017
61463.785218339195
61463.95257576743
61463.98223805913
61463.99295673337
61463.9962759904
61464.02920999257
61464.113673051936
61464.16152334483
61464.173955949
61464.40630261681
61464.41022549621
61464.450240652244
61464.490411139275
61464.63152862611
61464.74558036764
61465.002637365986
61465.016842379955
61465.1331393872
61465.14356343648
61465.17835352685
61465.184260632544
61465.21710513949
61465.31266335562
61465.323934244385
61465.349857191926
61465.471751879086
61465.53134279933
61465.63760447272
61465.699120721314
61465.756171338726
61465.79683738886
61465.80502894561
61465.95878551495
61466.05093444947
61466.064749195575
61466.06810766246
61466.16872982392
61466.175412803124
61466.20087184045
61466.20192081657
61466.33488970583
61466.360942276784
61466.531482323895
61466.77309067339
61466.77374959619
61466.85474719458
61466.85717472894
61466.87003929502
61466.895690645026
61466.94021269949
61466.94734331284
61467.046994212855
61467.0746073877
61467.1934917606
61467.23655237402
61467.29660478157
61467.35716374694
61467.45324073543
61467.45905824036
61467.48921562302
61467.5001525301
61467.620625470045
61467.63707224069
61467.799009200935
61467.843437597
61467.87290366948
61467.93692575533
61467.94070472997
61467.97736467438
61468.01940953152
61468.23040528833
61468.32616162964
61468.502146368046
61468.56845186952
61468.57012499734
61468.57233590981
61468.62452213487
61468.62553420832
61468.67498460836
61468.692073434235
61468.80112082557
61468.80758103373
61469.070724152625
61469.14152868896
61469.16304372608
61469.176481606206
61469.24557411021
61469.29682146708
61469.35293222833
61469.35941448074
61469.63172532824
61469.65541117035
61469.67230757036
61469.71580487169
61469.731308141745
61469.77400637229
61469.95353831532
61470.03336807454
61470.07045956861
61470.07791091265
61470.09996997853
61470.151678270784
61470.157149501036
61470.1797782776
61470.2612223819
61470.32268311262
61470.43150375767
61470.495146295114
61470.5287334499
61470.580346229886
61470.6293159924
61470.66955510272
61470.684601692825
61470.76790431673
61470.79622103321
61470.8433819014
61470.876540610385
61470.970616835264
61471.00201049338
61471.05447738058
61471.06341558878
61471.13217798166
61471.16188899347
61471.20111343316
61471.22188845385
61471.38780010947
61471.49756173851
61471.66534658582
61471.69145312417
61471.74787868586
61471.83514777677
61471.837755581975
61471.86534327452
61472.0161268248
61472.04676456926
61472.10374103606
61472.122337129935
61472.15622733413
61472.502936781864
61472.51748733279
61472.52383014213
61472.53552524928
61472.56980394616
61472.58385823138
61472.66728831718
61472.70259449995
61472.765644885134
61472.89113550097
61473.009082425975
61473.01763397491
61473.0867162314
61473.12067879163
61473.184423152685
61473.20118918117
61473.26249935698
61473.283090684774
61473.41626732824
61473.42797074097
61473.469102442694
61473.483754584726
61473.52374470286
61519.18586781414
61541.406853595494
61711.4078883351
61720.44049028407
61841.598735288004
61936.25911900755
61992.21936950832
62116.09929248455
62140.06236895041
62177.867012469644
62217.463582947734
62289.76366088002
62294.05158344906
62314.15220730691
62346.524389699036
62381.45148566637
62413.94625659801
62463.274385068806
62468.08187849083
62553.51765042617
62568.88672396135
62580.76176182743
62583.93019709894
62612.34032525332
62634.02221043767
62714.78281666769
62754.7598145447
63005.47389568932
63084.395441356115
63180.30330806299
63210.88170800083
63271.82804373204
63290.96789512025
63355.0827100335
63381.29917516271
63453.06734076717
63457.688266037934
63486.95102827317
63520.40290546
63532.797678869414
63543.68649930004
63562.33591236878
63608.47358709218
63706.74569007875
63718.930757508715
63727.451161572586
63739.207663962785
63739.59153313073
63762.07433392073
63783.635884793155
63813.12803341781
63834.98136273228
63902.321714775346
63916.7654773543
63933.98746973242
63971.71178759732
63988.07295283659
63995.41225234575
63999.46839173426
64042.74644919163
64058.07892697535
64062.29759635317
64062.9507721961
64082.1099799745
64088.69525085789
64111.47499409969
64136.289682404094
64137.84224282644
64153.560458911736
64155.99462672452
64191.733469068815
64272.951108847315
64301.74002359623
64339.944632018945
64344.008792956716
64350.43871234848
64367.477801902365
64373.594971630126
64395.67552726853
64401.27001192351
64427.36871743342
64428.96197819355
64461.71376791445
64538.44088754093
64547.296322187656
64593.22951970802
64599.38674574983
64600.206237457205
64618.214263880334
64627.65891944581
64633.60650653162
64652.25027741981
64659.44305610302
64673.099400792555
64710.12945399517
64727.22487474464
64747.50027961247
64763.030537608516
64883.6129228585
64962.180764898534
65027.42802385173
65080.37082047331
65098.89571069224
65150.87544275839
65154.87160287106
65190.59032751955
65220.79744155599
65244.359441599554
65244.89102292693
65267.149958630325
65316.38759383905
65407.7389358671
65409.71167150409
65437.86633407225
65459.60264441599
65464.65496885646
65493.16776713482
65502.67238806175
65541.41442599872
65547.89447662568
65563.95557658188
65584.36830501322
65587.21160756517
65595.64596786478
65681.90663070856
65746.80937872762
65757.3947948386
65789.89938723092
65808.66862149876
65844.12663629063
65852.76002159275
65877.34916987753
65906.20178952953
65912.24322635481
65920.95513256107
65922.88023327582
65925.60473517042
65943.42064086396
65953.67764720607
65970.13037846677
65990.13781321351
66184.02657446216
66204.2686293003
66247.63308795265
66259.10129592118
66619.8272665068
66683.78210288598
67487.8170934575
67682.22146121737
67756.66799186141
67841.85106545962
68289.38689734177
68470.45036889592
68488.26473774607
69085.70904559128
69268.15093753552
69295.11392961742
69911.43948877447
69936.89048871519
70057.59140658802
70407.4558973518
70932.82167078447
71043.31942987262
71177.34499569987
71421.64183747189
71492.55683510187
71620.11690700236
71999.240183418
72166.84549287437
72364.98199075846
73026.02730534627
73658.18319019456
73668.43888686667
73719.50286222955
74065.51264709464
74141.1626562467
74357.98284231526
74477.09365362459
74528.68460339204
74817.23430361312
75125.88339584545
75137.00900214918
75166.75514671682
75640.29647903566
75867.1623321986
76110.82056425154
76133.75949934122
76268.65867307456
76298.34181637768
76365.99603962844
76448.97790506727
76770.6321455849
76929.77781852437
77380.3648546148
77763.8629789791
77800.68395512976
77910.20230600261
77994.44125497517
78621.14357887274
78760.433215932
78847.58638598616
78918.08298970129
79279.24754579231
79297.45082922197
79310.68505866118
79600.4463720999
79651.38426870154
79778.29928857203
80043.37057099758
80539.24604411914
80599.01218619356
80735.27886227141
80881.61878773718
81375.36462978301
81382.77591300236
81449.5840860328
81938.31160546337
81982.52103451517
82216.71303047294
82283.74859801831
82431.38983947076
82460.8295273762
82705.83968021975
82980.17869359025
83292.4738169567
83676.03227989019
83755.74833908414
83780.2218743556
84255.99553283192
84376.8558302326
84501.19956417447
84631.54622065464
84885.62561211216
85305.16641038847
85582.27331220698
85609.39287218878
86013.7576774362
86403.44960488622
86989.47814690128
87017.130220082
87231.44093385166
87381.59061993113
87431.02361137727
87572.38730637761
87977.54814325119
88045.25642435248
88144.33228050456
88391.88515514495
88637.28284322575
88641.25118510208
89133.3179465257
89184.49766133942
89536.36494471169
89866.41991836716
89958.43056482781
89992.39439099215
89998.94829936001
90009.60559571022
90064.56132717313
90241.89256537054
90314.72460883022
90400.01482256963
90464.60081401744
90465.2047556949
90563.05715515833
90827.58285542375
91054.23778048107
91136.61357338785
91530.06305704126
91542.02092943796
91880.62736299256
92316.50498053568
92483.35544807803
92670.3541418058
92736.49988215008
92826.82413500056
93035.27762400998
93040.93528183208
93214.69803380927
93236.63182342962
93304.7671361312
93488.57267371783
93534.61355931105
93556.7362751413
93810.16059662779
93844.84583958014
93908.95665411965
94010.6765213914
94056.56091171337
94071.12768866387
94100.84005403283
94327.89860932832
94336.16393994521
94352.40926369469
94393.91037055898
95005.54608121619
95090.62140223326
95158.80310908104
95242.16137633169
95250.37925397478
95302.52794395613
95318.70658650286
95372.06274330303
95395.63094849099
95404.98396137396
95419.58546194975
95488.22001500915
95503.28751219418
95503.59001598645
95558.41339309266
95632.7567574282
95639.72922395711
95643.13320703794
95649.78325080904
95658.46990927751
95693.88159694373
95720.2596518813
95747.38994146576
95766.30697144617
95782.19046746536
95800.21624509477
95804.083295866
95817.58814962285
95863.95536559341
95876.90955031766
95887.1240513283
95891.53196280861
95899.64193861015
95923.18723362013
95932.23459484239
95973.29042564538
96063.49267303802
96082.08527931508
96092.10928185207
96105.22239746473
96111.46222999306
96138.74418042287
96154.08879854738
96157.04158617186
96230.62744973972
96338.62097186982
96342.06327319777
96393.46158419833
96414.64943532579
96415.96643421128
96429.79046489747
96458.6710712485
96511.85800238799
96536.9060702696
96556.78435393126
96567.04680767313
96590.47775307443
96636.82134908397
96637.38103678536
96704.8560277187
96764.01263417053
96789.28856129925
96837.98516972637
96863.49369738017
96934.22781920724
96951.54309177752
96961.43368936263
97013.88916998712
97144.74485515179
97213.42022659235
97231.18985902432
97300.46490943436
97318.98142239312
97329.86050502202
97345.74629715663
97367.09096766806
97415.23971533946
97429.047108923
97433.64165494606
97476.70775612215
97523.04813219079
97527.99127392423
97544.39712845265
97548.69451448006
97561.7566348357
97604.38735385943
97674.39489095965
97776.01270853278
97806.7988769916
97877.85401267525
97965.93024030233
97985.40592794635
97987.64842281933
98020.31495349815
98032.98093281989
98087.06446760589
98128.83948453543
98135.08722932084
98136.97182063515
98155.51648898708
98166.35202698637
98175.87618422318
98186.77943472414
98242.73317648904
98249.36091565875
98268.96196691672
98272.13706616708
98286.76895741359
98316.0891574016
98332.92832937572
98347.75385018575
98371.82624222478
98436.81599822128
98473.35840848324
98566.07837291952
98568.29174016522
98570.89094001545
98614.57881820177
98691.55106650972
98712.54235451903
98726.38319429409
98734.76104845836
98737.38578100671
98744.23207701341
98753.31049802143
98788.23854339721
98898.67304611993
98910.5177618376
98924.8880323935
98934.03117290168
98960.53722071789
98960.79494914296
98965.20137522451
99091.29975546803
99105.77616923746
99119.96790549468
99125.46724834615
99149.67887952918
99165.97816204047
99187.0021906558
99195.56476004963
99199.5894493749
99206.10423574386
99245.51657245289
99246.46048358074
99251.21232942078
99251.62595970718
99253.51742137934
99258.78397265612
99260.76212611467
99265.360216547
99269.8059470766
99287.37851156066
99287.58865856042
99298.92301567167
99301.17711573762
99303.24946753363
99307.34494690584
99312.3818526474
99313.41530081825
99314.97774861894
99316.25813647591
99316.68272913927
99318.48583411783
99326.17170908257
99327.40818002478
99330.38817926928
99346.53149819397
99350.61364759719
99352.58935101387
99362.35553649526
99363.8961681389
99364.76567001655
99366.82235903922
99367.42324034145
99375.0002018557
99378.37235690455
99379.36011979668
99385.7464229083
99388.59574155396
99397.91756284912
99399.6568070892
99402.67375817864
99412.39634234936
99412.45394147547
99414.25371045928
99421.63691822505
99432.51568410057
99435.31252381671
99438.06784315282
99439.23114936773
99441.13008550635
99442.63216189484
99446.90777285937
99454.63948061834
99462.98828944782
99606.32158096206
99756.7412709375
99778.43986077092
100461.37410659807
101290.02579987614
101311.6367744646
101584.01449216025
101792.65633145612
102038.84922101002
102101.74507508044
102228.489050783
102274.29665485962
102284.3756342283
102594.91744989702
103665.6806189595
103971.4596975046
104478.99561791544
104541.72945259635
104590.01645997999
104674.75594555332
104718.38152586407
104914.88366454057
104930.67429525584
105063.05785361913
105204.03475512302
105635.8804546498
105681.62161328235
105781.51845611399
106429.71981115406
106623.37827159188
106764.95308175652
106770.89112350988
107626.77000048751
107811.32495907336
107968.23216184041
108238.5593987857
108475.86207742395
108739.08302472229
108819.35277573757
108831.5431247965
108978.7046214741
109591.37853343277
109802.73890774618
109823.96626057559
109901.0194339651
109999.49374820656
110390.19817776125
110466.91655108822
111077.30094752117
111164.69765458826
111206.21431761295
111722.2664485764
111757.73266462656
112558.26176993814
112926.8376986958
113214.38552492103
113305.76435868094
113355.99248540783
113844.75469232559
114328.59053558255
114476.55114511368
114632.00215893677
114767.53004737172
115140.15973228369
116341.22990083728
117315.50966786598
118343.32852514382
118594.43266514935
118906.74284746306
118988.5435818418
119231.68709220341
119477.26466417943
119874.69273174368
120433.71871754217
120508.3449742459
120772.73283545117
121644.7409236333
121846.45165578702
121913.86930989005
121980.72090584988
122104.60358136286
122125.52911607895
122158.22009329878
122208.65882353253
122215.6433887029
122215.92446224627
122237.91962463429
122241.9376206327
122330.93925391315
122359.9272324829
122491.49770489578
122493.4027820272
122571.2177710546
122599.89175982127
122620.93370214885
122733.12861848535
122787.36435784886
122796.52920882139
122797.45685987378
122819.7905042619
122837.56624455363
122871.97243572806
122899.36726211713
122927.62568571752
122941.15943640126
123015.23374994927
123094.76920187272
123116.99309102398
123184.580859351
123256.14689473234
123326.05093455267
123342.18217899764
123373.96344514782
123381.52168049244
123422.50557743567
123461.80312077509
123525.3617353478
123643.98097114122
123692.29277662383
123698.4404616578
123751.67828383212
123754.50685003896
123853.00185059707
123879.97635490142
123899.55037880348
123926.648531878
123993.90000677973
124050.7503966146
124062.8738840221
124075.18303900742
124127.68398790093
124137.47587750269
124234.999794648
124244.14134661962
124296.66801823305
124490.71013011601
124586.72605869343
124633.5632897759
124637.55946899852
124645.86289028169
124822.39158014453
125374.41584159186
125805.35048568562
125961.89114144657
126765.299431463
127410.46907392632
127560.41992414591
128006.43024435939
128039.29315211915
128389.32427226932
128484.61839118914
128854.39116784144
128927.83014293978
129320.52714143085
130443.79504473764
130806.10676209445
131198.1994542069
131294.31447762073
132028.7481230974
132283.98840208488
132630.18444771768
133035.11297647105
133699.32589128186
134714.34531768993
134924.83350079384
134998.61685075134
135309.1930248409
136154.00818664388
136254.66674837997
136372.02839653092
136952.48003058904
137465.3815827123
138103.01202541444
138527.3090256105
138636.1006705144
138973.82579946888
139191.7347829913
140392.32863151797
141013.94445437178
141102.5375893577
141688.35891893314
141739.32243878001
141863.95678020627
141870.36407084455
141942.23558858503
142123.63983590502
142351.16844307774
142379.4147888262
142572.4050950355
142648.20635779324
142993.43953657558
143118.03923588467
143652.94509399257
143667.66038949596
144814.60012891213
144922.62462936726
145078.06328896355
145647.66925628745
146314.43390827894
146564.28210212028
146831.7989009301
146865.44218433416
147055.4305383988
147862.8394058625
147862.9425556772
147862.94626676757
147863.02764419187
147863.0701054547
147863.13285974727
147863.15912905443
147863.16295467742
147863.16776929685
147863.2548214006
147863.3413937437
147863.34921571874
147863.39763607585
147863.4764799936
147863.52265473412
147863.5531099361
147863.62659908918
147863.6544410396
147863.66252686628
147863.6972184384
147863.70544328997
147863.70681533733
147863.73500648048
147863.7499129583
147863.77017640808
147863.9123989329
147864.1676896381
147864.17015910023
147864.20221671727
147864.24661937525
147864.26836316066
147864.30090643463
147864.30345312797
147864.31806453707
147864.51070702175
147864.51099352332
147864.53896052908
147864.5571373918
147864.63241106324
147864.63829813583
147864.64058175683
147864.76846748975
147864.864473226
147864.87728113434
147864.8944207877
147864.93999361712
147865.04172245893
147865.04795619918
147865.1195047771
147865.45854652632
147865.52230486894
147865.54635938857
147865.55774806428
147865.62348215914
147865.63882276425
147865.67429276204
147865.84945664974
147865.8827252863
147865.962183007
147865.96550612073
147866.06493646072
147866.0798262385
147866.09984422152
147866.27557486357
147866.28942321887
147866.33649555314
147866.36592602584
147866.36654917608
147866.44721132706
147866.75788209238
147866.78757833492
147866.86476631984
147867.11591137017
147867.1270916727
147867.17026130832
147867.2024065674
147867.25635682786
147867.2578052819
147867.30098465364
147867.36348311964
147867.37332481158
147867.4748923122
147867.50602726312
147867.52300973446
147867.5685627121
147867.64167153346
147867.685448253
147867.73190341075
147867.7741326097
147867.79270378864
147867.8085821467
147867.8429685933
147867.8902346694
147867.9093954864
147867.9866426094
147868.0113676121
147868.21998552128
147868.2347115928
147868.24647595553
147868.26463891668
147868.34063614582
147868.36802284163
147868.42751316616
147868.4488344209
147868.45544910812
147868.46725417854
147868.6364940684
147868.67817114113
147868.79170778245
147868.90930193756
147868.95254336385
147869.11416348314
147869.17952966486
147869.19572250714
147869.29938751255
147869.32945260013
147869.38302638184
147869.44755196245
147869.4484658207
147869.52765567947
147869.54228495597
147869.67069537364
147869.88365072495
147869.96556208856
147869.9848835856
147869.98570468652
147870.06796616883
147870.09358112694
147870.09561584878
147870.15391276177
147870.18267108742
147870.20821647093
147870.24373144517
147870.2825931748
147870.28319291794
147870.37009406398
147870.40918066908
147870.45121547338
147870.52754488913
147870.5356420233
147870.6306449468
147870.7479337972
147870.81309484327
147870.86916101028
147870.9521694868
147871.03642015497
147871.04467300157
147871.24025185057
147871.3603467193
147871.45085257053
147871.501158715
147871.51729214366
147871.53707362583
147871.56427173482
147871.6451971202
147871.80255301445
147871.80393414703
147871.8314505942
147871.8536902588
147871.87585172022
147872.03396691463
147872.08743007627
147872.16127265777
147872.27930565667
147872.28374282387
147872.31425766996
147872.61988054722
147872.63669245451
147872.73771486478
147872.8954020142
147872.9176890917
147872.96606235826
147872.98005828622
147872.99688165344
147873.01734961453
147873.02713516203
147873.02880322633
147873.19770436327
147873.21491092176
147873.25877567206
147873.2625588891
147873.3184545298
147873.38211308696
147873.44372585017
147873.48319534882
147873.57157262476
147873.57867528996
147873.5952375276
147943.28359470738
148011.83267535255
148084.51922685455
148104.57054991327
148210.2195783035
148230.3246615029
148248.67373860287
148275.01125998292
148276.6177189674
148305.71764014172
148483.28209616002
148504.88818332035
148609.0884742872
148662.40955806297
148670.7441064473
148858.87748206325
148889.91499917165
148921.95075543888
148951.08481773591
149016.04852031107
149039.14282102045
149129.7984488439
149141.85236711949
149228.7743090363
149249.11785464012
149259.52365747534
149308.73317983403
149352.21824994066
149380.78518846905
149471.37671464245
149484.30465293786
149493.46523458857
149648.7505973483
149727.25319458242
149842.54078762766
149852.62865346906
149912.4357499903
149927.24599208083
150001.163326118
150048.3150181373
150049.04559357214
150075.40991435977
150077.0787537086
150098.92915266514
150113.5321385567
150135.05294703692
150151.6732968198
150163.69530918915
150179.37260735486
150201.85594947857
150248.18055552727
150260.28060296824
150287.3530925102
150289.739229148
150305.4502968876
150364.97170776583
150384.0503384211
150425.35588054112
150445.8809629588
150454.27792776516
150457.6908608765
150462.0375503211
150493.59723465337
150494.81199830284
150504.1088568585
150514.07677878885
150519.03958327416
150535.48193984997
150597.74366132534
150638.09209376917
150653.14330493074
150661.54836081783
150711.91402432474
150722.0777985814
150787.42951370345
150801.23885662583
150803.7834825478
150837.40796706142
150896.6017472656
150956.37088810455
150963.70837882438
150972.3015265913
151009.77293299526
151037.6972855101
151043.73856628497
151054.38613201777
151071.37838088794
151072.89190444775
151103.00261706533
151107.1743686869
151127.44462054007
151152.42434481857
151204.06283537895
151211.4458044325
151219.43076326494
151224.1381197956
151224.45616640284
151240.9387743899
151286.9119913046
151326.8263987475
151336.71964093827
151390.97807183687
151392.24430218214
151426.9551758342
151431.09969763036
151460.84152259334
151462.57171554054
151475.64858637442
151503.0898605428
151513.43997703798
151531.21037783386
151543.76648190993
151562.31730242356
151563.84962614003
151584.26845590377
151594.96466920723
151598.21703034954
151622.8868629486
151638.99268231477
151648.27446425182
151657.13337949058
151663.78893595806
151685.59488557858
151685.85926495356
151685.90620119788
151711.99661336793
151730.42954785356
151756.84548829962
151766.21853040985
151793.79599742958
151813.13610234758
151846.94240265735
151920.77505076252
151935.11124292458
151947.65504765385
151978.87419903418
152013.88602710015
152029.46166951896
152036.70117972995
152046.62458517248
152048.12339408215
152075.27948390652
152123.23901553947
152143.66187266298
152158.19814808908
152171.6901621197
152188.75285659108
152212.20158265057
152216.73127288028
152220.75460360045
152235.90809910884
152241.49131863052
152261.39705846156
152281.67337226868
152299.52492231654
152318.99517007807
152323.81483581784
152352.01883074606
152429.03885291982
152525.27915084572
153075.5933786498
153104.46610297082
153501.6872993179
153531.5848942819
153678.0658255938
153797.89183084032
153817.2630811989
153913.4142859074
154161.65678321332
154358.18523866087
154403.2978221756
154526.63472897114
154553.36331222908
154870.96886391216
155077.33968819136
155110.88887983537
155136.89623754617
155578.43032917503
155591.1430979585
155967.73727947893
155969.9300447458
156157.18773357966
156211.43041989143
156385.75369379102
156592.8508621386
156626.07269976355
156985.2501642173
157141.97226193035
157320.2304331839
157396.62019737763
157400.33523186215
157510.57736505754
157740.1360202795
157853.2387062456
157920.5590922117
157938.23276234366
158315.49005190234
158402.8158412389
158501.69144774677
158729.67232463358
158787.48611703608
158834.45691917272
158882.6791995278
159100.61124210933
159244.9473972453
159621.4580376413
159688.5930801934
159778.2851851348
159873.665627755
160030.96681085325
160083.32951749788
160345.0255964453
160385.81999712542
160544.13168065672
160613.84247703257
160710.28978423154
160750.12039081642
160767.80367197335
160814.00201158453
161043.1376371099
161231.47847749785
161461.78396694723
161519.43278496957
161542.6198417734
161579.83586352138
161778.37749251787
162288.60142983688
162325.1369814807
162333.68419647828
162364.91066773783
162695.19146878965
162723.3464388218
162747.66146739814
162980.03351147164
163050.35253963963
163149.16584142603
163153.15928410908
163267.07673378446
163300.75041214272
163343.21138939302
163468.0697164178
163757.74637039276
163805.20706429036
163848.7709777575
163902.50364278405
163923.01907423622
164058.6006002659
164382.51266110278
164410.23169097851
164523.7642758892
165024.42625924278
165035.92670278015
165392.38374116225
165510.98101442232
165627.0986548295
165741.08571943227
166000.918289483
166056.18182526133
166268.04123481322
166327.8538163674
166993.54452719673
167118.35624653206
167198.74895484827
167276.02859061141
167771.48048528706
167797.58561170055
167805.29796244396
168046.29279532126
168046.67422600742
168534.89776582137
168703.7232459592
169036.40843210922
169590.62326163345
169590.94872965995
169657.63074695438
169820.48141178387
170024.9163536817
170090.46155516995
170275.07462538726
170354.77022091014
170498.23825867067
170550.32236456804
170991.31139291247
171428.09488947492
171668.6386474396
171727.38862298304
171818.99250373204
171914.36668358935
171963.00257001788
172093.06959688762
172238.87486660335
172266.63651182337
172385.9742037385
172433.7807718789
172718.20153140704
173187.49113002187
173254.64032601897
173264.40819604183
173328.8811368635
173398.50439780552
173685.3433620867
173706.9236326525
173791.186823197
173989.0101741193
174124.7249235774
174125.5143890212
174496.94162799005
174686.94132494743
174880.16288964395
175062.50147836033
175151.07511763
175193.84224907463
175404.87255045073
175435.1001592052
175492.84557909475
175528.0394342996
175535.13215757895
175554.8102657588
175640.33898620622
175665.77404377706
175797.7550234112
176106.27155506884
176149.9310661614
176431.11838315646
176595.7246189726
176653.59405874228
176677.49424950275
176748.7808921264
176894.29307684363
177068.4330597835
177158.08068271808
177204.2625106906
177351.83835679747
177522.47651701397
177851.90283435522
178315.50292204053
179701.97119789332
179760.42021124976
180374.8321383448
180561.92976486988
180761.34572180212
180812.73898158086
180877.95256879198
181176.27129548186
181402.50815928367
181545.0377941953
181578.97036571172
181621.05174051187
181648.18679536367
181655.41704891867
181685.8691013334
181692.504058387
181723.83762499655
181732.37762758936
181827.78305940793
181833.40560881185
181888.4025182147
181972.5267910689
182036.83778506858
182044.37602391484
182064.51933379966
182094.9278475913
182148.7948518835
182154.83610131446
182164.8541950762
182177.66397492227
182221.16475516284
182248.7561974102
182306.77661557237
182389.67839039845
182411.67020002208
182414.50745360448
182416.09782164707
182431.56360578546
182489.89667582454
182498.6623882038
182622.72876206622
182676.43066160413
182678.95287411092
182713.75022503847
182726.27153088994
182744.02541085775
182747.62359199728
182794.84580950515
182817.24192811133
182837.5997463773
182859.23411570344
182878.8789820378
182881.8734365464
182946.7348529393
183038.3643204964
183064.33102457825
183098.9263966361
183226.45619051513
183238.46813243703
183281.25741807927
183281.95173877804
183369.35736211296
183387.4871552489
183410.7572776059
183456.0174159839
183467.5558844132
183615.79036336706
183659.65086624087
183723.33383965032
183775.28661903366
183793.5643463861
183819.67923305987
183838.98753783753
183936.4084194913
183971.43409633538
183980.35430708827
183989.76102474018
183992.64537415246
183996.7454163028
184011.3309675249
184040.91303544777
184069.86059000695
184104.5362651753
184143.70541195638
184171.20895319924
184203.21690586358
184211.74604585202
184288.49854391225
184343.0385534096
184365.69514664845
184460.9037235874
184466.5031095304
184618.01601361673
184665.2763260823
184676.93104218732
184702.01895818725
184716.19105520062
184743.49947299788
184745.2712776985
184762.2547080122
184807.35371294053
184807.46320932533
184896.4749495808
184945.99218516125
184959.4915054075
185016.28219776278
185030.03053794653
185065.7241679847
185109.07740036113
185137.12828048272
185151.98394843139
185154.41837744557
185155.18421327937
185188.56330567936
185191.53192400167
185192.0409607237
185202.22302169196
185221.48586802182
185350.87540661104
185358.7308822329
185382.34032111528
185470.96693020576
185511.76764081462
185518.75823726197
185571.695446595
185572.50913547765
185596.51354275036
185623.964458467
185642.32150743742
185645.10293882407
185653.8340300487
185656.92624842748
185659.738441232
185662.67124140705
185663.182520305
185663.25631532876
185671.44943406954
185672.45672925038
185673.4315911595
185675.52717757734
185675.9434837563
185688.2435713609
185704.1337107913
185706.26750826166
185719.0845183921
185729.2747904528
185731.41192181964
185733.85704101922
185733.9212125134
185744.42856109873
185744.46309604065
185759.06966143398
185760.83015747528
185761.4869720443
185763.36617023387
185764.2548873574
185765.3918615153
185767.42453176904
185772.81806072724
185775.55984813411
185785.77147795053
185786.52431054635
185787.66751131898
185796.6278676236
185801.27758484113
185803.4638910366
185803.7264015531
185804.30615042517
185805.30169884916
185809.89160825778
185810.32305624243
185839.7229456705
185841.47248261265
186370.01133308286
186950.3572050953
187567.34846388173
187674.98689838834
187745.4148337379
188437.23173527227
188697.95786762197
188837.64037033558
188947.1743794375
188976.1788349837
189596.63879039919
190070.8210982514
190707.42695307193
190945.35147226788
191196.47896872245
191479.79366929794
191736.6883304978
191891.54098676328
191919.581749331
191939.72822198324
192104.2493983461
192218.31536823625
192252.45667948734
193209.93092661476
194105.81460776064
194223.27280200858
194224.47571197106
195022.49824738057
195607.86030796854
196178.9477733061
196308.23647595424
196707.99187863176
196870.89540320868
197555.15917960927
197703.30088675607
197862.5689708356
197906.38920363918
198977.87757692617
199429.54173738175
199698.27089053846
200165.08396245746
200449.82021270404
200587.07833361626
200679.53509239753
200809.5568933753
201977.1691012441
202204.12530693773
202234.8407266673
202302.90666775376
202570.0836677534
202899.84001471856
202929.98569649816
203405.13211062553
204117.61762987255
204195.13928766744
204265.15578215197
204470.99383337775
204822.49246926606
204883.6040003507
205254.60157037003
205398.90660044653
205448.16999911657
205563.28128903024
205920.9248981623
206095.19235178514
206487.37376258796
206738.3576423673
206817.20103245234
207088.24282650265
207268.75125193907
207322.40136850704
207415.78528960125
207541.26677130914
208233.49191648804
208577.3648976649
208628.56400721916
208645.24083603613
208656.40239347727
208678.03636212644
208713.7280738511
208733.55299795282
208773.81681663854
208817.66249338968
208866.46762835057
208879.56016525434
208899.38531450485
208995.37410620155
209034.7121647388
209095.59009748854
209102.40660327682
209150.78080195485
209163.1773299111
209182.9071686953
209209.44984212756
209210.29649891576
209210.30004922263
209303.6857984063
209322.14579913294
209338.55377797355
209366.08689155878
209387.70618490677
209420.65012756665
209605.3657049104
209843.59654987926
209913.0569297251
209918.57572852666
209996.8797320644
210021.93272554985
210054.84880936137
210130.80468316388
210160.5288792114
210190.7170970622
210204.34652371518
210217.5848981876
210253.406744225
210310.4884889989
210340.9841772734
210361.92889783112
210531.8974215872
210626.84777165425
210646.4981615313
210732.9424107482
210752.88577429877
210788.1893902932
210795.49191294637
210822.48093761422
210839.6924910572
210872.21509141303
210940.508279227
211727.57063669225
212113.96643072157
212145.1066802693
212374.94142904313
212609.07812975027
213227.89795599657
213231.58687568677
213631.60979903536
214139.45583002304
214550.47233973668
215105.85383061724
215657.14293858697
215822.95206404378
216661.39064736202
216786.91523247556
217230.80188715673
217275.50405408622
217452.09191939668
217566.72417055178
217599.9172493529
217643.84003670604
217681.1442621274
218221.71904487585
219299.62855118577
219486.5160538451
219857.2258613479
220705.6503360812
220943.78165150434
221181.6442780643
221460.8642171386
222175.21032748168
222654.06650883192
222896.90090449475
223279.58513708517
223441.62885160858
224011.3100354651
224355.10695020875
224742.91550121325
224911.27122081385
224927.089313828
224961.09814321308
225654.89791161884
225841.03580606607
226497.9397736084
227052.90982883127
227780.21380678026
227870.747102498
227925.83259808912
227946.22117494047
228328.13820863207
229710.0097880268
230478.86919730925
230520.709025104
231077.2731164221
231168.75237376284
231410.4291775491
232633.58883545513
232977.69106365222
233085.50293862124
234057.8907945978
234262.81596176024
234262.8525457932
234262.91134825608
234263.00893381413
234263.02428522118
234263.05387032108
234263.065074333
234263.2459986601
234263.29193137964
234263.2932237446
234263.3514223865
234263.4632885449
234263.4893010745
234263.49995318183
234263.57050698117
234263.64737058786
234263.7326822328
234263.8106535774
234263.81782063725
234263.83587681677
234264.04194292767
234264.0545822214
234264.12565875548
234264.1811727879
234264.1831493365
234264.19896917115
234264.20909283235
234264.24496263775
234264.2847083146
234264.34015878243
234264.39350975797
234264.4335107145
234264.53166033496
234264.6089935845
234264.6360150238
234264.6676493222
234264.6887066672
234264.6967519273
234264.71941896426
234264.76051559258
234264.79732580684
234264.93284512105
234264.96321710848
234265.0423400958
234265.0901878922
234265.13751851936
234265.17298561518
234265.2103639845
234265.27625332485
234265.40298888038
234265.40861842182
234265.49645360565
234265.52233816066
234265.5329931644
234265.75607243823
234265.94592396473
234265.98811348106
234266.00610590968
234266.0104782659
234266.0160459272
234266.05641398235
234266.19713561656
234266.27867816895
234266.32724528352
234266.3541610122
234266.4482564304
234266.4590107991
234266.50280408878
234266.63717997534
234266.70211990832
234266.74875673465
234266.77191534423
234266.81067899024
234266.8295036625
234266.85901121853
234266.99145075356
234267.0651631233
234267.0977689606
234267.10854654654
234267.23422278254
234267.27064324502
234267.2773943855
234267.31995069273
234267.4247616476
234267.72677614668
234267.77320778824
234267.946742211
234267.94969078214
234267.95440074388
234267.98578172177
234267.989276522
234268.07966024036
234268.11078021105
234268.13398303933
234268.14454419247
234268.20646316867
234268.21337179068
234268.36137631466
234268.40075339001
234268.44232246946
234268.4746881444
234268.5133010503
234268.58308145628
234268.80401017697
234268.8664383861
234268.87776530988
234269.04728417168
234269.2628384658
234269.31333859867
234269.35039946335
234269.41684604163
234269.52120605513
234269.69323041686
234269.73356872308
234269.7516441108
234269.80798917142
234269.82110353655
234269.8978315512
234270.03077883244
234270.04819264723
234270.08445251302
234270.13274943366
234270.15693316315
234270.27539760445
234270.28891327654
234270.37732721976
234270.38163337624
234270.4157618949
234270.4641917069
234270.47330458616
234270.48954448168
234270.56325092862
234270.60894640582
234270.76685772193
234271.05156810718
234271.11912242055
234271.19259749877
234271.19753830397
234271.2487855596
234271.3050830067
234271.34501200562
234271.35075087787
234271.40356161777
234271.500487059
234271.57040900193
234271.58186613812
234271.64342433822
234271.65571357234
234271.8241035768
234272.08792915993
234272.2414677038
234272.27834750642
234272.30775618384
234272.4369179111
234272.45748915424
234272.47577395602
234272.48444829317
234272.5008961407
234272.54261709994
234272.71474224003
234272.7495696956
234272.90445596937
234272.9178094707
234273.02148189745
234273.02607388646
234273.0333604043
234273.03339330328
234273.03574537014
234273.06120003035
234273.0625788623
234273.0795602266
234273.1413253708
234273.1937166188
234273.2746883015
234273.31945348656
234273.3521310143
234273.36330049735
234273.46046945197
234418.66627773613
234420.16939333692
234420.8257836803
234507.05535775702
234614.47675215107
234724.6027711223
234744.7572268386
234798.84630471622
234813.531004038
234819.74686432208
234849.03196575705
234864.43866575885
234922.8494002954
234944.61567662974
234946.4674927859
235044.28789643553
235047.48003047932
235066.0259329084
235076.34148456407
235134.3787612729
235246.4752549771
235296.17761057173
235307.56316044723
235327.90493516618
235420.60638734908
235431.27432722662
235471.47464428813
235559.26073073887
235575.30299622798
235618.22832232315
235654.27718368673
235668.44652806487
235742.33483391005
235791.51241109762
235894.57682691462
235982.84498146377
236004.36916110764
236016.2603790666
236126.61044002403
236203.96926375022
236246.34941487023
236253.58357334806
236332.76283844598
236369.77941233257
236381.81256249943
236384.86508368136
236394.54711959953
236410.01609963298
236416.17264352576
236433.13224746942
236465.7713918295
236480.15543614334
236540.0637939986
236542.7961414208
236586.51673158415
236592.93354450585
236610.77132728236
236626.41127662564
236627.33337265303
236635.19154767023
236642.72936166223
236646.20159829414
236646.93789060097
236706.050712464
236736.5335188053
236738.85649442766
236740.7998695909
236782.3961901289
236796.64976664615
236815.5224882132
236817.40679131512
236853.37410825264
236901.68871400895
236925.2639192574
236927.59753197624
236938.03775697932
237082.87254472112
237082.97762438084
237086.20163516927
237096.8779524664
237104.5092649993
237118.32409968297
237147.1301862205
237188.22284344852
237220.25357415108
237252.395354798
237261.6396834027
237267.33077889617
237274.69976206112
237274.97042715468
237321.1113969683
237323.64471879418
237330.14432185213
237343.67647887158
237458.27409283412
237472.55858854036
237480.8816291178
237493.31127279837
237529.0679324906
237580.35032508662
237584.10009641698
237592.87452817394
237606.00608677283
237614.15220791724
237642.91887414103
237644.69338176865
237651.60804420544
237667.95637913345
237671.12469730683
237682.0303896532
237715.91468565867
237748.52187207143
237749.62304840478
237754.73005851306
237779.82943989345
237795.66924292577
237807.67681112583
237824.97333919076
237829.66909968905
237864.9942706813
237878.84446083836
237881.4292076614
237898.2275768645
237922.35943724407
237942.93499468948
237946.59907213948
237962.26610756776
237971.45780516748
238025.74519715487
238031.86337501917
238040.92519286738
238044.51261728423
238088.19741396097
238100.91816543616
238119.59343363513
238127.39754208984
238145.91575295862
238177.53903336797
238193.55431648094
238224.46495174096
238288.59895673965
238325.14434782384
238337.81042992807
238345.24540337716
238352.60374452066
238413.55132416048
238429.2020473678
238437.6929734964
238479.5537537197
238526.15196556007
238557.86202096898
238563.91865134484
238585.63621928432
238588.1058454509
238596.9774951348
238615.9129660782
238638.77897558955
238689.61462598055
238718.67359525154
238747.8271244765
238781.02068735048
238782.0961682715
239293.68276881642
239521.26320889924
239742.4266129806
239786.59937603725
239977.9291937694
240119.62078946966
240269.05678125922
240299.13961330874
240494.01180984091
240588.95167451777
240594.7133773476
240806.67315707757
241033.19728238537
241171.00361093006
241557.65487532373
241663.52832396294
241697.72981735467
241777.95080579096
242080.9515886222
242264.2190737242
242301.36392177103
242481.22757303301
242665.77295799676
242913.78807400147
242977.51261565063
243238.87873424875
243261.0773335908
243484.49306933177
243532.20101740368
243613.74707553358
243719.1917238808
243850.0794434798
243859.67721168406
243916.1601429997
243971.6530789534
244078.5949674267
244191.54304424278
244232.9060956699
244535.6687207868
244560.16445310717
245031.46141159633
245129.13248105382
245251.733437667
245300.72881836857
245394.42495083585
245817.04993746465
246376.16093162846
246419.07504520364
246685.45968830763
246729.96265558808
247036.058112538
247345.3223217285
247358.71577286528
247689.73708831938
247757.95094163303
248586.02555386763
248826.58100561125
248877.2913823347
249048.11922768538
249138.0119947927
249245.82717744407
249298.22864112537
249316.2407915717
249325.20717762795
249447.96279417636
249501.04636557115
250064.71266176735
250137.58599723797
250235.2326704603
250276.674777206
250341.6557280611
250375.99081565
250422.1120691984
250551.67673683655
250927.46727661527
251048.04249452834
252045.68543165457
252103.95604980164
252143.71086098015
252501.17859327578
252507.65071236427
252583.2372730984
252906.2915351555
253242.63174748368
253812.80848051803
253863.6123927053
254069.9890332999
254162.49845407248
254191.79699512845
254325.74123504583
254479.45336421015
254680.1883869082
254717.14273330182
255046.49256835354
255099.60275629256
255291.52554536308
255579.66171233892
256206.21340548957
256261.96024343505
256345.11493488954
256427.8596946363
256572.42576285033
257074.70332943395
257157.4712850759
257515.99229710904
257958.86149886766
258279.84128687176
258617.88691233395
258675.93264429964
258747.24643726595
258954.68462435613
258964.39962229264
258966.797532796
