22.300879995793633
92.06989828240695
130.42639692135594
138.06252759045896
240.4096065521765
247.98790964626698
358.50291570092077
432.6275464447382
608.7831683920817
653.2614515241801
912.9501911781601
935.5039170428038
946.4752721309846
1137.372941588494
1143.3202891696214
1208.594762683292
1493.5007557068666
1499.82914095783
1536.9437365892923
1551.4222215904122
1560.3894088368907
1584.6527202561115
1588.8180212752984
1590.64629968129
1671.2778879595348
1736.478801626128
1867.4236682864669
1907.54509239036
1917.7376670831022
2030.9588935745776
2104.230232856366
2109.629693643742
2203.8963002750734
2221.604610754552
2223.2244042496154
2230.8711338927374
2253.8900357064495
2263.811611496122
2277.9849458483163
2290.0971560036196
2300.3925776121378
2378.2589147255494
2446.797353366429
2580.089408388126
2717.4236930802394
2802.449337612715
2996.3995391226263
3003.973656108127
3047.2326439764915
3068.8338847580417
3256.353580516634
3327.3038409270393
3343.7264785184175
3365.845918037438
3470.6964557945184
3578.193825325361
3602.6373310702334
3670.031850612332
3690.638176041389
3777.9241346105723
3864.9842741418715
3994.203050556106
4078.0310685384825
4140.124033776836
4168.960043890286
4226.245386319292
4229.9919689548915
4232.16945934252
4241.103349006811
4268.580278600248
4279.853867159116
4317.706999560353
4345.734960859048
4374.833516173282
4586.932763232441
4633.975680613239
4717.850660801852
4956.8441838398185
5103.484680137952
5172.840966572041
5295.436868483708
5322.822889936426
5457.698181353224
5522.0725508931155
5527.268129558344
5592.7996899104955
5693.847189802232
5795.3765389035625
5904.328390260969
5929.289246106468
6035.660488589042
6047.718733217097
6164.004181058708
6214.782112868505
6279.279131316673
6360.311127990506
6361.172114427922
6588.775267502801
6589.863607989797
6631.49084221502
6735.289151907534
6976.146521696773
7031.065583667767
7098.063907565954
7185.872777988858
7197.829243746942
7293.867093942172
7324.834054835232
7339.706617354255
7485.240711276652
7487.9521184356845
7491.248197278403
7573.567828807939
7586.513236488959
7611.908630213844
7624.814814615158
7642.713980767132
7671.253899255768
7679.979454447169
7691.907380792241
7756.704764889245
7825.576513384428
7895.583352365487
7933.5739205010605
7964.72453380935
8002.338734895727
8010.081037507037
8082.06087281516
8139.153952749691
8229.200037805142
8247.200668368989
8291.387618276023
8301.791045160897
8338.686268898458
8363.909841892188
8805.820103943006
9478.010583575964
9616.518688422067
10063.034555691382
10107.10693771966
10282.911132194364
10393.538107084267
10663.503313750974
10854.380823422496
11065.237221612502
11121.00843776429
11156.114504898476
11214.90424371193
11277.544764681488
11597.436077640974
11864.425719817811
12158.462290846228
12254.056644841356
12552.067528023734
12591.29259357844
12792.442228122927
12888.501718097268
13024.237124738449
13073.153322644039
13218.438452901679
14053.234953045247
14181.118437774872
14643.87217276368
14708.503665295635
14986.03351607356
15009.14724482713
15281.611291317256
15345.56399158228
15504.671391427046
15602.353457823758
15602.435498242216
15608.068884711738
15636.30910011118
15824.149110143167
16336.471383341788
16539.7933095664
17100.312255487126
17152.91288341334
17256.17363756043
17282.647337757244
17660.72275058617
17880.973788426178
18063.49245843262
18082.594628232084
18280.473710355775
18376.688785314556
18453.220105545344
18816.44675575129
18986.924593234766
19075.33205566995
19212.58661049187
19260.630416266762
19315.85458508949
19434.932974066047
19493.085428240327
19725.131774517224
19733.70026667765
19895.8849766757
20042.10423878001
20190.793772228884
20217.076602856003
20838.809050208165
20942.909196685207
21023.773008413296
21034.783563887177
21131.913041262887
21136.000011398803
21169.30602596444
21263.868504240745
21297.59111747926
21303.132935572336
21317.389883002324
21344.168974999768
21673.053804281964
21912.757087175065
22342.940048598975
22397.89755572895
22407.82462904871
22443.87709322393
22480.600114484507
22574.304315318343
23254.267850252538
23258.608713189264
23433.546500321383
23605.631543201634
23626.74350535022
23822.387018676138
24601.18262750046
24890.110856497355
24912.772330144475
25195.109018657244
25239.276769636865
26442.776526862977
26547.549144026416
26620.220316110568
26712.22551995233
26728.491011071193
26973.72092008851
28043.33592828326
29073.403200947472
29110.5178357915
29608.68346394244
31457.558517334288
31673.000619705854
32112.151240007825
32412.016839417098
32752.820495125576
32787.81539839003
32997.75546139768
33102.429842252524
33735.598617762655
33876.04133994623
33970.479468711594
34211.15238168375
34563.57381070968
35380.73983844636
35570.995959497675
36132.49536892077
36371.64919648487
36731.05117001457
36748.84751363456
36902.74366683455
37250.154816697504
37781.64889584972
38041.22855019014
38137.97029772402
38269.7058454831
38728.2506890076
39068.4922310223
39116.52277796603
39473.72701923218
39992.39231993228
40713.45221342725
40889.676071069785
40922.155454624444
40961.8035372329
42478.31253534931
42933.84631330651
43054.16843879651
43306.036340251376
43645.06171332767
43794.54526949479
44127.18207050554
44589.742557769976
44845.92583987098
44921.126205948276
45222.16769223891
45383.80770533994
45642.14391222858
45693.43250624254
46156.704025446394
48227.82432864692
48328.77759257831
48895.95994464307
49690.934339762105
50475.46973805598
50621.79433159908
51281.04374852082
51565.49878439318
51910.51757468117
52118.82301509158
52524.8815225256
52669.82091458319
52746.68854155143
53241.926808969816
53407.8175731358
53562.14671444773
53949.34857317787
54010.358153771645
54261.51226972114
54514.747278520634
54545.0203652495
55060.050094258906
55234.87925601651
55765.23804882109
56049.931212953736
56291.91248292998
57009.49372640351
57085.47012305787
57090.298112607124
57154.352830085394
57290.73655139616
57768.92874522084
58021.12801165428
58111.773419830155
58118.47575605258
58168.10718257334
58345.31634231956
58485.21125678581
58577.50790957118
58794.48445852966
58805.005277497345
59026.77513675049
59107.300372158374
59442.031358514985
59626.74175013688
59667.76080236548
59705.04838294892
59980.563499089374
60054.91909328381
60197.293776749895
60539.44124585315
60606.218131319925
60685.132750065284
60772.54833668611
60845.383033903185
61006.81991024235
61380.80760505457
61482.10708010103
61702.99663209085
61747.548858855866
61896.64275343451
62106.6729987071
62412.942947873904
62635.839202088886
62894.45430659168
63055.27683589125
63104.73611708709
63140.34445784035
63300.18839547336
63445.10046044141
63865.354572702905
63954.17466481809
64343.07757386415
64451.13536890926
64509.67483908816
64516.15251836454
64590.275628608004
64600.118943369904
64625.57651905077
64628.75018797444
64711.871828689815
64938.40369995384
64967.25157433204
65144.319313949316
65154.75929534777
65160.25018036201
65170.39627740008
65191.26627497622
65238.65875093324
65246.09508545139
65262.12709824023
65303.51604851251
65367.91068219508
65397.92370292653
65432.7564636092
65446.017100336896
65490.15342693467
65490.26866221458
65578.65625951247
65708.30002123349
65719.90578011765
65723.22217139561
65755.92686957245
65759.10278852256
65835.76448355285
65925.43673496958
65985.1352440202
66005.22505259518
66030.37189962823
66084.68176199593
66141.89706601454
66205.57230131522
66213.72507806857
66216.42894512093
66236.2911094282
66247.91134382205
66284.84694244318
66300.03434827148
66354.81363739904
66445.32001870447
66583.200264838
66613.50486716376
66614.80480867109
66650.95767138332
66730.89401374715
66741.97404689442
66765.33917123736
66786.5518349808
66876.27265748708
66877.99631630648
66916.16060779299
67007.18322644319
67064.1440605386
67108.77166939086
67244.73866184875
67306.31361162258
67412.0901853176
67427.96598616247
67449.9822247991
67724.27642531223
67744.50666106078
67755.48006208934
67874.28626763022
67886.43957631067
67982.55994023844
68071.66872114304
68143.67867363371
68180.0407661368
68214.5772219893
68250.47749356338
68261.49338019482
68349.03069085276
68366.02866605573
68395.43549311243
68441.90395752319
68465.3424915891
68513.42731290928
68578.48610452963
68585.83303718941
68588.2585726931
68622.97231831592
68664.67506123242
68669.71020271892
68700.49001839172
68731.11778446287
68759.79379665595
68851.05790092412
68855.74240577251
68857.82370124155
68859.87997232996
68913.22965200536
68952.26820821714
68959.79726444394
68976.84986916275
68981.1658475482
69147.78272185195
69428.70667524224
69441.68821137445
69458.26486322912
69574.25401814369
69607.41045997405
69620.39812424428
69654.56826440369
69664.98033812139
69693.8358766873
69716.82152008249
69738.51870414198
69751.38610603452
69794.2886733764
69815.62090253622
69836.88862723949
69874.138895243
69898.71383895248
69926.27338800876
69938.12937012146
69958.61498475421
70023.92265765188
70040.54869411436
70082.13284247743
70143.44260131045
70151.27043672821
70173.98133530325
70221.37954264897
70259.62592656234
70271.14629416466
70329.18026531898
70332.7815362401
70367.8093839841
70437.41161216568
70440.04119012556
70477.76694154613
70493.32495654187
70567.24609945803
70664.69136910209
70678.28407240951
70733.32640874293
70757.83213596468
70869.98124733026
70915.46770329257
70928.66457493453
70967.21951677612
70993.33716670498
71072.26973680017
71078.3221897976
71088.86872085714
71099.17286525351
71109.6022631959
71277.13156093447
71300.49361870444
71375.07080481178
71394.63712035326
71573.19460885905
71670.71452747806
71721.4367967123
71727.02203443553
71757.03323941678
71793.9093551193
71813.02264447606
71863.93733017627
71868.5681121908
72103.24824070647
72135.03011704779
72239.90306780142
72292.89351629918
72315.6582846159
72332.75675902674
72334.97559953293
72390.10751420153
72419.53748851646
72499.75947628212
72549.99831244463
72552.77472191378
72715.28967326063
72737.80877012311
72747.01349681173
72802.88178973299
72832.84855505518
72857.46666651615
72969.96092468056
72998.29287230676
73010.50606526936
73058.71300792192
73183.34922484636
73251.50842846585
73252.64180799438
73333.69508040242
73359.00749739903
73451.91521240275
73498.22204516562
73504.10677613813
73505.25128625106
73543.21271490099
73553.69674003735
73576.58384936544
73591.93984938151
73638.0662757546
73638.45533216803
73684.74748976027
73691.12953700878
73784.86212437612
73959.59679032523
73961.86385255991
73976.67827073306
74033.77081790457
74069.23599894547
74231.12458698622
74329.90235742465
74342.7449159461
74357.92333920323
74405.68760499745
74439.35223863882
74445.57948271077
74461.29372226936
74507.06587380475
74591.83090939041
74628.87589067151
74742.00031586735
74760.52301555361
74771.38490180096
74779.43689588687
74810.86100412547
74822.16979891913
74826.3810894595
74850.68917201039
74868.7908442152
74890.49894994001
74927.10089971106
74943.4400705549
75035.00660961245
75037.51138126341
75089.04287792517
75116.2946326279
75157.49903498529
75247.41834138885
75261.68501590948
75286.54132502819
75291.8742161413
75336.99353402697
75348.86837215589
75371.53123325044
75407.96132879292
75424.5364791278
75472.1421478502
75477.8952223451
75524.32389751778
75589.84800271464
75599.71977831617
75638.42281155566
75652.12103226702
75734.04417568809
75736.50884287189
75743.98822338087
75757.59072360038
75814.94097291619
75822.7728862869
75833.62422961173
75838.12693783562
75869.06461857048
75917.92246911683
75929.13462704199
76039.24152698183
76043.85943941417
76044.61375838995
76080.72024433676
76099.60804845995
76145.42897827308
76180.79841857249
76228.45971185752
76267.77370383628
76280.64639099906
76311.74421070488
76362.24797791352
76405.57602427308
76522.97561112684
76611.03781785029
76668.44598125873
76677.0717654323
76692.3310828516
76698.28806602248
76743.27576887334
76752.90134313513
76770.99038552342
76781.10149303876
76808.69410430516
76886.91681310884
77051.92420016049
77055.44421034344
77064.8713780457
77065.25480917704
77100.28756980016
77141.57554980472
77166.47320527586
77180.72420910193
77218.00421356366
77255.21720523815
77272.48680760668
77275.90455266948
77292.57803673897
77309.9426860006
77350.1945446382
77415.53979582418
77422.43611328545
77498.22762166533
77525.55714696567
77545.32847871278
77591.12195736749
77641.42151576685
77877.22828693004
77877.96045704043
77963.99994906982
77990.19967309256
78061.16868252409
78071.81657756206
78146.81549505264
78177.29191255193
78190.02711431557
78236.586918487
78247.86212596674
78256.64433550912
78354.2250723344
78408.47367962696
78424.6606871062
78427.4888095746
78431.757334772
78438.60760011473
78490.43687631805
78516.22651828885
78563.57279753538
78580.80229493497
78606.69408079865
78640.42538913783
78683.72548778859
78694.42926547906
78721.11162904193
78954.68740502803
79116.68770579492
79263.9585145865
79347.78284148566
79689.16534724976
79907.21051207751
79999.51523527144
80027.62754175652
80027.81212285599
80033.79061775318
80073.53009330251
80094.52811719748
80125.30654362422
80178.54971268192
80328.72529630564
80347.35986040666
80361.02302074831
80429.75485949946
80444.79030177757
80455.50257627727
80458.23746076862
80489.02035490434
80514.94434300851
80517.63403210836
80536.85202862143
80537.05599927748
80565.26087719302
80640.89721546386
80653.06288514863
80666.78023834183
80679.81912715158
80680.1396451861
80706.25952937988
80797.54220432874
80861.8886837766
80877.6822055071
80933.55931691069
81000.60302804197
81003.81369640303
81015.03038120165
81025.60046602722
81036.4157645906
81051.6177478873
81115.48253001296
81115.5956479312
81177.46593674367
81197.2318225518
81224.81323842649
81233.88653316683
81254.56482397468
81256.75193005244
81272.70935744367
81294.54971603854
81326.76066525535
81345.66711327982
81393.7389468249
81447.07267260844
81500.78347984028
81509.04084114153
81534.6183138938
81537.59626768075
81562.55433663038
81582.98975951849
81615.89875393668
81633.39730744835
81645.49153545663
81666.54153718987
81667.13096540747
81693.49669069282
81743.45526164722
81757.21117661352
81795.31406915517
81839.3838969195
81859.90414776803
81898.70889402644
81903.453194345
81952.66320223521
81954.42467664431
81981.79164020918
82018.66801810535
82035.14932109808
82044.72780790844
82092.2556902844
82119.95533463974
82128.82294123743
82138.35504780682
82150.31176153709
82157.07660779054
82164.84060303144
82187.96082238994
82195.08531822995
82195.85697939254
82213.43329442397
82242.56943523545
82250.65597975849
82261.22003705818
82268.36157424902
82275.16968513408
82282.82382148066
82310.8610948205
82330.3380794813
82374.77353358277
82375.02901947693
82387.13447348372
82388.4033480961
82443.9705013199
82446.60775464706
82482.7760431029
82484.67958931727
82490.23810957985
82520.71768662165
82522.71115721382
82523.93036587612
82525.25218228204
82532.47406499344
82542.54646620667
82549.83304762497
82565.13841362974
82593.35726866538
82612.16765406007
82634.84565299915
82638.99992372395
82710.8825106342
82714.8337907557
82784.81539341524
82799.63575718984
82859.44053606244
82874.88534542272
82954.30384460899
82955.05119592565
83033.49110966104
83078.02806447243
83143.89553597597
83240.08900766855
83286.18439696816
83291.32148063059
83294.65703535183
83388.53052634773
83454.72025672793
83462.78094932094
83665.86691995135
83771.72232866244
83904.01591258585
83948.007876759
83985.7462757976
84015.56658504833
84069.12492813916
84097.75873218275
84231.85485730588
84262.76023987887
84276.6690554728
84285.92246212623
84339.20582746713
84437.21612560091
84445.5047181489
84466.04603899404
84728.07608729928
84987.91116361188
85204.31008472289
85207.90868961808
85217.12515714325
85236.33946045657
85413.44565764179
85499.4168048845
85612.64917818127
85692.11057370028
85741.00819526093
85760.61235643977
85767.11101530938
85782.53370604623
85958.698188564
85980.64441458075
86015.81283254875
86087.63885504259
86096.46455726464
86129.39021619057
86141.35798861038
86168.67903123598
86243.09864809194
86294.87297852458
86361.53313018254
86406.1642945192
86411.3463780722
86437.00064540617
86446.67106221309
86453.11745035872
86512.67531003316
86529.85203699586
86533.26622689239
86542.81876035413
86587.08778057796
86593.18485244429
86665.53256523398
86691.94149554525
86693.10530019169
86698.11946434919
86743.62446892375
86880.23989493909
86933.93574199597
86981.63404711064
87010.17849202898
87039.4483744897
87148.6484951865
87168.88360247717
87244.44194807552
87298.3763113179
87316.10457747428
87408.22409663917
87418.87156903162
87461.42442235396
87467.01871960137
87538.23030105322
87634.13835580679
87692.1213083234
87796.2582339861
87882.91607566107
87890.21563854798
87928.21615314367
87984.07395082356
88008.73725890121
88011.0552090582
88022.99298680873
88148.22310719467
88151.13123810578
88151.29524628076
88256.84518608093
88266.94088934512
88269.51919106209
88272.58375857673
88331.26607327379
88501.51547221688
88513.4858131275
88534.05563194516
88577.33139129859
88606.73177719416
88681.0963135993
88681.80215290551
88699.79327030711
88708.89916349702
88807.8854226602
88902.51282943701
88911.0433952871
88931.21518816141
88937.80210749747
88946.88509383735
89011.58575984785
89063.07218990831
89173.57018202993
89196.56418768168
89202.12011314223
89308.85028554653
89416.6376198454
89421.20185800212
89429.18268542306
89506.75659035532
89519.47588403002
89571.04563533158
89619.02395246374
89649.94016374882
89756.64608994783
89765.72575298815
89817.69472820575
89862.1108247858
90028.42844606609
90052.71546398077
90066.256670198
90102.88239515536
90115.47169650291
90250.2181430313
90318.29750046309
90328.57029205137
90454.18977667406
90456.08354653534
90602.53347994361
90610.41118878408
90637.70338616894
90641.8563060534
90674.66313758494
90772.58857720486
90788.74102837915
90789.57834736901
90832.6340411208
90867.90362786174
90927.23462097583
91095.78719582918
91119.84241711196
91184.9974827837
91351.86978013918
91391.13030672373
91473.54961083859
91562.66007702169
91604.32769713082
91617.3568132398
91740.72990605139
91757.54326468556
91769.67400971238
91942.85534779896
91975.93250707739
92150.96948303183
92191.93308326272
92219.19091994574
92220.2660498555
92224.98438413003
92281.25271526822
92346.93636003017
92370.8089947703
92388.90222029186
92409.74719669048
92470.6880767795
92682.37431395533
92705.12874619778
92725.62705952267
92747.83799085591
92758.6674770673
92847.60852825202
92942.13457591391
93021.30853002387
93036.77416554221
93092.37377099594
93112.90390962012
93165.74034291509
93234.50214941987
93245.73379637093
93331.03128430921
93436.63529406312
93529.71606799228
93699.28287014352
93748.11231303115
93946.72096449038
93983.39159552827
94054.25578807326
94058.978759537
94130.08702219154
94143.51293141328
94196.60333438075
94227.01640161722
94337.98152984108
94474.32678660833
94489.28866003861
94497.67278340066
94566.80520332714
94733.56072034658
94743.10880356684
94778.4390975024
94855.3454191089
94906.51432663792
95112.51599146178
95498.93770421729
95516.07647638944
95799.34273850483
96131.0093683896
96274.2245444403
96278.47044593193
96411.69706870565
96472.78462634093
96653.25714610389
96796.85200801262
97013.43683711244
97231.70725355865
97829.81957150622
97851.81255709069
98047.89463744675
98626.33674134083
98739.12243223183
99141.77703199314
99169.94542128532
99202.98403162473
99210.73739550433
99668.6821602692
99745.8086753076
99910.81589171676
99938.27960107545
99954.8215052189
100729.54846999353
100793.5102099045
100865.91534317352
100892.51620983913
100936.25961420895
100999.45446070298
101055.0198592117
101412.83854634692
102168.3133425014
102231.7151045939
102518.38694497354
102800.62667301166
103140.84247587544
103334.45002641348
103610.30857552604
103646.10483702862
103836.77245727651
103838.11151339435
104309.05455627991
104403.18078673974
104408.06765928848
104432.08122640493
104452.20642746172
104481.36904657618
104841.29634672623
104856.88871641661
105021.4627435135
105043.05481652844
105254.0339838353
105311.64191054046
105518.00579706437
105532.02108376684
106111.15224809032
106252.01913523366
106646.54608420059
106742.72776537671
106873.76862431379
107236.45930169045
108195.10432350352
108464.4468897118
108602.97450397236
108613.76695999684
108862.46452617011
109020.01925250998
109202.17934860305
109427.85208071131
109566.69645911228
109580.38073918657
109843.56549829908
110061.86261538057
110076.02223417889
110371.22595091202
110414.96400631088
110498.1347901313
110623.79104627186
110741.38859520688
111349.67663596527
111392.21803684789
111741.32758644021
112124.12442763447
112724.91359899472
113857.20857101852
114070.9636282304
114753.62600038598
115023.83915163981
115537.37099450141
115661.82101289442
116641.88323339331
117094.46867807218
117099.75207730959
117245.97974374762
117412.54476824755
117556.31991095928
117750.05266892389
117881.91451179938
117996.9634240162
118266.51610220323
119199.70092876116
120600.77931502767
120651.54855276956
122521.64966332415
122588.41366921156
122676.28265282689
122734.07954343659
123316.42503139505
123681.89267118915
123973.0756297263
124063.72781213334
124490.07302491888
124973.75353060827
125010.42301922766
125108.58706307146
125174.71668539409
125862.94424334634
125900.01141631532
126005.21932623858
126423.54544086772
127350.14994430676
128810.93535098073
128831.32149191778
130074.23233126626
130115.68287312382
130190.40477524899
130890.82254873346
131044.27375625704
131222.81696248893
131270.32814449762
131327.30450331903
132034.95724238534
133003.83245387784
133017.98095671894
133174.2528392489
133489.45031790386
133751.27998556176
133965.52771849776
134363.18811473166
134526.33382739942
135187.56280166394
135875.1783806658
136493.11705698143
137104.85812788436
137206.79090028934
137594.8958622045
138720.53495557833
139083.95066490976
139257.91403938713
139309.37436073163
139739.77377648314
139961.5724755023
140019.09183230746
140213.7940973374
140331.98614889855
141044.35024995223
141392.26776800127
141458.88171330915
142039.4895507701
142205.17342052324
142525.36613111297
142800.0997929272
143098.45765897745
143270.39238462222
143340.2824772777
143408.66351590588
143433.35557230483
143690.55231859794
144110.63376493825
144166.41214291134
145035.77652225053
145060.58696984666
145131.23630495582
145165.66476857415
145515.39323956607
145682.92854981014
145868.32369391437
146197.53202421745
146254.66579824078
146254.8421968076
146455.23000052283
146549.19272416594
146675.18257937016
147594.60999650636
147664.2994368799
148249.7716524188
148257.90992023624
148600.0003431064
148686.1635987247
148840.49303843934
148877.73113499323
148984.19796051894
149259.72004714102
149350.25854803144
149386.13007441149
149490.01731233852
149504.10989159564
149577.34081036574
149584.0212688383
149931.9389081528
149934.4110090827
150007.7138898042
150072.6975727995
150289.97810648783
150592.7334456173
150684.95748932328
150687.60742656796
150783.18836338387
151038.836762139
151052.31867352081
151064.21070476738
151148.07480849331
151205.00025022487
151242.11821283266
151327.560141233
151351.63314019743
151372.59914184271
151486.91117426517
151556.97649070428
151590.12530793287
151648.5949603676
151671.1045348491
151676.3129268345
151679.76097771234
151724.16605553072
151742.76314257484
151824.08297643406
151865.96551322736
151876.1744658423
151897.99756397543
151918.3428383244
151950.13158202518
152007.2052233796
152017.6102895268
152102.4334905366
152191.16383307584
152199.91965055786
152351.4175454809
152401.96170945195
152451.84869807842
152504.51318687422
152586.21773635375
152705.93753442846
152742.23983431014
152745.60104609805
152760.91543205152
152786.73384490394
152797.77411172856
152808.87573902303
152828.30759930232
152830.60554847022
152831.2815478347
152883.45022773108
152883.78809310586
152902.53827047645
152944.5765603206
153014.78107369866
153018.64315914823
153030.88601455913
153046.9401857141
153090.972605254
153110.2401744667
153146.59231101378
153183.49479574378
153186.38407683495
153190.42281012528
153279.00482787366
153295.65664482088
153332.4580553461
153428.66869301058
153456.06213962776
153525.1048211913
153614.80381998903
153619.55596684976
153639.5382377184
153639.54527539262
153760.60311229265
153891.98088324815
153912.26216792892
153999.83727276427
154014.3521348143
154078.1422099457
154101.52748257847
154141.35699145286
154191.4458337304
154212.01078874763
154324.38952859896
154376.96669984766
154387.98151673385
154528.95204961675
154532.24278642092
154559.19813110962
154585.57518975929
154611.37314473992
154729.7008429767
154754.92618963396
154786.75557636784
154831.00252701974
154939.29180052082
154949.9505863086
154996.27961621573
155020.14307975108
155045.46620902
155078.2993655156
155134.9128222438
155139.8198374362
155140.75822091306
155157.622154663
155189.0114579356
155290.2233461336
155304.64032017865
155322.01203578291
155386.5696932393
155390.17455078074
155484.93514949642
155502.10030304786
155521.0531805571
155606.30769419405
155621.96418786547
155623.94477314374
155633.57462512972
155743.95906369865
155796.0140896303
155809.734587231
155816.25319276264
155925.98102654988
155958.95284089664
156014.27267601306
156065.19070759157
156084.45460540886
156086.76989122079
156193.10595811545
156204.0840984917
156228.64104179904
156302.1070270507
156306.64271378715
156405.86063207965
156450.352684922
156550.28043573932
156590.71309220948
156636.87545049086
156703.7379839785
156706.90218090132
156781.57666190458
156826.36500778212
156869.43096768003
156916.41909501646
156962.6728814033
157030.8365992519
157032.49193677423
157064.60121477605
157083.5941995012
157192.02928434065
157266.93616613536
157333.40853252859
157345.4524901252
157407.10800999613
157443.87762252547
157700.96377968794
157765.06233900724
157979.05265260505
158030.82377488527
158077.99382700838
158080.96690810815
158108.35651133716
158199.95994042215
158231.63254465332
158259.57520070713
158270.10638677678
158372.43944379507
158412.4717193013
158413.23121321807
158462.83528699836
158470.53500883322
158541.4682919307
158562.38290224626
158664.41155713587
158722.08313061396
158726.5834735048
158728.31097351154
158766.68356581253
158816.71400405976
158835.15855131502
158909.5875189084
158976.1441117494
159054.12593133605
159170.41868145677
159268.76397245712
159282.67979119968
159355.51305943727
159444.63535784534
159473.56808185525
159525.88918122364
159554.1365367151
159561.75031568794
159575.8593755262
159598.37378538714
159600.75958982838
159662.09798403713
159699.8718211248
159769.38622893632
159836.08287622017
159852.5086961775
159887.11712419114
159887.47038193635
159963.9396227032
159968.7628936043
160127.0609688309
160157.98510558892
160272.47248198534
160299.06496324413
160332.95496459858
160384.4438645786
160395.35066203063
160423.7247016132
160436.9861029221
160521.40207876888
160555.14662486635
160562.8515874137
160571.49414519875
160593.4404373896
160646.44341814882
160666.4658610326
160682.49314458488
160760.419522769
160804.63791617952
160831.86949956877
160832.5310667726
160894.57066727674
160896.5845594004
160901.18807180587
160922.7887764879
160983.9070189371
161001.99375455722
161014.24935206113
161041.73077578103
161078.36242979817
161098.63766504338
161116.73184934357
161129.7720277979
161136.15408979333
161136.54686065964
161195.86810592853
161322.88796448044
161345.52499519387
161404.6863860931
161456.3154741656
161528.51050011016
161537.22432202063
161552.20484658467
161567.20107154085
161595.6583982938
161619.83912234107
161820.06241650513
161828.39043472038
161837.716840508
161863.25936625947
161865.59005939297
161980.4466006835
162036.11312532838
162043.69559164142
162101.00486481818
162211.23390315738
162232.74838311115
162278.77076245812
162301.00892115134
162306.09381643916
162365.0001630586
162489.0068574843
162537.18023185525
162623.65143054505
162628.3123396131
162635.0780035837
162670.098322573
162678.38891533896
162705.09605171025
162947.551309528
163136.25297730527
163141.65356555994
163167.64596177422
163227.1561394928
163290.08826046763
163359.73003707567
163379.1553716343
163472.63546521816
163516.93917379528
163565.87256857363
163846.57691646717
163857.77415298612
163862.42401811932
163897.8396708779
163924.2370756503
163935.60829368953
163959.6785649068
163964.6565584311
164028.01919468617
164036.53478229285
164081.16510908937
164103.7895137567
164136.99352150492
164243.92424738477
164401.60306860274
164435.76424319576
164468.35084607342
164592.6567315966
164597.8803925918
164697.48912111312
164698.68555707
164706.50982795397
164732.2882369945
164747.68278466995
164780.30212651813
164787.66265354317
164803.0426115409
164812.67273510253
164860.40107970004
164885.06711030207
164935.14295037088
164987.03352677057
165052.9111322754
165057.63683500778
165059.15177720302
165074.78924997768
165162.0473571524
165212.41822638753
165220.65014387286
165225.1881328844
165238.3039732016
165276.76424608144
165359.47731488664
165511.41479702241
165524.9691516125
165916.7868144276
166080.62391519157
166135.83613781544
166186.60482891393
166214.15788397746
166345.505645981
166432.39491664502
166451.0795461904
166452.2763547944
166463.95960809552
166479.3740239062
166481.5244181648
166497.92374432826
166519.1826854761
166521.43888156494
166525.80015600816
166545.3613018213
166554.88325625996
166564.39616322643
166592.14643639768
166677.16840942466
166677.93460484355
166721.92350651434
166771.52130626596
166772.18032784856
166833.71146517672
166840.1612572151
166848.5122775799
166876.4587346112
166883.21214685607
166888.40476821503
166908.48138377082
166937.79152508313
166938.76937831147
166948.76748923596
166950.83490173297
166996.28456531468
167003.1790588856
167015.70204190776
167039.90109261067
167091.29660947222
167114.13324277964
167182.35797404597
167212.23409007103
167236.7938961331
167238.5140341944
167304.14821001992
167331.6681963803
167357.3929568551
167424.49954962073
167447.7615896669
167448.37310710156
167454.52273118292
167456.84414164268
167519.86166622723
167602.3492563595
167613.63834793295
167634.89525980985
167650.63937026775
167666.96971437655
167682.05449669992
167714.54857724858
167725.0180047038
167737.2381606954
167760.33217137842
167767.92566574417
167777.40927996236
167788.99281898938
167832.7890046754
167840.91991716152
167869.97449280962
167876.62745380733
167963.537329214
168021.7872617291
168023.58843326173
168028.85118805274
168039.253734737
168053.26342505205
168097.72665864037
168105.48615881335
168136.94512735578
168142.5718949694
168192.53136070102
168242.46670328453
168283.89137152486
168329.80884645885
168344.1347801436
168344.98015423366
168381.51636750408
168453.5013957107
168480.42160649697
168549.60484297448
168555.0615475982
168557.08929332957
168580.72795667537
168583.8691288081
168614.81345491624
168628.98958081624
168643.98527379642
168675.20717468017
168678.70987032098
168745.03166518622
168746.45577810134
168754.57170251413
168758.02189333946
168759.18557900196
168787.75776357664
168814.39301140475
168816.37072252407
168844.26935810654
168874.37719680264
168900.5117418044
168912.9034257712
168926.9808494995
168956.0845829274
168992.24562668247
169032.51176294102
169036.37081193284
169040.0074546291
169066.46174116232
169076.72377726037
169098.35972158995
169162.56477097096
169167.92475300495
169208.15951328765
169333.62163908838
169350.33623733558
169350.58024172162
169355.32027644405
169365.87229528348
169392.1924892732
169398.63010735472
169448.05863016448
169465.05487887477
169517.62674648827
169560.92105614173
169591.2656811822
169593.28398790443
169599.3775789024
169615.15588729442
169676.76227955
169709.32603183025
169775.67106118886
169857.3732058287
169858.57127797836
169925.54784710723
170006.65575199696
170140.6673470353
170164.79046433588
170225.09163389917
170364.21906575206
170578.74223728338
170643.32963985956
170691.219769392
170733.28047300444
170735.61818955519
170774.09408090013
170807.89406134264
170831.0592930076
170880.90864747812
170956.10362726162
170956.2118427736
171116.24404211558
171188.5099288023
171221.53025495092
171310.73894310714
171365.60704789526
171401.03992274526
171514.40926608638
171619.36236302086
171692.64764155482
171763.16553176922
171802.24009054928
171829.39322384127
171920.62939364742
172004.60564877331
172070.8457517635
172303.9830686589
172357.99555516522
172722.7199035671
172882.51639504233
172940.13214222723
172945.15982987787
172990.31268679042
173048.3101494213
173127.65319117068
173235.7204143004
173268.23040651547
173378.4562474268
173546.18989816404
173640.00701964324
173871.1160576793
174004.9264537366
174088.43128173752
174278.46666242578
174279.2176236258
174284.9028049334
174317.09269302877
174355.94202375092
174379.03634022316
174515.8320026549
174537.31640603734
174560.74210315922
174570.84940853
174589.4795155535
174597.86917020247
174716.99925209364
174825.6021341483
174843.1657571665
174905.24304210217
174930.62595410194
174966.81008958572
174988.43894244087
175040.90806746925
175075.64450374065
175210.72889451298
175260.78323222694
175421.36787073695
175429.1637825997
175544.30704221255
175563.7797024973
175581.2356566387
175729.95484215644
175738.33041176104
175865.3818481506
175910.54502779938
175925.50667663923
175989.0767259369
175998.19506715983
176045.66600549605
176077.9018804259
176098.50494784414
176153.57514857632
176154.7558656345
176313.22815029108
176381.10491482273
176521.7834666351
176583.01452022494
176639.28906676214
176762.49165543893
176772.4606093904
176777.60793202865
176789.7138924166
176803.20354566356
176825.60077992172
176908.93981924345
177066.16091489277
177106.6558890259
177140.85180779197
177173.8740571148
177305.19762640877
177311.8217477145
177406.4057439532
177447.86427758154
177509.27770931998
177542.91619757886
177549.0883412875
177553.61708226628
177554.20246165158
177589.8234511106
177603.2045483417
177656.5354201897
177687.63534256807
177719.97479327806
177787.4626946042
177846.58430519883
177912.29307293278
177943.5314324204
178045.4766093551
178102.7927034288
178137.77909100815
178160.30662252454
178188.08556987208
178195.21371887295
178217.0927020336
178291.153125838
178346.05598202688
178622.95003402597
178624.80163748038
178694.87569144642
178719.10007436672
178783.6074369794
178784.29850814075
178837.50890165597
178848.59705596534
178874.6977854659
178910.38692971366
178986.11505361224
178997.56119744523
179024.15667459386
179095.48862240565
179187.99396414228
179222.340561022
179440.2992862228
179449.0686769193
179484.30742092567
179532.52720263458
179536.29482765766
179632.87203275517
179661.87886278558
179704.23634802536
179709.72058020585
179716.4103218327
179772.79808130668
179777.3609380746
179812.3145346522
179829.3452228195
179830.36754592787
179867.98810508585
179887.5327783369
180031.18202482717
180050.92013287114
180105.45532020414
180163.81344283468
180184.87447466902
180192.43689724235
180193.31688002893
180277.10443926798
180351.72561369187
180355.28235711358
180370.73156158085
180402.58642543465
180406.7725986263
180421.67443435296
180443.91232677002
180530.0155643191
180595.68762536324
180676.32764237613
180735.95591103582
180848.37521810984
180944.9296194759
180976.75478060832
180984.28698812812
181080.94184425252
181114.9925199349
181169.4245488132
181249.33563255903
181275.1924699864
181280.6531874382
181310.9180997189
181605.64771558708
181874.8410952565
181897.07708374428
182005.96149118795
182023.23967263018
182206.08272484527
182765.20612887343
182801.48433109227
183011.34126857686
183258.5228789179
183346.09490177047
183482.52096379796
183664.13877597428
184026.58706619445
184545.59027708689
184592.96548772653
184697.96391991607
184769.46796911844
184811.94034543837
185011.56588100235
185029.70372859808
185172.86519763796
185307.3235368109
185522.71889757513
185538.2969904266
185669.70667496862
185732.66753891695
186080.04044754762
186152.45639180765
186167.04477410944
186299.1763049802
186454.77235025115
186765.09140039494
187067.04279785897
187132.2801411245
187240.58357718514
188233.37588165072
188251.9834330804
188282.1086828221
188513.8566984387
188581.91397325543
188634.81997912898
188683.24940190098
188873.59002749034
188901.0385894067
188948.02041138796
189137.96899913094
189320.40595723627
189362.07187301855
189376.38097395128
189643.18921580163
189767.12551237506
189973.3663663994
190007.88443938488
190097.8429298578
190351.09046907217
190459.19752335318
190502.04603678468
190605.5693610092
190937.35369388395
191026.47653092726
191413.3187594054
191891.19096314517
192001.52893652517
192345.01382987073
192416.06949475082
192451.99450215488
193216.52222517683
193219.27744913223
193233.950349763
193300.3989737302
193320.21757396238
193494.74251077982
193689.47496611121
194140.20980901754
194203.91817664995
194479.81973896615
194716.4210026139
194761.22993961637
194876.62280305923
195637.55193288758
196122.4800237019
196156.99352251695
196704.21427485178
196774.80100481695
196789.43978090776
196861.76757903487
197061.2554314581
197362.2692169996
197746.66836456998
197756.23397373196
197757.3935280402
198466.35349127607
198497.94572066906
198580.10916324795
198582.09168462886
199351.1694846474
199596.76367461204
200071.95458660813
200235.64552547093
200531.18534783757
200784.59091247962
200959.70606698506
200971.6846057974
201301.05727532343
201578.83405954335
201729.47944461647
202366.05286290395
203163.54593192105
203265.87289312342
203386.37439632302
203816.66747449883
204541.21309192767
204630.25356925023
204632.85173014225
204646.19114267413
205307.34450397638
205688.87020142964
205781.53414380545
205860.62419497332
206110.2494351082
206251.97197526312
206656.92818867206
207516.14963321798
208070.35909996554
208110.33092088436
208126.67512096485
208435.22784416223
209400.6970269478
209783.49245349725
209788.29874550324
210046.42775641065
211306.58015857334
211639.84259107977
211819.13559222684
212640.91229347532
212745.73026317317
212760.3709374814
213242.89555322326
213513.83787140888
213954.70146407935
214196.9082921301
214440.7626617973
215607.63857762652
215654.7276947467
215894.400494204
216212.03072520698
216270.7528603864
217155.10230780274
217252.40939650562
217317.4189622569
217344.4732061732
217349.8027439572
217631.0279702369
217954.6591521004
218502.2041935685
218727.1731659177
218894.28076195007
219709.66622116006
219810.20516426105
220230.57198058843
220245.4960775616
220335.52950508258
220355.13096056774
220426.25922220765
220461.02880020576
220633.61528879497
220676.63118030218
220734.6100588322
221174.82780790402
221390.61783467385
221858.93008477282
222000.26718825175
222003.23338011163
222245.3150842138
222596.5520734321
222666.5237683643
223122.63390354958
223481.76825169905
224468.08898133828
224481.44595494302
224510.04152429238
225056.15131913393
225642.37105758034
226572.89606847087
226574.91535592487
226652.8972731652
227173.33293311798
227747.61810800934
228146.63636238626
228270.60573702576
228780.37574482532
228851.54351722688
229070.8551298797
229391.37454823032
229516.43325966084
229788.82719002632
229829.46782322714
229937.9369245268
230091.60474256708
230125.76673370204
230380.13342774237
230451.4390293516
230697.976332394
231191.06029598537
231254.44843254035
231406.33109966794
231503.24248021434
231719.40254270768
231770.4266837238
231818.98375726477
231898.82511206006
232062.5657310962
232258.67628077726
232741.01259402884
233016.92063902193
233238.4634943597
233496.06213601396
233505.54907596996
233534.2658549898
233736.24058986723
233866.37669155613
234109.2204832604
234138.64567701428
234214.5191340883
234749.5406387406
234911.89863066995
234938.17908831596
234966.66564527052
235118.75891351153
235343.06799165718
235424.300782617
235442.16823530104
235780.30827816215
235880.39777102065
236094.67924300858
236196.1314850018
236333.74109985103
236441.56162418326
236751.4612766424
236892.85735511332
237127.62948498095
237132.9559928417
237135.27862084965
237214.36589319093
237328.72530101452
237346.70273781006
237424.4291228685
237443.89911772968
237466.35899440054
237487.951139051
237506.295188423
237516.56172769616
237529.18763773658
237536.1429779692
237640.92588473632
237724.69761663757
237754.06106656019
237835.71201651543
237855.96305080145
237877.53943636833
237907.346856825
237981.710063685
238004.86473413344
238008.93138937553
238074.74384872365
238110.47267397985
238156.05777739754
238320.95909873256
238367.45224546225
238374.4888531986
238503.17042501504
238583.1489394067
238670.77777715222
238704.3915577944
238729.19556689705
238756.4684426197
238800.244707161
238938.35363040149
238972.12561728474
238976.96999231487
238999.40845760907
239002.5385379148
239069.5321667058
239081.40645002344
239174.65260157877
239299.36260818347
239388.9456618751
239485.93441493963
239596.0671637617
239668.70986446846
239709.74906508654
239721.2422643046
239726.0259486065
240007.32493598032
240082.3282949003
240142.32014745148
240168.7554066237
240183.29056936724
240188.60601627504
240228.81164313835
240231.1984828894
240235.30653100868
240248.14755261852
240283.56885367908
240309.4098664854
240315.99209206348
240423.35726851312
240569.4882500744
240571.81704840195
240849.04957373446
240947.66205676034
241022.79837805312
241081.51718121002
241085.4225809719
241213.32600983267
241216.82003393353
241229.07479185448
241242.99234116863
241276.40578486782
241302.77924287668
241415.77670995845
241487.3904777242
241526.93324694142
241555.12363815488
241612.5938963212
241637.0791437924
241646.47471451527
241683.91899098695
241690.8946722165
241789.060813045
241837.78258797777
241849.99453871063
241856.48901835034
241903.50039780422
241944.85353591183
241980.54915738222
242026.17699230544
242026.8361847675
242058.7425979894
242089.33794924244
242143.38175693178
242179.8983051175
242271.68395772166
242308.37557827693
242389.4973677962
242417.23538990636
242448.96288920112
242541.77521989273
242584.73328405514
242693.85104941405
242730.57428909262
242731.9442874338
242732.27148733402
243073.39325040497
243091.0824270798
243142.32580254006
243228.23253050848
243250.87281443592
243295.66383201745
243444.17216755135
243454.7845655066
243520.80431655128
243539.2807335966
243618.2840059811
243633.63431021047
243686.18190972292
243686.57858295727
243714.38281806317
243717.0334670103
243764.47461439608
243774.0149991825
243824.43971728015
243826.66588264474
243911.50894543412
243912.10551099386
243980.636006377
243983.08584521047
244038.75825904362
244241.89627431665
244423.69081036598
244510.68086509145
244528.80430676427
244667.71495713352
244740.12832894624
244839.37881454732
244874.84961541148
244886.44201572204
244887.52766849188
244917.19320619892
244960.05017348132
244999.4975603356
245067.08802850114
245112.4909182366
245171.0760227248
245267.08799243538
245273.72289447632
245289.89537602325
245401.7595861478
245431.24679778423
245436.6918492213
245496.0246060359
245524.44315515526
245564.40899629856
245567.55302251969
245608.63683350943
245631.10430924376
245648.63930330833
245654.31243279215
245667.29756286443
245699.52669191913
245811.72825327283
245877.39119846746
245892.21002209457
245897.17141176382
245927.19318563305
246064.42160369825
246125.94807400202
246173.4237783095
246310.51495099918
246388.1985903118
246428.96263189762
246520.9400106431
246573.89834029466
246625.27277794247
246726.94461125025
246900.35611525475
246916.07158164668
246920.1335838579
246952.1941991442
246975.6445896923
246977.68596579367
246996.0472577557
247020.64510778373
247176.98154178588
247224.6814800221
247338.84351815557
247362.53621050436
247403.66972430586
247432.32424435904
247440.1846637581
247479.4495545826
247592.665587146
247602.65345957194
247614.69149779
247692.69139391056
247698.21014518838
247712.7006972428
247764.02396093524
247781.99562111442
247811.37787970703
247886.28025926667
247900.59089260135
247998.41788959035
248010.92878867936
248027.12395661126
248182.30696956546
248298.27137452015
248313.96045577287
248345.0365922771
248437.6393087128
248458.59044541986
248499.9849208551
248547.1191128747
248620.6020491064
248621.975772289
248646.31942593172
248696.69033607742
248766.94291502732
248826.0154623873
248832.08364250555
248913.32931274502
248937.55255957422
249081.68917643162
249082.02064772634
249124.53049206705
249225.04042371482
249290.79307095252
249310.9868174988
249318.48657191894
249384.71613095055
249386.5496718141
249412.33676076378
249426.4944076884
249434.73174775197
249567.0845749083
249584.9365112016
249633.04889223294
249639.97734575364
249641.78526578672
249705.28292507076
249820.74660150957
249828.29739743978
249832.62112035905
249919.00692903527
249960.86616140875
249973.54678948421
250047.73450493283
250079.1048436595
250081.08602864138
250082.7505663162
250108.92883366058
250117.31061594922
250131.20546504343
250172.80192609984
250178.07219750882
250204.76746459177
250348.27357465654
250350.32097416092
250363.39826925594
250372.12741761617
250379.84534279315
250412.34038599476
250443.88149786793
250542.83631800942
250653.70630598828
250664.12268789072
250690.57146668958
250779.98519171047
250805.50434221333
250828.06930201207
250884.72096249304
251109.20581970882
251128.76933289846
251153.70725629962
251161.45019485254
251174.09495840545
251180.35900268366
251185.91106897447
251220.73712595602
251405.89840970217
251480.28271206206
251533.55148954215
251576.18627321912
251632.0596558436
251800.6002339041
251820.89314996856
252000.02010495204
252011.06726657617
252044.12263239222
252197.01601109275
252268.57895262394
252356.94234282413
252600.17168530024
252745.2980683815
252839.60857693604
252869.75447979383
252926.83527309785
252958.31158867315
252994.4678382345
253025.85727166958
253036.99814818657
253068.82386850502
253078.62089777197
253080.72040071472
253097.4079530842
253113.20515525987
253115.58348449843
253132.40572699928
253157.36018429766
253161.04537565837
253182.5068029012
253213.33331180294
253220.67351710433
253222.264688936
253233.95407078412
253242.4056336232
253262.42290839023
253276.99115973365
253301.81485074369
253330.1118296624
253337.11325837116
253366.76483478674
253400.71587438683
253404.156407632
253409.98693870258
253477.3993603888
253483.13595988887
253492.6853628012
253508.01579659525
253532.6501882807
253534.6242476821
253579.97572900873
253583.91472032282
253603.66134345255
253607.94568209842
253612.87531846424
253626.73990681343
253646.80721817008
253704.1996410594
253708.5605865077
253713.91162572734
253726.85750165075
253738.62407080154
253745.91192581013
253769.0331252609
253802.47565202473
253819.41172904184
253834.72121233464
253892.62498310808
253911.5736308713
253940.1414790522
253954.75632910943
253957.00183322132
253994.12502454795
253999.36144296543
254005.07063853426
254022.62740680238
254097.1331011146
254098.4523444283
254158.34652633604
254188.81191362665
254199.9179325794
254245.2500708414
254258.37396958406
254263.0885700776
254333.19166991668
254338.38082147046
254438.6699378976
254441.92989710864
254493.290831846
254494.40668488486
254560.3469577941
254574.71918280993
254576.2463153418
254609.72980026517
254612.61743473477
254620.84422835425
254629.86219145742
254632.98062459857
254634.6826551365
254642.26599874932
254716.2455222957
254729.55038027262
254731.67481100457
254748.0453626238
254753.74568810116
254796.06524756964
254814.32161477278
254849.355544811
254875.47397668206
254888.50311427488
254911.24612716044
254911.82842718606
254937.196088141
254939.2012617071
254961.13903958772
254989.08871768392
254994.75460921094
255011.13304613243
255042.97989236953
255065.57682094612
255068.01265422176
255068.20898299536
255073.62782971078
255078.9518537653
255085.08270603538
255093.05358840147
255104.65489482653
255109.23095363082
255111.64020400675
255148.39553416928
255185.34892451827
255220.07276957663
255302.74064099006
255302.8207584094
255306.69208202482
255362.03571002017
255366.10564469278
255412.77541532257
255435.89443865046
255441.74897537235
255441.8431513478
255450.91371833702
255459.23980752425
255541.78974153398
255583.93121025417
255609.15737182443
255679.61106266262
255692.33354716247
255698.3918492871
255767.23728421552
256031.7374294899
256199.5872765993
256399.50281598803
256421.6720307641
256424.0687174805
256511.63943078165
256609.05185017566
256652.0091679874
256746.46669549617
256765.37183382813
256802.35599291776
256814.4871010757
256816.20513592774
257019.99521727161
257037.5160531504
257066.9204408867
257086.81113496952
257149.33998738357
257219.7267993833
257224.74465063433
257260.55705925263
257303.3317130989
257305.2195915159
257336.27997748987
257357.29987427106
257407.3160815636
257429.0702375985
257451.9392044128
257476.30807803274
257563.6874372949
257621.37977655788
257633.18600437784
257679.04204114503
257765.37587374903
257857.6179103523
257920.88299010028
258087.0133454368
258089.00033633682
258117.96569745895
258253.32250238958
258255.61942084105
258280.08539878705
258363.26036587756
258377.07088407953
258402.2721185343
258417.31930210924
258448.46178592695
258464.62045814277
258470.60581647354
258494.09827187544
258505.2522204451
258619.87096587324
258856.5749812683
258873.6977264569
258971.5558695494
258976.30794611186
