467.3604088602797
557.5054177902414
1270.9627593948262
1281.4220207715064
1870.7228374441647
2078.3843827859732
2167.2709551894486
2517.378831257156
2639.0060107173654
2738.851695064493
2929.035522020151
3156.3177778474505
3347.4209907403306
3621.330488632844
3630.0498148790202
3679.8328060947933
3724.8836337640405
3776.5678956203583
3780.0392405060074
3802.6791657038525
3894.512890293731
3936.230351467411
3994.8293258383196
4029.9007644579124
4112.049556766923
4127.8971502135355
4165.519516311314
4190.200029088769
4234.479349235311
4340.118456987261
4461.497121478915
4485.593382443143
4551.4844900222015
4672.747597202686
4761.411715684987
4880.989537175005
4958.939731878161
5071.395686334642
5200.89302434543
5241.149493614693
5378.908093252428
5389.827634357897
5510.419151182151
5561.182739185134
5595.339634802391
5603.768124109795
5779.881124151129
5817.9015558701785
5887.688502205471
6010.7339477244595
6210.505338309768
6513.625131563047
6667.158226948107
6774.998648560563
6853.54764227415
7069.031474605362
7263.6044775723685
7330.044796772091
7351.067291835402
7455.9757334149845
7582.145634242953
7617.957282222197
7621.220520419138
7647.7612090365255
7660.447592811919
7664.535472321388
7821.3845851499655
7895.915816902897
8038.059907755414
8154.164903664936
8172.728855599172
8330.761742922494
8332.456419617285
8378.67825170606
8415.137891869324
8479.796472459187
8776.08603241546
8803.031061264708
8805.537456677566
8813.392632987572
8816.68322832007
8820.46950012817
8821.85835059105
8843.784239836357
8897.480593762642
8916.327141141124
8926.13726882338
8936.661893277627
8937.991886452992
8954.307073093081
8983.471902560494
8985.951662794287
9077.882313223368
9141.306672772522
9141.456465062824
9172.793840250537
9189.263286555937
9206.791957167918
9225.483701233647
9242.088985468166
9271.134116306106
9279.380627653163
9296.066487154418
9392.681990673253
9398.685456980871
9401.489056714843
9422.955254462851
9437.374587661607
9477.837222202192
9478.00329792228
9481.108817156406
9499.257489050533
9512.97558466608
9520.590643295294
9530.589310867865
9569.569069714125
9576.774296319843
9686.636435151
9703.104013050772
9718.356351182923
9719.575556919406
9742.765670183377
9752.536102371952
9765.141358963263
9774.25345637673
9833.84737100723
9834.439977708958
9853.338963228749
9865.08651616893
9882.377921495521
9883.143238821736
9890.685965966868
9901.071256998674
9919.110813844896
9920.924309751817
9931.330540526942
9935.161570810147
10050.16288380738
10060.460510010926
10069.336564133715
10090.919985282793
10105.242792119494
10109.825298796548
10130.035811828135
10135.37579323767
10202.060854761323
10220.086752391244
10258.2306105271
10267.038064522569
10309.861037868803
10321.806693665852
10324.801164479522
10341.627025657235
10377.851310452956
10392.994786845928
10415.116386477253
10482.263745204773
10487.683692738758
10493.77477394237
10513.014457214775
10547.960032907435
10557.780295664188
10577.040747044079
10598.239923765843
10613.471690780882
10671.46811946696
10723.428838122567
10727.168149992787
10729.830733034567
10738.14421359729
10750.505999699328
10767.445765849583
10839.0303292927
10851.049941913827
10867.999180127792
10870.245735877123
10876.700404107312
10890.9069270208
10892.18128477205
11032.49933104621
11044.830759194356
11062.016697886536
11087.073815703503
11108.916307302856
11129.224667595929
11134.93534692578
11153.039882014622
11172.681980264253
11181.666264218531
11201.304945263451
11226.852586711513
11259.535571455694
11267.576943463539
11272.945246912705
11348.376892090026
11349.419881220227
11357.228020669307
11406.987221237508
11435.040219212018
11440.43352757787
11462.206747920744
11465.672701508962
11482.063897813576
11508.682227670057
11511.037508886087
11566.612045451628
11624.818132350043
11653.043818347986
11704.939044280938
11706.48773561271
11715.759886075975
11721.307992903323
11722.327557216831
11726.592090771559
11742.732661209457
11755.974718175265
11775.066752112505
11798.1713438825
11800.025078896759
11800.715537441933
11972.785854072823
11980.619325143816
11992.345219677098
12000.538460827678
12019.08299608973
12025.892008890742
12051.066579089935
12064.154779954233
12126.29263898084
12144.318309681794
12152.026114194488
12156.561812819402
12168.686855031277
12173.397838306024
12180.931262175764
12187.275609536082
12226.803668681225
12265.461727178297
12286.34377177008
12333.990807364833
12347.35337648397
12401.742176094722
12410.484562511869
12413.165823227926
12491.831253591365
12511.426769750782
12517.617660506057
12517.85996464728
12518.673158599353
12569.611007446652
12581.298839315341
12593.305818242297
12638.911545335863
12667.457988655471
12671.95821804898
12706.502596063938
12713.328905267335
12742.518294570347
12770.702091261033
12809.010436029484
12821.99806816837
12858.698568553733
12861.255554378959
12873.321643521544
12910.374491147768
12940.757277437886
12986.067105242686
13037.546221998216
13037.75154660632
13058.59444515935
13118.884352395182
13140.910813827053
13168.474761562957
13202.116249376068
13222.933528727832
13256.68822427667
13271.02098936503
13309.624530261428
13326.761576687084
13422.909823796776
13423.470423315859
13447.384812945826
13457.361327811006
13460.197813671457
13513.008690741382
13530.437622806454
13625.292217022365
13625.3484199877
13676.842321832055
13712.897990025915
13714.390433984634
13751.678414043923
13772.372155681987
13775.566285600462
13786.088498137244
13803.808901047138
13814.37577783931
13847.070575861262
13912.661893444634
14002.095950115383
14026.288144612015
14045.67942629989
14056.563161308382
14059.053206911902
14073.885407977903
14084.7193229481
14093.196286629769
14115.580579658681
14144.66555349196
14178.427846919043
14199.801199978789
14202.082023259083
14219.849256712494
14240.286785457241
14251.507069678546
14269.652386211957
14296.628212555128
14303.960576788588
14325.249376142196
14346.775325028733
14370.146792874377
14404.274241111068
14413.644088448731
14423.844959308146
14463.036026653288
14511.571638088324
14547.939591048225
14553.836281836657
14566.033325128838
14621.343152641923
14666.07345446037
14682.644710252913
14691.530940400751
14703.396589122993
14740.916514023778
14798.876108938388
14830.876053842961
14877.057591112407
14886.529635982331
14907.618523542184
14919.999650356805
14926.448637724365
14988.105564149864
14999.805119550978
15025.568375806804
15052.921777719217
15063.348034951523
15064.760229194495
15066.821561290557
15087.595607457728
15101.439803442303
15110.891476792951
15116.470311189105
15227.687805789617
15237.261057223604
15247.39279163616
15279.453720818896
15283.278548978256
15316.434308935968
15370.58299066343
15396.957350957391
15419.624708452484
15455.139532728017
15458.981394360759
15478.546726916626
15544.085110148948
15567.65943902029
15567.703277313827
15592.936805790567
15606.224677782368
15612.177731092781
15622.595554393965
15641.721123391995
15695.49238571928
15751.943979060296
15796.927000499269
15801.024873783756
15821.224538294062
15826.964477336569
15848.952138966059
15851.714706608185
15860.563180030807
15889.810567886561
15920.320653646071
16002.231184813616
16002.859600833326
16004.903520829894
16041.743598501987
16064.240520572188
16069.057761838232
16090.097760658164
16115.141694805996
16120.816360140623
16134.527122914831
16142.724641147492
16192.643758783268
16208.981708541547
16211.18102419398
16223.117505804328
16277.701378980644
16292.613050830623
16307.256630093947
16339.887125020095
16364.388004578483
16371.463955201607
16401.71900728776
16416.083528601775
16433.019155918897
16473.04421138654
16515.410668028522
16535.828782572764
16592.478987279967
16615.339194626395
16654.37627241793
16685.291666729452
16691.488615775288
16710.778330725207
16844.53206748777
16846.782217026645
16859.33642378563
16863.400389578463
16869.361847557047
16914.910028930124
16993.463597234608
17002.387965790993
17028.81575153342
17032.92684841135
17035.146151116114
17059.130598526142
17073.29423128821
17077.390788115543
17079.909993763376
17081.270325941983
17089.76929184078
17095.984895565067
17168.14497222436
17172.98675046469
17204.509050072847
17236.053623773547
17324.911744562876
17351.24705393559
17354.172569361996
17354.686132473333
17365.859414216782
17374.020709680775
17374.374623095875
17376.358876261253
17386.95961642973
17387.89434173853
17391.752117172164
17394.906622124516
17401.358964412637
17407.64261964229
17421.60720130211
17437.958661002674
17475.469788417096
17501.28588584839
17535.810784939862
17541.10632612438
17588.12693891251
17598.24667172072
17627.39704009675
17668.04034022378
17699.602408554714
17702.229172801213
17715.22223210811
17727.49020081521
17754.231134097587
17794.41970565803
17897.165951171883
17922.287076175973
17986.391868317205
17987.147516376506
17999.861624051122
18033.02778903108
18036.45819831523
18061.13815246543
18117.242650469074
18136.087335853386
18158.88910070485
18188.6888495774
18203.23092490673
18281.01908172335
18305.801861276315
18349.440884443324
18353.469713483315
18395.165309161148
18400.523765894668
18451.925419910156
18560.72431268978
18661.35830835483
18685.97648697252
18819.69359401011
18855.157344147934
18950.763230933026
18972.485451488385
18972.800595530407
18998.687113135198
19010.200407577642
19010.71298674991
19102.980438659393
19111.078946850048
19139.3707926386
19268.520713645215
19269.545494896152
19290.267026554233
19314.062700442508
19321.59478839276
19370.213889539085
19389.286357198445
19413.634261077736
19482.75148813195
19496.782552327473
19514.42990415251
19592.20903746155
19601.003266263655
19609.915224418008
19647.790647808906
19648.766969087927
19661.044284562733
19694.967850445046
19800.047195872077
19833.048029842175
19834.0837717526
19872.128874491707
19903.38767945092
19940.570329459733
19989.161779955157
20023.784258630614
20036.142470049916
20073.099401501127
20105.298000022492
20120.166066001308
20135.27088349704
20156.44404949583
20341.324341839307
20374.890847054037
20417.764746358207
20425.153199890075
20429.76856205949
20458.65883149687
20459.38232261303
20475.40263533285
20520.55048639185
20526.728898234207
20546.894561470854
20574.410850633445
20626.432909420368
20640.445826957093
20660.25752546742
20880.170665523845
20934.10544490274
21018.29594621465
21067.20014829399
21076.53042188058
21093.67881144014
21177.482202825726
21206.682243883344
21264.62204718498
21273.2446400212
21300.74599912869
21308.733965916614
21330.319493597417
21346.74304420579
21450.45426322037
21494.21042032702
21541.44707189858
21551.304356552824
21551.792914255846
21601.806549620866
21614.69306445128
21620.07251260475
21623.23088665736
21634.659601459418
21634.664468247433
21777.815232722733
21804.48119912793
21827.950138812754
21841.34803368472
21904.804321628042
22308.06938343264
22498.37031989208
22712.240332377914
22929.123673755712
22954.36514850111
23089.68986826543
23188.28019786768
23360.80456096714
23694.76859097813
23740.2071851457
24054.740376244794
24102.135866082263
24118.10314929556
24535.36794360583
24607.078160718003
24641.239303448594
24710.845085188863
24794.77307286465
24837.979435420613
24955.876818684323
24980.457756880267
25043.33365308629
25358.458969788186
25528.916624990703
25636.91055808314
25655.76941682049
25836.819871800144
25970.72334356853
26153.618007631732
26405.776629170992
26755.83043136259
26765.812419720867
27254.53262301151
27284.96400926886
27313.059313042948
27446.443063695493
27758.840634774835
27766.269430794662
27966.007753312224
28117.47411990215
28413.390512366408
28543.6468926561
28685.677783388852
28822.98181068902
28929.82428234077
29093.57243035239
29151.165468171715
29827.741104927158
29943.270947003613
30231.595058939693
30634.673717497684
30663.30172399759
30794.97226653009
30802.881090893043
30940.168020081357
30998.740994458283
30999.33240607963
31124.825186912138
31156.689813071982
31197.368536877584
31550.605824534552
31826.287645935463
32001.237536736284
32050.1741356554
32458.739738243024
32648.184028842155
33314.40655332198
33556.441994578774
33883.12964265438
33912.890815315455
34296.51378666242
34745.53464123267
35420.57897332009
35734.07040364237
36065.27492183605
36245.66689895584
36767.0004488922
36786.95565580731
37521.44851831385
37747.35468588793
39111.729759112655
39705.12763253767
39728.29920927477
39846.475999582
40046.516390837736
40115.787013701956
40778.00410345852
41067.38680782673
41290.26638878909
42408.99716354409
42545.52273616324
43217.0580886501
43668.45820143124
43882.71893800957
43985.11725584114
44699.548613048064
45410.39018000276
45925.91398673874
46870.47990880723
47831.8087258862
47870.90768313256
47943.88706004422
49043.696410339806
49286.53992290228
50665.69077149972
51065.387354731865
51146.00276957044
51531.13209319025
52913.31966777906
53272.20867575776
53906.01608676022
54340.542261861636
54350.127244413045
54608.60275454806
54734.629494035784
55101.22162519874
55361.61484966275
55370.66598173357
55797.522518121215
57020.92985240595
57113.58865151448
57320.916080924864
57330.42877157607
57557.150824758275
57750.98773044001
57891.230957044805
58301.5507740365
58593.80468407104
58675.865324233506
58722.315440172366
59231.31730200328
59444.00709037017
59466.05684198349
59481.80333227997
59514.36569401362
59766.87439774005
59887.61943204469
59913.48258945843
60237.70275382797
60239.73956715931
60288.208605039625
60360.83493083631
60408.99642064509
60495.49004342924
60632.162515220836
60710.41638674407
60752.888672781875
61121.46187953601
61370.18295361161
61441.92344830073
61925.52031463324
62217.690772663016
62290.584515719245
62300.22184205101
62563.224028578086
62566.616935682316
62616.423869903076
62701.367214614
62724.4852777298
62736.19586638984
62914.20372568261
62953.27101330892
63045.528835315614
63058.095635527425
63160.93351784437
63381.35971315343
63396.892084133004
63675.44597360121
63690.667341400665
63729.42497832217
63734.42682688791
63771.59873958271
63790.019594475845
64231.12767539616
64265.17829511396
64397.63369786725
64514.21060415239
64562.33621808499
64581.67561055972
64597.94967977377
64611.58209495292
65023.997778765704
65231.208010269846
65391.777369719166
65452.40668630639
65484.40005798018
65599.72141429543
65654.99238625556
65689.93720255903
65981.88367126892
66113.91020596761
66378.94060421106
66519.32788069156
66533.54881557956
66636.0565052868
66645.07035576187
66746.19961837611
66892.93434651186
66982.7059069933
67190.41168456871
67273.81489604809
67519.17031390978
67623.74782896676
67656.84024935386
67804.97253154324
67862.83596207581
67927.56706504518
68046.37415639257
68401.95007034394
68404.70403431387
68627.16210618692
68834.46529522135
69222.86329366917
69537.06846734478
69649.97348171237
69774.42195289115
69949.06450859256
69951.60146623947
69974.95381074717
70101.32711584496
70326.02711517528
70355.26824310671
71042.74920381642
71078.42618310575
71087.05784580692
72083.03248517602
72445.01468041538
72501.31529389077
72590.77033160088
72643.96598346735
72689.52187890309
72695.54417213531
72710.1840561693
72919.57514753385
73196.13634281946
73354.21257584573
74359.98948743298
74622.3026222285
74886.46049111972
75091.90191005966
75140.67261804527
75583.46652904378
75696.56944548339
75920.97815076586
76050.75079668484
76085.27920841124
76880.58771566616
76956.12489213237
77016.51355989139
77845.89931113097
77948.66014239546
78080.61883177064
78190.96762667956
78191.14170760821
78245.44867332063
78662.72341511755
78771.44350936438
78854.21034118939
78880.22614882099
78937.85905195298
79128.24692991399
79446.47051611896
80354.58275259458
80666.03299736619
80842.57392735733
80975.01622715782
81051.38238641551
81158.68331473021
81322.91012652285
81404.31304394075
81603.09867439281
81800.55367317532
81911.83972156332
82444.37483605786
82707.14233027687
82869.11534879704
83057.71181589493
83491.2597475432
83625.14109521768
83682.19512333753
83712.01475458352
84044.19130658156
84264.66542198433
84510.52337921424
84626.24851863104
84756.86961802687
84816.2944024493
85102.3119236304
85550.71243224565
85658.6286519565
85787.60165912396
86165.51283143145
86258.58352239987
86374.38456632002
86877.58794339164
86960.73665422703
87357.60413618702
87470.27802687715
87488.68115479907
87772.36818971444
87817.91569130603
88018.20342113049
88184.83984023695
88236.80703471715
88439.46382218775
88456.66046480405
88660.10725898932
88831.44134204581
88885.24689812149
88916.18622594918
89227.70433556431
89507.84355619672
89658.36164504454
89684.60242481822
89774.77479607685
89838.01455748462
89868.29926239386
89931.62468378012
89994.86355587232
90090.041519547
90164.98889686452
90279.80520351812
90310.59691460636
90362.29231679678
90394.62188081571
90563.58235099056
90874.92526843149
90895.35056209832
90942.34832961399
90976.65568980607
91037.5137443064
91094.27167325823
91165.59503778348
91188.99467084651
91367.84756580096
91434.19249742957
91738.54917117913
92162.83128658342
92164.3065382112
92200.26786379766
92255.83729334452
92286.53067406571
92321.47321127821
92330.25944472547
92339.0295810794
92366.59265630112
92514.5995274476
92557.10703372068
92682.75518083584
92738.09444906803
92762.55069084188
92896.84514870065
93026.23195993301
93118.91142376768
93142.06193012734
93262.13089513798
93278.64589678955
93291.23699216792
93416.44705924505
93523.14062216028
93524.28162389372
93645.5530355412
93711.87248684878
93944.19652899541
94157.36227881009
94193.15634267892
94351.77655047063
94373.93465020251
94468.37962075176
94555.0637487212
94878.4789722128
94948.34345067268
94965.72334169026
95140.57364999769
95195.61070995958
95230.08702031673
95239.60205183784
95282.73599382595
95287.74635741941
95293.02034794775
95331.13162274935
95353.53949733896
95371.19016929303
95372.95033849702
95385.98522562039
95391.57897737769
95392.12578204839
95413.7434655189
95442.31963343848
95455.81981295266
95475.43435268513
95547.82546633916
95671.69281082263
95674.31439323758
95730.73290390741
95748.66899993629
95765.5106076951
95793.86568837754
95796.6874319356
95814.14259639503
95817.2069124004
95898.22992657324
95898.77928069491
95906.93494848469
95927.47369018446
95930.02316894542
95973.51304999964
95976.78984655754
95986.63194757361
96050.19107190729
96066.1381734206
96093.26584265713
96101.80471651287
96118.39613317027
96134.71273938862
96140.89200875929
96153.37324988336
96171.60449702213
96182.5093633922
96253.55715902422
96273.47573244086
96294.59878754927
96298.13387449743
96315.13357293782
96317.80871297662
96340.96538832245
96354.04726648767
96411.74238981695
96418.61135588451
96452.87354905343
96470.84212450695
96519.49668181072
96591.41689408016
96666.02775479366
96688.69218584517
96708.34373879315
96708.81895696904
96718.01526793806
96724.7797494273
96738.19988491134
96738.51196953526
96761.38171812789
96772.51089739816
96836.21462893375
96838.61554612403
96852.92737598222
96856.56734407706
96880.64345624852
96910.16988942813
96916.84461552944
96975.00878116657
97032.94555295738
97071.2644044757
97105.08873847572
97120.86497747936
97129.69822808694
97183.41113305737
97186.43937078713
97257.59664071731
97295.07271058843
97296.62473391106
97364.54836356579
97371.8087741934
97391.04930875154
97413.76209614932
97461.02451290743
97472.38258077699
97488.97060170308
97558.39349377951
97566.77181318056
97572.6112504561
97605.06599165859
97660.31250166416
97671.3838874623
97709.02325141325
97716.36942940601
97754.5240823424
97765.61468984149
97794.04253116949
97802.8551343237
97815.41210158422
97820.77704692178
97835.76127786879
97851.8551154926
97854.92495674125
97856.33821063496
97866.75281997422
97912.12871811412
97917.11335933907
97950.19165987446
97963.49320056711
97964.24201974968
97982.74912804627
97982.8125346461
97984.25171140517
98010.90838458025
98028.12964257145
98031.94463817039
98040.41226305238
98043.31551401879
98050.98527860384
98055.95926478236
98071.09138992295
98081.79616639443
98088.96253692277
98120.59571672021
98121.23101681544
98151.80496730203
98193.52524513958
98194.50790952155
98199.0784273125
98203.58296377411
98235.94678898109
98262.45634347406
98266.35436374095
98266.41701889766
98289.09598581864
98298.92114768627
98305.89637948258
98344.0986038194
98408.09739450442
98433.25121889969
98444.97521609606
98473.17755104284
98478.22141865588
98500.6789791433
98507.19800353251
98510.91067399143
98518.06185012715
98523.53518769187
98527.00300169903
98534.06317938394
98556.23325706006
98558.74682912156
98562.26368619822
98564.56704400302
98568.83072305308
98574.33543820975
98582.37554236954
98654.85457543987
98742.47989086928
98747.0596915225
98762.40309299933
98763.10792382984
98772.69116133891
98837.28207162076
98841.03301910075
98854.21529587675
98859.20861493
98929.60541046782
98933.1371986398
98958.32496982865
98993.02347091954
99053.43973703205
99099.98757389249
99101.38201926499
99129.18067228151
99130.6760716851
99135.13622987327
99140.20148119367
99143.48728222588
99152.28976044581
99163.70750587492
99172.85729106648
99224.4405817703
99243.5884499054
99245.81854095237
99251.93248720712
99261.9441173084
99305.06240519755
99309.3312620874
99316.96350646263
99318.75793773713
99319.25283734311
99325.53728373836
99336.80831752802
99346.00933488293
99347.5346836025
99366.96672986714
99368.23577668137
99370.72140896587
99374.53466800254
99410.95678988882
99429.39196006366
99432.60744154963
99434.38435752933
99478.97659214128
99497.59272097031
99686.41188341637
99695.11355186229
99769.87924214131
99790.85934201186
99834.03893343292
99846.96924376924
99894.52461468254
99898.57932460266
99898.99285960673
99902.71954690354
99904.81486816022
99927.43300924882
100007.4261802424
100008.85250678542
100013.75636101147
100027.1759513963
100096.43681629609
100104.47647529304
100107.1060929567
100169.61431244528
100185.41932192667
100189.37559129723
100230.08853096548
100268.4507545285
100274.28796500937
100289.37875118773
100309.03185522286
100321.48455061128
100339.06252580395
100365.23728173655
100367.73073126946
100426.42075562614
100456.0388480637
100467.71402450633
100478.54205255886
100573.94564417977
100615.74218751967
100616.19579024008
100653.06567881112
100670.29923996609
100680.76460789696
100708.72495322907
100709.88602251084
100771.3423744587
100771.60234176728
100780.04080578321
100804.5420252421
100804.61136004483
100813.681990858
100858.47822601825
100878.6553835277
100917.81878274177
100970.12166390657
100975.45547860904
100986.55931320367
100991.66079687292
101018.56770960939
101029.01438707134
101057.43556281025
101168.06007526888
101180.50847778021
101228.34625897628
101239.81573970326
101244.07189956865
101254.0838498511
101281.79556342447
101295.47070604649
101315.09858395229
101336.8361147402
101371.59810263474
101400.24913353295
101461.84723540234
101474.1817602117
101548.10230260022
101566.50553763934
101619.14484214794
101625.6784965411
101655.34696053834
101656.7675235837
101672.86725652902
101674.68084983998
101682.7623653687
101719.43942788325
101721.11044134253
101790.88957959719
101791.96682556497
101810.75670001667
101841.70160935115
101917.5641246681
101938.5751588866
101955.89865924699
101968.44171037649
101979.80374894029
101984.24204033893
101989.9224991004
101991.85571871878
101993.55461112419
102026.35196652594
102035.01441094383
102036.81360825364
102040.37197846557
102095.64478358373
102154.95911799563
102200.19076826077
102204.00864219015
102235.5375889952
102271.41869845043
102275.68037878968
102319.99860298386
102332.68057325543
102336.12307781064
102384.45638144069
102445.21122588072
102471.24810651466
102478.5463386252
102500.63591085759
102514.16734874007
102535.5289986323
102540.90637850686
102571.5810091183
102599.61221746332
102612.16584664228
102615.7355751461
102628.67092586606
102763.92806022144
102769.3451887384
102827.89762780075
102877.45100788942
102948.87683484008
102963.07759287427
102998.48082416439
103011.3574887532
103032.30784499458
103043.66633510494
103053.85394482652
103096.12519084195
103135.05115711506
103147.95476987882
103166.15894744499
103167.73176372678
103187.08491896288
103230.1872706154
103253.76024782576
103281.08858349887
103323.6709121792
103328.17019169747
103355.93490470569
103369.95616275349
103419.60944050187
103440.96229255194
103451.19977205535
103453.78121016332
103460.91126254696
103465.5581175877
103467.86455125835
103481.62195791438
103514.49418492621
103521.17704044387
103542.64713808525
103564.7708371852
103567.51044967676
103590.79441383432
103594.67573590347
103614.04207591168
103650.79576139698
103651.57388835942
103675.58307844885
103678.4506540045
103721.74479961906
103734.33142180103
103755.73877148078
103789.15043073506
103822.57278775267
103830.47191710665
103850.94194936146
103858.18941876978
103890.20567671992
103918.26244203246
103993.9143008933
104015.92115260847
104027.08265648065
104132.89214753873
104145.55763075924
104198.39604876745
104200.05249951911
104205.7454612596
104259.81633945422
104276.2240321417
104291.56703413013
104328.1031460849
104330.11652008932
104351.04678933801
104365.02518485687
104374.81893224582
104382.67014938442
104615.0188776119
104646.18485821785
104646.89658822141
104657.77266707354
104673.84220121845
104699.6412590107
104725.09718586464
104764.540912152
104821.51653445042
104826.24572145064
104827.83487079572
104840.09467458281
104843.63862979997
104845.69535065512
104855.0736689436
104938.67689850353
105001.35557101129
105006.53109064983
105066.61439509457
105069.9255788526
105137.59212988865
105150.52352236687
105165.18250457614
105167.24630011452
105209.70982408401
105275.13844917603
105342.11878156537
105356.8514697846
105426.92423184316
105440.0484049453
105460.07958640862
105464.97022502315
105479.2038191323
105506.56322995268
105537.71096975065
105567.56493081701
105595.58387227154
105605.25749525285
105623.88177065476
105753.75435633925
105797.4338870136
105810.45141156198
105813.08058570093
105830.82783286978
105845.77708773017
105863.97256896563
105910.63339194501
105923.140224639
105925.51792270357
106026.57115866237
106050.20406661282
106057.17147868553
106091.29516054527
106134.101707236
106140.63135593735
106149.1986700123
106193.57517404163
106216.38508518286
106293.45888366734
106323.97409328105
106368.93425995593
106401.97476617273
106448.30280493881
106460.8270415452
106464.26488782106
106468.16376854721
106500.07610562138
106501.91426540796
106502.18240436313
106524.01906749475
106573.88131650758
106619.63774188474
106667.01878626211
106681.35792764231
106689.89313519964
106722.43418239924
106735.62715395946
106893.87404328547
106900.01262797076
106909.54649336486
106964.64823121764
106976.06984120514
107012.39149952756
107044.67723868892
107064.30713227604
107085.6310118454
107093.14618087362
107133.05705642422
107138.58001492826
107151.03885364375
107155.62774152202
107224.97010135277
107226.4811485286
107250.10042394012
107298.3405983017
107351.2185688928
107419.96890916284
107480.16967134042
107525.2038121357
107586.32635715697
107605.7274655912
107631.94397222521
107676.81444450402
107694.87042812133
107708.87437541391
107709.07915108101
107728.02747065316
107733.57859450902
107738.7273388925
107747.0927405155
107840.18360949287
107845.70565395293
107906.71952410715
107930.74821424631
107939.08103716673
107951.72546244346
107961.87362060817
108027.65820599382
108085.09368900332
108088.75770309355
108099.8046914825
108115.92331734957
108217.43905970531
108243.47249835136
108300.22099927967
108553.7999805711
108806.05574891521
108809.87844444305
108845.87814399238
109044.30618294465
109190.51291629177
109473.5168151485
109568.40434950517
110273.58233420321
110275.79614935438
110660.77081479489
110711.05333119328
110751.27363046026
110948.20885354935
111382.47918857617
111455.56838245709
111605.06282160492
111665.9411955602
112213.16262004976
112327.12094610321
112552.92374551753
112561.1959775904
112569.40289247848
113094.4409267928
113116.39587940935
113364.89481286152
113392.37083157164
113687.56100236392
113838.15559949765
113923.07606477986
114548.66894767346
114681.32419874739
114697.69854166977
114979.15688922677
115098.87882544436
115173.52894694134
115331.95408970863
115461.5037626815
115701.6535594312
116194.11006515374
116286.21134471845
116402.03745977861
116430.11094208859
116448.7655940665
116680.51065291264
116740.22646463099
116817.61360181544
116893.37532486915
116913.86729607344
116925.05669069751
116979.25106765312
117012.61634040573
117577.52027452848
117848.50861426117
118121.87717091214
118461.05463862442
118531.41747761286
119022.20819856306
119183.65596651439
119525.12220763322
120010.66191156369
120192.4589023167
120531.58454306997
120605.9540484286
121146.52089433368
121160.6661517925
121282.15885854296
121338.74565732625
121467.79893633598
122474.1005695985
123256.0253813056
123425.10967746853
123999.42468440009
124022.25974862292
125549.73875733675
126709.09122793768
127446.35422652336
128167.34463299272
128827.94595666173
129449.381705209
129891.65735245882
131422.39409383788
131859.6501566818
132651.53066443934
133238.4573915332
133247.6423653634
133291.1374483989
133530.12404589067
134225.80820989373
134332.03532426132
134433.06746180422
135258.77296722867
135456.56166993495
135457.18057022372
135545.02185711818
136729.71497301845
137097.15085858843
137174.64545029993
137211.54334925144
137677.09733761285
137752.11995322182
138036.75925144635
138047.12568342328
138438.63362954173
138842.08594257347
138922.23486820149
140397.99007512003
140959.75668180746
141276.84422471464
141426.38534239278
141642.06511541194
142278.43428451402
142732.17173304065
142821.72708160063
143932.88493891366
144045.2410993646
144246.1062987764
144350.7588007326
144412.73703752283
144446.92104379664
144600.73677156743
144621.1040627749
144743.32245014264
144934.54356074604
145566.26897048048
145870.53871200685
145877.736703287
145931.86312269748
146047.99118220917
146070.97771703708
146109.76840269376
146395.17719508847
146397.7575102401
146542.1786217096
146557.04753938044
146593.8548688598
146693.92479156406
146752.21583417407
146838.41608599084
147087.00061910643
147170.84884920204
147187.06835642696
147356.32891524857
147451.3587440002
147588.79294477764
147798.45881608108
147904.87024692213
147909.52872169082
147979.77114676184
148008.13010757277
148064.96555403018
148118.67656186468
148345.4538173517
148493.76770984437
148591.1625481899
148592.03893613274
148651.16231652457
148798.68601052166
148826.62743939686
148848.18963230305
148851.52330695427
149076.87205125997
149412.51737610865
149620.42228441738
149676.29285032253
149713.94977927755
149800.2441162343
149874.33079390833
149928.6839583055
149992.53272364425
149997.3020646657
150274.48472701144
150424.46080903074
150572.91258392402
150741.9107181041
150977.08904437174
151035.7290877601
151127.693331237
151242.0932593967
151270.1746274126
151466.2730651516
151585.13345745613
151744.1121834403
151744.2274287732
151816.38910922263
151818.21186623268
152251.04283740994
152299.6808247207
152312.54556282627
152384.8800878469
152504.39997680788
152822.3030088967
152873.76271813406
153016.59816115553
153035.59738822083
153211.8384256852
153242.57196532568
153919.24034222943
154448.94042867568
155330.5083389
155767.28921472142
155786.78566833603
156287.53241902194
156296.28116925462
156367.53138853775
156761.63884819066
156833.87411489937
157402.05059663602
157456.70444572403
157548.20991211536
157684.4493422191
158212.02572266426
158496.46418835473
158582.2419966088
158710.99691447066
158871.665138679
158899.38858828702
159176.7040119855
159293.63505424687
159303.84594169125
159313.4908947276
159621.64681323792
159712.3911519773
159935.93387359852
160102.57799126202
160198.143341206
160298.16294122377
160600.7933861572
160979.878684039
161112.41578175244
161379.00037924992
161899.4158297156
162051.62887294946
162095.10027813166
162155.45246011316
162508.01843926247
162582.52053479524
162752.26388242238
162827.2523621483
163086.06470868047
163832.94819651303
164147.44200841614
164257.08101702094
164451.30886505148
164881.1555017113
165269.73021373164
165434.81924477348
165741.76899900904
165922.06549287483
166156.3718109756
166756.46601047326
166851.05934538384
167050.61802463885
167068.55792903993
167078.14779173542
167361.34487930642
167437.754761672
167503.6179742455
167522.7889516547
167524.94948609915
167589.4793656187
167633.23407771625
167814.17911493237
167827.100008381
167949.10677400522
168858.6200673146
169065.3450326649
169254.40465013369
169599.6149255379
169747.1686669424
169812.87809744623
169940.46018821263
169950.93925160728
169973.2385894457
170030.7214420334
170308.951655473
170327.1556065576
170419.39970178076
170646.0303285601
170876.94069922855
171019.68559255148
171068.0581023827
171153.09191819536
171259.22399147908
171472.91146173174
171652.57043584343
171711.47086440347
171741.32572298156
171950.28758974216
172336.17600255233
172419.64984374197
172582.09430419764
172614.59756991552
172634.35956673615
172723.14154618757
173636.04741668393
174088.20807048993
174372.11319871614
174390.07409570165
174510.95094580058
175097.50086070865
175225.76601262257
175390.5943425393
175497.92003462993
176129.34800203936
176172.77609665014
176253.22266538374
176283.4964357861
176528.09734118718
176560.59803952387
176745.5895875066
176789.8084032644
176934.03216479006
177033.91846513088
177056.925561724
177308.92107927953
177550.98879190412
177692.39256109917
177709.10773012924
177839.56152050116
177839.98640994885
177862.61626106722
177921.10702771804
177990.108709195
178024.78923807453
178036.8072973881
178169.15481143593
178185.51727629945
178187.21295665138
178197.50158050394
178200.05681826686
178235.48053397675
178254.7248569672
178348.79458384227
178352.39746985916
178604.25578418147
178611.52844507096
178767.0075591983
178772.35386391022
178949.5840210718
179093.97603597245
179101.59524639277
179211.15470605763
179227.92827426302
179360.51736098944
179517.06698392367
179630.7934171233
179772.91947635956
179814.67095225287
179887.80223176387
179983.9531839542
180021.42878349722
180157.8490698627
180241.6363577736
180327.3513651446
180334.90826402968
180472.79853096406
180707.05628903376
180756.6658911832
180844.811189495
180944.20059734158
181018.67100921448
181252.14509512405
181287.21573237627
181405.07379435134
181508.40172383367
181588.96280289095
181592.3957015439
181614.24714808678
181626.32813121504
181657.44488412963
181665.94773617008
181687.91419889987
181705.11399856445
181718.7942828849
181727.31704587964
181751.85404957458
181754.1192023269
181760.79144720366
181762.11457893616
181765.23423958305
181783.83547396507
181792.3748386172
181803.02108512024
181866.7066652085
181879.7865743255
181957.43060330497
182004.21426052524
182009.40791242686
182044.77136659078
182061.21721136806
182090.218709078
182093.84099622717
182142.55134775752
182144.4703326641
182145.97240198572
182150.03880083025
182157.98139061523
182160.87090676872
182163.61574201813
182182.85620078276
182201.80134643643
182201.94938928427
182228.3646381187
182240.65438336527
182260.17521597754
182288.35803668606
182308.0506328174
182309.6411760865
182315.17172723913
182338.93481245157
182343.70848488493
182354.654654158
182407.1589808139
182420.65820388775
182429.1374849125
182433.4318725759
182436.88913252493
182440.66527420294
182456.644887182
182511.98670359177
182515.85360810178
182522.84498370602
182538.4736818502
182604.3211195369
182664.41916286974
182748.2174364336
182751.75552122042
182800.58792878926
182869.91105505766
182871.03290819627
182917.6662138763
182932.1082782691
182939.325771239
182980.38074760235
183000.10390918152
183073.88989289798
183075.92361978913
183081.3906262412
183085.96852501025
183094.72246512442
183113.1589136044
183123.5706382751
183145.45261063435
183152.14888029045
183155.56118923155
183180.0522390591
183224.81823672928
183228.1655744497
183235.92653159492
183249.28443256262
183261.89543329095
183307.5640656703
183343.22480932155
183385.73099820194
183401.70737707536
183446.66793219058
183453.28240415105
183473.11196121376
183493.85428703745
183496.1214355303
183527.68833333722
183560.10212862457
183586.52066179333
183598.50127949537
183603.7178471486
183654.75981544165
183675.50595632262
183726.1118691228
183755.34288254747
183780.8062939967
183788.84210851337
183808.82470048417
183823.9646590607
183840.3144562162
183847.6306218772
183878.77844904168
183888.38487798176
183911.55590083703
183912.7254685999
183922.77191009026
183927.95133500468
183961.527897119
183962.99240029126
183985.17641156146
184019.3105237039
184024.88491880812
184089.4885104088
184102.40978808035
184132.6007315428
184143.16991398606
184150.67910755135
184160.49223295282
184166.5153338293
184213.9797346477
184237.87298130346
184241.61707792542
184250.5010852911
184259.2046676993
184312.2144090685
184356.77129146157
184359.65144134132
184360.12169340972
184375.05444999112
184398.95973928017
184424.000717644
184511.22041162194
184534.4732061932
184559.63862112645
184567.97782119253
184585.91663471362
184609.55002953432
184617.2522662948
184661.4760891312
184684.36130954654
184702.78242520744
184734.42624153066
184734.83648233407
184738.33488670643
184766.59562452443
184775.7161262497
184803.09897712365
184803.68369173963
184810.94759461176
184826.38637010742
184859.84779278608
184880.29724657082
184904.4168095776
184908.02928220844
184950.03509140224
184962.5921004163
184975.02689801576
184981.54921766202
184995.45327836127
185023.30677853982
185024.88293630208
185027.3237856647
185049.4255691013
185081.01976072465
185087.33919971876
185089.45927162192
185098.82382215874
185100.8490299172
185116.15687852085
185128.86631167395
185135.19574134605
185136.31172520606
185142.3589166678
185194.12371049714
185287.07010889964
185361.49754561414
185387.50369291776
185417.15238541173
185417.7097436422
185493.79668275875
185568.40100498387
185640.5178763916
185663.9348160526
185715.31328679426
185723.08404860774
185729.63721775106
185736.0737940251
185777.30309065394
185797.17473461782
185798.07240847262
185815.50633728722
185851.72693930587
185871.80516192954
185945.66269822867
185948.92120356116
185960.36144897895
185966.08315807735
185984.2612019286
186000.24213561448
186003.97077073238
186013.81140739768
186028.3477108893
186030.74206507308
186032.70294018622
186037.9746929506
186079.17359066982
186156.86716209818
186193.68440648465
186245.57847259022
186255.64958263925
186256.14754714404
186279.21721781717
186284.93636485582
186310.28946744566
186338.86026407097
186368.34087744504
186392.6458777507
186438.41547762594
186478.35217385305
186482.11818700124
186521.31350918562
186525.8253155754
186547.99391612006
186548.99847999908
186564.6648105902
186612.1089360164
186615.28900116408
186672.88135317652
186716.78326542032
186740.56693176698
186742.3505767836
186764.9587537275
186814.60170607897
186815.88320901856
186823.40358994875
186842.85925675867
186849.44841866504
186856.22670694822
186871.95781568342
186908.0500939927
186936.1242844068
187031.23919331332
187037.08405126835
187048.357251932
187104.0716702651
187143.24042040063
187150.90121817513
187156.13684240897
187194.66052267762
187214.16592714013
187218.01076759328
187268.23563747364
187269.0882126183
187283.99377385475
187300.1864538322
187339.76540646015
187365.89547786483
187366.0682852759
187376.94978519232
187390.40487673666
187397.82831374617
187406.28481491705
187409.917936143
187421.90718368534
187424.866303459
187462.11789147323
187484.45667404128
187495.48751358967
187527.96885882973
187549.81716534402
187635.16426144302
187639.9199073397
187681.6796803176
187693.93171035466
187695.13544489478
187698.9119906028
187802.66085737487
187856.39575524474
187856.94421155483
187882.25310630345
187896.07671408184
187917.51190135258
187978.32536937378
187991.55640073953
188007.4481312646
188065.67682532733
188073.9179048711
188104.09537414223
188126.20158790256
188148.03995108296
188160.39208234512
188175.09183697257
188176.69285665825
188177.77115350642
188244.00397763823
188249.45808453718
188278.60897671612
188299.26038911397
188349.03550688806
188353.18306069658
188381.01041363715
188437.24685155496
188445.02688054944
188468.30197433283
188473.88229402844
188478.49650758816
188527.86773753638
188630.61979372613
188637.9579148349
188659.78455967904
188668.4627414504
188713.67717390164
188732.83082776747
188734.08595497938
188734.1380957771
188841.61308684558
188851.29956266226
188855.38705780936
188872.5821714458
188895.89891487052
188907.79110142004
188913.5818970212
188924.69362513107
188937.77379288338
188945.65277537407
188980.5531012232
188995.9802891357
189017.50222866534
189040.45799080367
189053.17764512665
189070.9402949139
189092.11978278236
189129.88899248437
189160.53417484325
189235.18759906638
189243.94892585807
189248.04054839181
189252.5057010074
189253.03224359656
189293.20246516523
189297.84918786702
189307.8829301972
189311.58988533408
189315.70154588803
189333.89721044636
189337.68426642808
189391.7140982049
189393.9133735641
189410.02037542185
189436.15643839588
189533.27727090238
189533.67149231618
189540.38219809884
189556.27905925346
189563.1661905444
189578.19695207643
189591.3327701523
189604.8119338086
189617.07861319373
189701.7875184039
189739.48323050115
189858.97787021656
189879.48878374154
189885.75327656677
189892.97032464988
189913.3591347416
189940.1914818425
189980.22753864533
189989.1155332551
190009.47758290908
190030.8158863525
190092.04734519508
190098.5549942184
190167.77847339783
190176.00815035315
190237.20816421503
190241.5462844589
190307.876209796
190353.11382632464
190380.58615154817
190386.3920542773
190436.0832004383
190513.59813027023
190539.55071198195
190546.21753926863
190580.14810959436
190619.38831414148
190719.6418762457
190745.322940024
190752.91091581597
190794.02367006484
190809.44649966204
190810.7274192525
190887.8941015636
190909.83603822935
191007.07119215914
191019.85291969066
191021.34483411268
191050.76938943626
191112.2119750774
191143.23794294815
191156.2301820109
191159.69058350383
191219.43353698472
191305.89021395007
191346.2804069181
191358.36492158854
191392.2367155579
191511.75547994993
191530.90444431436
191533.9821150942
191550.782152765
191556.5840466119
191590.57048633095
191598.18570691615
191711.07750067636
191718.51965864375
191809.8113105545
191919.9635803257
192015.20596205792
192070.88575272754
192071.71695313053
192135.53053503126
192157.30781314283
192160.9557029205
192164.89253588437
192172.61180286677
192186.69873274662
192218.04512352694
192304.27945582292
192393.38116226497
192410.8703791468
192448.12918202675
192486.09987733437
192555.76803613745
192610.36720078404
192652.02831586153
192658.3011800228
192746.03766997685
192779.27633656905
192792.11935346297
192794.4189513829
192833.51535390588
192833.63589867784
192869.1438272573
192869.80577156867
192907.94084428385
192929.19155130727
192964.2996238374
193009.6376432683
193016.0987396785
193024.84866958077
193041.07296443268
193041.66342785402
193077.80181885595
193095.87067426433
193115.19158870302
193120.9385522883
193165.66305403982
193197.48505653138
193206.66933041596
193220.96337906554
193228.5491883854
193373.126900572
193396.69532578517
193400.9772136436
193432.63102151363
193446.87432085414
193447.6129878532
193475.15716717206
193527.68535091548
193533.01783860565
193577.02682904477
193596.96122145795
193603.2118411569
193607.38118179084
193676.02642785772
193717.48762396973
193753.435540817
193758.99878452718
193759.80345480313
193766.20282888415
193830.46831864878
193855.7395771473
193896.42325575397
193918.10091135057
193938.74172792694
193949.9755158503
194049.9120653427
194071.09636337843
194194.4060763689
194210.52090552813
194246.72603897564
194280.3448187022
194306.54805526495
194332.6658073785
194411.28304222657
194447.53582687466
194494.94800997205
194564.3409136072
194626.357318617
194629.65146818198
194646.71061858983
194668.71039069633
194748.76969611866
194851.72075779896
195087.9715784353
195093.8404658843
195127.44932276756
195203.43066879734
195438.28874012295
195817.443129813
195827.28935707003
195878.07789655254
195985.11409337452
196021.8403770174
196221.2431870376
196399.9272358241
196458.427916277
196812.55273887567
196943.44605944847
197029.34697658118
197115.0821733258
197676.38843356376
197769.96688885032
197819.24998561788
197881.88385523803
198259.80808181915
198353.84584002863
198606.3827174998
199252.74681584738
199271.09766263998
199549.7215042256
199553.44587855277
199665.284760963
199842.8047205628
200179.036510056
200527.70716209704
200557.38232192965
200571.94213811198
200677.77730737536
201052.50177797343
201093.74667992792
201123.80493429984
201157.2653984925
201219.71236372416
201236.28172040635
201591.57761433301
201874.55331529817
201897.98860475048
202009.4847278665
202065.84889274783
202073.47408784763
202174.2128961093
202301.59587938996
202366.02795370086
202576.6378046716
203212.05576117733
203355.63811724947
203553.12346481727
203566.5041224251
203594.4574644236
203789.24603180558
203840.330286002
205027.87200527798
205348.81649529524
206967.59074000048
207174.11770223064
207254.81554134743
208407.46629038124
208984.9974000201
209287.49908812268
209886.92429387945
210502.51792383718
210608.26179701
210626.34491898847
210802.21000265973
210877.34782470783
210995.6975715223
211286.45890959137
211335.29918653978
211643.0299650539
212067.50249387108
213053.69145308057
213120.9364722086
213282.98096601877
213325.26975677494
213888.18951756632
214036.087592246
214343.8471654831
214594.72831191105
215187.0308200095
215781.8383722464
216287.45784316142
217601.7289549274
218152.36793727824
218170.05815371376
219487.9303659703
219561.2293876406
220458.5835755662
220610.461188959
220683.62599613966
221003.5414089076
221382.8027097732
222312.13933906078
222341.38269184701
224008.1043497745
224172.49532452892
225169.7208389992
226253.74000278913
226718.64499582292
226974.56152683016
227538.29050880144
227690.15682231385
227828.25941318375
228636.63534070415
228738.33985102945
229075.2112247037
229343.68651636035
229558.45025803536
229852.20395377814
230041.24946141778
230369.04003889323
230475.20273841298
230483.61365356378
230525.1046784371
230609.51955188313
230647.48323668502
230748.34479785553
230847.1003655828
231128.05261291092
231262.9445862441
231482.19031469667
231593.38349942412
231662.25062421712
231745.5289084615
231757.68175924345
231772.92944059422
231953.7447038757
231966.99745035518
231984.05315330403
232030.05445752537
232123.37995768833
232288.48861793813
232317.68406414523
232391.4071745002
232501.82314068955
232547.71117818088
232551.85775817375
232692.28563986844
232722.02128509985
232730.60663266527
232972.61660363662
233161.01578578987
233197.458388467
233312.84090091818
233435.13992249174
233961.22023248597
234091.89935922783
234221.9477385055
234383.62153372425
234459.14836348954
234845.2982303833
234878.34337526836
234959.88437543184
234974.89344403375
234976.16179694692
234981.46827263833
235081.13189122785
235284.1432479175
235464.2355459773
235831.3189011694
235990.114771646
236056.2995516671
236153.27492814994
236180.90516452934
236222.65657834974
236248.892190962
236531.64293937024
236564.3951849959
236596.1976691321
236705.01232539257
236738.01294634218
236996.35028791663
237009.21211011306
237111.22001609317
237161.25729042833
237277.87898125534
237298.62020725897
237419.03843751925
237533.94264260127
237661.2845705252
237728.5242679444
238028.1166503951
238083.76358322887
238170.5524737387
238208.90713592398
238283.16127741328
238426.3538486419
238622.22701537202
238732.50119306892
238866.94802988868
238887.56755022114
238932.95953096068
239154.36097705367
239199.1976321747
239215.3754529736
239412.14418270998
239469.56677785038
239523.85870148003
239592.4723246444
239871.2983192687
240082.21189196096
240998.1103893429
241253.46267028933
241293.69379435526
241322.69090415497
241830.22012391523
241835.3289455921
242225.76621913357
242228.0096583159
242325.6081343115
242821.31397941767
243288.7643414138
244389.01148405107
244408.16331346153
244531.5471200542
244715.91953693103
244743.36025324411
244749.53955004143
244862.7937408885
245049.08322573965
245748.23856719967
246367.75382673542
246375.2167146152
246550.11940376472
246606.9890446438
246688.04556055058
247081.27145052335
247485.5758685982
248061.31190152923
248738.56900618123
248834.39616609126
248913.23344661563
249203.70653501333
249219.67522249458
249398.49333407567
249471.1713514454
249952.31615538924
250228.35888346258
250813.5784547433
250942.9044132632
250987.44502266278
251315.9704926454
251329.67218036175
251416.47757109845
251609.5736733249
251849.88450323406
252036.4690477337
252182.38963584375
252234.37422182562
252382.598797474
252556.94847311507
252839.08593401487
252851.91090464845
253162.09526838773
253329.2676382725
253644.60337225048
253675.93940973256
253801.72806972254
253887.14787038747
254214.7680666349
254429.25317468191
254557.1550495179
254657.48503511262
254762.34036166867
255068.5448097336
255095.22768090462
255143.3853577872
255259.39168171678
255636.765398915
255907.90614243332
256313.9597142937
256447.93232563496
256719.61404703336
256884.50858301026
256993.35962530342
257085.57019987988
257218.10172229155
257686.29541425064
257868.32772129303
258190.31451545603
258247.35947097678
258291.1443091309
258544.48690374946
258614.35843908315
258756.15450943794
259028.27788982395
259056.62527106033
259162.48568045662
259166.81904999114
259181.85412039267
