41.10939944134822
65.43852974531782
192.49787868999627
309.66413386306243
890.8393934305552
1278.74680328209
1841.1243144634752
2091.2192914562597
2116.522234506341
2128.8764590185756
2201.923547946516
2583.117127342156
3032.593131245443
3080.925508391348
3082.5594636234937
3111.7252020415785
3681.8266307518634
3906.4806814646377
4096.096960049889
4159.32810687603
4358.144806923738
4478.38197146789
4686.087013934407
4880.100542795757
4999.395531248312
5055.484975449587
5219.427598668719
5487.312089581277
5676.523836902103
5930.763049176637
6262.054585668538
6666.681406738844
6737.091428870367
7223.695424820013
8005.12169088643
8081.19840901461
8195.521213692402
8654.160820800113
8976.362189764315
9151.818767436018
10192.626842325046
10455.820859327492
10462.61955265353
10606.396071400402
10707.061808772269
11000.416990576245
11118.935621367471
11413.8236326847
11429.298158322765
11497.44169369211
11826.336083683076
12025.544022528657
12053.010012504723
12065.191860207455
12088.75970425636
12108.43052509016
12475.434430670464
13086.176543884329
13102.783639086505
13674.9454616352
13687.076494754676
13773.243843368948
13908.292638475174
14018.109151093842
14571.651002999552
15017.086671122699
15157.733738816612
15267.958291913472
15923.363782529217
17116.63337505928
17410.21316854822
17417.461839352796
17875.869446035784
17914.99509748596
18003.762407679278
18298.97241310796
18352.34861533597
18615.950600187338
19004.673013466883
19408.345067996168
19460.693463795735
19620.95551429704
19883.227644786966
19923.555398601413
20450.624800051366
20492.90729841997
20522.75789564311
20596.5371030353
21047.773964511125
21463.259944085417
21530.61649957643
21651.046752888393
21835.586331821687
21893.669822233544
22416.620590940835
22673.821757880378
22792.787006313472
22946.71253669258
23072.265212511185
23092.909002246535
23154.584266006677
23696.059332501733
24938.723809636973
25202.57167712648
25252.821719697593
25272.19558967961
25393.48087290924
25720.920132165822
25760.311080997082
25971.97358226761
26397.97348559779
26522.952508744926
26589.568548656658
26667.9251333056
26771.646750083797
26804.95050963152
27341.498898761656
27381.697385151718
27442.342747374172
27843.503846476237
27875.3515630763
27991.15866495504
28059.974898150853
28390.002285331757
28841.246942304137
29124.534098483284
29734.08735270471
29859.77304477356
29899.82899408727
30037.75708051322
30175.16902619959
30220.46253303269
30670.541825873155
30878.9373604364
31023.48413365498
31359.46122642006
31586.880088514852
31828.919108602357
31871.264671282952
32248.5274920986
32452.530496932453
32798.448986519994
32980.35548908714
33505.60895225219
33552.576122902465
33665.83471697206
34395.339722302604
34405.73828873968
34424.19818692789
34441.658280212694
34468.69639356162
34484.25966147334
34502.87241704231
34538.65996674567
34546.638764443094
34550.7300139968
34568.37666808198
34571.85080132403
34610.53536848937
34615.57550687021
34618.182658764665
34623.640894083226
34645.12805905819
34725.93586518344
34733.63941285588
34765.21642750351
34782.56051872875
34790.31087404132
34849.973198589854
34866.011825489906
34928.15141219327
34989.38564125729
34996.78924567331
35021.14039020268
35035.184314702914
35035.61687282937
35054.4107350336
35080.34980727539
35115.881591199744
35151.333473435945
35154.292936318496
35158.26444447628
35160.94693897102
35164.715299728945
35178.56982489165
35186.02030940604
35211.974666368485
35254.173821192526
35256.65384804057
35262.10214800367
35280.70492861818
35316.79775684864
35339.917167137806
35352.38221420811
35378.92147273486
35398.589714151654
35403.58613816191
35415.3944797619
35450.16007263459
35473.85295570132
35488.117582637926
35501.98791817783
35511.422327515
35520.040418730816
35544.63930331213
35574.925442271924
35587.68976538685
35648.96592862076
35680.90732910933
35691.56953458091
35696.51110792312
35728.51834625034
35730.08138103932
35737.01994941613
35748.67805897492
35763.90088555184
35792.50355986624
35828.081503212874
35839.90452184413
35853.73140277976
35854.70553196158
35904.77608094674
35913.6248401001
35919.14994868587
35947.86690485364
35963.07679031121
36008.74003578658
36017.985107250846
36042.14029334885
36064.459843767116
36071.282230474775
36089.54794976878
36138.662710556644
36145.30952869276
36178.21947501952
36205.374032211876
36261.87210339373
36264.328339641295
36276.26845759228
36291.60486405521
36294.76153212698
36299.028849944836
36322.648166655825
36324.601161211314
36349.836179659265
36385.84397978879
36393.77423462073
36397.567867548074
36405.02697175835
36431.04094156062
36434.02208861034
36434.7013782302
36438.88737210844
36458.45739893296
36477.99948173434
36490.80193737696
36508.45129169911
36522.874341630246
36524.93020498638
36541.06634095884
36573.4431924876
36679.771582120164
36746.11053268829
36750.595603444715
36756.91616507716
36806.80891243942
36901.51431656584
36902.82381812598
36903.34597333151
36962.814096654794
36975.344170425284
36993.53887926701
36999.912651503495
37010.96257016823
37029.011381013916
37032.472487992294
37092.37728063502
37098.41164245672
37103.482745544046
37116.26930468222
37137.390869089686
37166.007139725414
37211.49529965827
37224.97687904826
37230.11166910151
37255.101744722044
37256.55309411358
37261.65128473915
37272.622797148084
37287.942692246106
37301.8035757266
37309.78617955644
37337.811113183925
37339.27434107358
37350.460840501146
37355.132435598876
37434.603430524134
37451.071570081134
37468.65532686673
37492.029618833934
37543.70095148116
37551.252105434476
37598.62493788713
37612.073910178304
37639.36037979769
37648.79187856646
37668.75272512074
37670.763996265174
37681.424434268556
37698.52771567467
37707.96394845132
37708.01281532393
37716.29948104444
37720.86492898376
37725.35698329466
37741.069598282214
37749.778426409226
37779.84622210039
37792.559713072136
37849.049034935335
37850.36310206054
37856.0657663875
37861.57297700259
37871.85240861492
37890.51881426972
37936.96504140505
37952.233847218915
37983.94869862978
38031.9019544749
38082.067211203175
38084.48728444211
38096.608973719005
38096.9558465402
38098.425295351066
38119.011745653275
38146.59757636041
38176.28151731619
38195.62985174733
38215.72603243686
38263.860602110864
38264.916247450325
38269.92531959303
38289.29859523317
38303.42183132652
38305.61965197015
38337.5483035889
38359.03254391898
38378.02189625967
38421.98884285363
38424.05396802442
38426.06753163189
38455.154506951796
38455.64714139586
38514.9799989903
38516.38357249605
38527.279047068994
38607.55131308798
38618.01803642453
38671.2006693891
38676.309179313546
38699.34171126698
38703.13097427602
38726.994221221954
38728.545689943494
38736.09760666539
38761.551867350696
38772.69639845776
38791.64009544485
38803.261146254976
38805.71221611806
38823.213816249336
38900.98095348147
38910.49411976139
38921.175358686676
38930.066145004894
38938.06844456595
38965.41824179057
38999.71108380864
39001.16938008711
39028.80489349223
39053.49702362671
39094.844767225055
39128.97977609168
39161.01988955724
39163.81446878975
39177.64345054464
39179.287383647876
39208.82522809191
39262.928678581455
39291.36482534019
39312.072697449585
39335.65432507231
39345.5953905508
39395.08523773719
39401.636031195274
39450.29048620443
39461.164082271694
39493.28847552389
39508.67948383187
39525.71481046596
39526.33383482989
39540.7794365888
39556.55112153666
39592.31180709387
39594.81766554196
39606.88651425393
39623.93852643206
39636.15020442455
39651.06204814315
39655.38899336838
39677.48433593833
39682.47593596298
39683.92978101556
39698.00746959298
39699.58756357418
39732.242173109786
39741.175165783316
39781.224108591094
39781.7793892093
39784.3752697526
39791.517193840155
39827.00062524203
39843.96196781737
39855.7926624404
39864.32987904404
39867.80153105454
39869.277395295525
39869.98539144456
39909.32806039821
39918.921936827755
39962.682216991685
39976.43566611468
40008.94089396844
40010.31825910505
40033.872538557305
40038.577656763424
40045.65415451465
40074.15841195259
40079.00531736225
40103.260540230025
40114.211634572806
40117.148244071366
40122.89451572196
40127.35185737255
40137.115025885876
40149.519297813604
40195.82980735844
40219.67275251918
40234.29995790306
40248.44628583449
40254.603550814856
40309.60544837427
40318.80259642971
40325.98808173881
40397.74478831086
40506.51523062937
40590.29401497159
40593.11127091448
40627.14158333361
40680.35701703531
40684.45365142172
40825.66818213733
41016.244305982706
41333.36259952258
41523.86670782554
41559.83767020259
41783.530331719565
41854.61634471673
42218.29092353194
42309.86401800567
42358.252695000076
42360.95679038046
42374.98560905844
42673.25287639248
42674.775457001466
42707.46593023947
43153.80058344419
43168.29380752088
43252.91431020552
43272.67572578915
43363.82622100423
43447.517830474724
43509.749910716455
43830.917487012375
43878.984912236054
43901.38405869408
43905.58396361547
43991.31004099564
44081.25368836659
44169.78424514097
44204.688110766045
44579.437159569396
44766.21514047511
44786.49598020023
44893.59042048836
44897.63891724686
44987.25590077959
45026.44209526372
45084.13880895359
45156.5186687635
45211.66772492063
45281.83491573699
45304.39695125456
45310.245261304
45312.33220567627
45409.781044251984
45480.723611515314
45527.573660573245
45902.47758216958
45957.1382576758
45987.93100740095
46117.015091169276
46362.98050204384
46366.75669306577
46509.25113946894
46511.90519804753
46563.170104110235
46596.217278972734
46602.43912015553
46606.61598423004
46661.73046759842
46662.09632267862
46712.36531961469
46731.61141464081
46735.47437956491
46753.750109065004
47340.64430614912
47691.254074181685
47891.57306634334
48491.87951489442
48622.33905645519
48635.12309164179
48692.329072469
49209.18688472061
49334.04595143048
49447.63327754176
49483.794488297084
49512.098936860195
49932.02449458415
50261.50362275309
51015.33243165391
51101.96258616348
51200.09935020483
51450.26927194931
51468.06787575107
51566.877971066686
51964.53335281343
52353.23229073293
52451.953835330896
52473.65768786452
52618.680360867664
52677.48109186716
52897.88849761869
53521.76143600338
54298.25300728532
54501.33193165147
54703.76551697785
54786.50687400307
55366.89052985722
55883.703278350615
56613.97382460076
56718.98168961479
56803.95931603175
57449.180321819724
57955.19620931627
58329.82242497181
58517.79569746635
58632.74923492545
58651.3901510747
59337.84498073853
59563.915437151445
59663.48557058591
59968.405666781364
61175.67071364089
61754.93608671301
62049.635431856004
62819.34247011159
62997.712415777474
65268.19215802313
65351.47581820692
65483.01859779802
65562.00552882176
65738.19900427733
65831.96318873094
66314.85600327195
66490.38115225524
66804.50205152667
66809.52953344428
67003.5048955706
67090.75040701448
67138.13105743208
67338.64624558626
67454.1786938548
67799.27573708065
68103.98387460574
68219.57242669075
68235.1761103574
68489.24444975791
68908.90221388641
69449.26172923831
69803.39038829849
70443.16850268099
70460.10681746634
70995.10577737266
71019.69017604695
71239.85707347805
71565.2368326354
71590.10234807919
72028.88494045043
72082.65020137602
72380.2542967427
72435.39682358936
72743.0129169753
72927.86827786735
73049.4748845999
73222.16872310759
73475.50491303646
74042.13259557643
74387.90466557462
75330.29791281742
75504.66113750375
76126.06819327697
76246.47303249738
76682.93426273786
77454.9037827861
77498.78513357704
77543.17060019783
77750.2927775357
78121.70875211633
78319.78669055676
78356.48048471691
78573.80451132538
78606.7888565086
78620.64405344632
78722.8928642994
78725.01822355638
78808.0834670754
78810.70480701327
78827.44286481483
78834.97779570782
78869.57349613808
78875.78886083816
78877.28111820768
78880.9057981736
78882.0340787911
78902.43648870279
78924.83679980908
78927.11857348782
78928.9335038136
78938.79604405405
78978.93565651822
78999.4023261597
79004.67620585227
79070.7439746451
79137.77804853492
79176.25222668952
79180.65808273597
79181.946532329
79242.56558655653
79300.69226328058
79345.00286269853
79356.31288621147
79399.37654961448
79412.98209333525
79427.70126349028
79491.91514428901
79503.06144668088
79530.46776375029
79533.24195671247
79533.45226415936
79534.32427955436
79544.59897043901
79587.02223814816
79593.23613734932
79612.60774434543
79617.2869046693
79638.93062444437
79679.08753492404
79696.98059701889
79742.59491564224
79777.54912960783
79788.51952595974
79790.3113180301
79851.35557692635
79888.76558466062
79897.47431494574
79900.08437269088
79901.93975829412
79952.61837583211
79963.63912152189
79981.82077222175
80011.2311758773
80037.60908714714
80121.60865323892
80158.54670126238
80173.1875067706
80180.81158376524
80197.37238754515
80200.13851456545
80201.94638517105
80206.38468875764
80253.64054435768
80279.15859214825
80282.98578879454
80288.07721489627
80288.12636603642
80305.20966571162
80317.91717403207
80321.94712982792
80379.64227132381
80407.2263991888
80415.15453831501
80417.60756023964
80463.93133009163
80521.49337659281
80583.60226164275
80627.52059209943
80675.88870183649
80689.24638762703
80719.29104599041
80742.98460378285
80761.11480462796
80815.93446688415
80821.78013756748
80827.57384110242
80834.70811403936
80866.20538697798
80907.98661318197
80914.74334424478
80920.50915974358
80955.77722402931
80958.2632847833
80971.5070462015
80983.74485209568
80987.43459587681
81001.96435721625
81003.42696970908
81034.37185311207
81052.15097641863
81055.80518641834
81065.17005705957
81080.57110759208
81081.93995518336
81085.64747872467
81093.53683179858
81096.48634668675
81104.58731721085
81105.20580156248
81107.94999140344
81122.01636744961
81129.03379489802
81130.18027624748
81165.21858666994
81180.73238482834
81188.89233567604
81205.88026163219
81224.99494243215
81229.16034685189
81243.32905119254
81259.94363988575
81259.94812271315
81271.22004030347
81282.25831134658
81299.59858204755
81311.25417597339
81318.48659855305
81321.59685081065
81326.32057109452
81328.90031684235
81347.07291216774
81351.86810499581
81356.71195144436
81364.80652804297
81369.76044959627
81412.78510801306
81445.94815218926
81447.28657401381
81469.41406193779
81482.79968686763
81484.24849241336
81486.01481515587
81500.91497395243
81503.83122525662
81511.20951040142
81527.4771616983
81532.38640804884
81535.20458520741
81535.7704744387
81536.13590800903
81543.06527666659
81550.16448659686
81588.53825004783
81591.75998722765
81598.49911747914
81599.24690345349
81608.2785502184
81621.68825662308
81624.70649446677
81630.91047910936
81644.50295737974
81659.9699268302
81669.30486121755
81702.98803829287
81705.81706985194
81715.6407005747
81741.83791768015
81745.52815659193
81758.74832898572
81758.99959446923
81765.62296946047
81767.89523138027
81777.665211341
81787.73713170366
81796.43748240164
81801.77579404436
81818.10886840761
81826.4820212663
81846.02552230035
81851.2843344372
81853.17083745394
81869.67023318898
81886.89499048087
81891.2962672465
81899.63893091936
81926.47696781323
81943.15685051022
81944.39182205308
81998.73000976877
82001.14757164932
82002.17529424548
82005.03507639412
82008.27037130808
82023.93148154247
82039.90126770837
82040.80481926024
82043.67753055762
82051.15933388505
82052.34369159576
82055.30802466087
82069.66228319045
82104.57202827783
82111.62213910327
82445.28179359906
82895.36842250702
83064.28354412584
83566.82054681607
84275.26140166154
84775.7327177709
84978.37866203854
85684.47473328217
86280.87526223715
86351.83994675371
86539.76238131928
87186.61076111393
87228.28020869796
87636.38130018766
87690.84591247283
87782.45009497704
87948.02343276772
88010.91737358471
88231.98902407843
88557.77609264565
88637.08310659823
89008.66638932678
89177.46453596394
89199.09654588011
89371.96422575325
90176.41372903864
90435.33036852267
90820.18894823753
90941.37137903139
91246.2781974782
91309.82069507957
91622.78200595352
91681.27282227756
91714.42696778663
91862.86946062888
91915.47532503249
92984.9262721664
93128.59897513916
93598.02630003337
93743.83344244161
93801.53589450406
93917.50117019622
94274.71052530654
94295.40304780079
94642.03128462165
94994.09945082798
95203.04497666705
95319.09257540427
95491.81224067786
95511.83470019337
95972.19660548058
96062.34130144844
96140.9566497692
96144.31931124945
96385.79509390838
96708.61712908432
96956.04380681692
97716.89485518396
98399.02609223462
98440.31745827344
98494.71642930375
98628.53607545391
98688.54690603296
98875.61608214004
99064.56044629434
99529.63953535641
100053.99578016048
100475.9760466564
100493.50516843538
100530.3701166117
100701.90287720658
100704.01058882078
101152.09538012705
101163.73612026295
101230.64152292235
101882.45904402813
102065.47099716518
102474.24900443018
103749.42079099816
104089.8481877116
104273.27865835182
104541.11415938886
104659.34454277999
104717.69626396839
104719.41405110044
105875.15150226725
106035.15944089749
106115.10763703291
106340.10385420303
106469.5899313569
106586.28465492472
106666.0451589959
106783.33806410286
106840.15077600317
107012.20926466957
107298.77174303887
107446.20758546273
107689.80756021876
107892.57342293378
108160.32660319179
108237.40809808782
109060.44452358053
109142.44769109772
109279.26703634964
109346.18714106153
109412.59635997417
109434.8228925099
109744.51675089374
109823.75267893772
110384.93393383165
110659.07797388009
110782.49309358922
110841.77386282085
110893.57104866601
111018.86383553322
111048.39244878337
111384.17865479426
111500.76810501907
111659.23471426919
111753.92242008966
112196.11124460904
112646.33710952057
113989.89871060626
114124.76108368486
114396.743625107
114657.69055694982
115710.54282804026
115844.06279263142
115891.24840644059
116136.1830782912
116183.55132512652
116200.20932709385
116331.40415146094
116845.91523010521
117128.56382757422
117473.36768356043
117522.4998031971
117559.30990026287
118023.45981738842
118485.99200542114
118562.17079532279
118652.71201830947
118654.93282228835
118730.56132340385
118873.9607230828
119989.82863202612
120050.08609206283
120096.59223400243
120157.20242249464
120186.68760678767
120200.3885290939
120270.25276669174
120488.1075193357
120781.72906132217
120792.80839880332
120798.18811056521
120802.42201480208
120814.15852827852
120824.62224766336
120824.67529315583
120886.66935895936
120895.3925310235
120937.68092557703
120943.74075470405
120949.62275780518
120955.66165530417
120966.17787086745
120992.33216252585
121013.65602770599
121016.01277434843
121068.78512649558
121070.17017203834
121085.29838554292
121094.54560023092
121109.24009645233
121112.46547034342
121112.74283663029
121116.73341447127
121132.23923221714
121146.7643565353
121162.71902721142
121197.78687636828
121221.40429633658
121224.48314270157
121231.46746407234
121241.86032579646
121323.84637417541
121368.59712026455
121458.83749627866
121482.12627207892
121495.6824263024
121497.62622860988
121509.47543054869
121514.43259673119
121544.14416980848
121569.98434680782
121577.86003792913
121602.36665964965
121626.97605865543
121648.12868995097
121672.00683858087
121679.91104742524
121681.57752920699
121685.18293890453
121731.72036407382
121744.24774638127
121775.45829372437
121812.51913864014
121836.2393493499
121846.97938166824
121867.15015443868
121879.43586125647
122016.02217269738
122033.31597619719
122071.52429892952
122085.33472190643
122141.32116606258
122173.84324128195
122193.73685701181
122210.01071211588
122219.74111009549
122234.86659931237
122241.20862782291
122277.99809421584
122282.29704076528
122320.26976165953
122376.18873799944
122391.26679308338
122440.59179490316
122442.62208185883
122464.43833064135
122472.5778901526
122500.13343982573
122520.65557264216
122524.56244765452
122570.1802418115
122586.78637916551
122594.43191613903
122640.2442718779
122648.46833042243
122654.1230232958
122687.93954869366
122689.07251042163
122698.52113109239
122700.72684122328
122723.07581193323
122741.71817440091
122782.37485280033
122784.41999829652
122795.12279373444
122801.63429701707
122847.2098267587
122885.2107135304
122886.67570371728
122915.65103944774
122916.93078586462
122935.25106277483
122957.1189594017
122964.58014962502
122968.95371705634
122989.03765737667
122989.44807588962
122997.19217328301
123014.11815785883
123036.00204520542
123079.73982141874
123080.62337008129
123092.8478237596
123145.56050666125
123155.92342366632
123161.26043747526
123166.05022487885
123201.19330025002
123222.9490335213
123286.46108123421
123288.52566596326
123290.92797424272
123330.05398285155
123337.52318701171
123355.07866723204
123382.68798280577
123384.15050938205
123401.60252922584
123413.77815323052
123419.13048257983
123448.62199794436
123473.32991740179
123499.19624982543
123511.08669254035
123540.3665891517
123574.86363575241
123575.12989753952
123629.01283345434
123639.22549085735
123699.96569646933
123713.21220708187
123753.01675151083
123762.2206397804
123787.8049070283
123812.25433456371
123817.49110564216
123842.24117973016
123842.40321636191
123868.21651756718
123880.63609523876
123885.18145288111
123913.88825570655
123929.7871274534
123967.72619931695
123991.28452290827
123998.55243515255
124021.14147276021
124027.06629047266
124052.78436928475
124056.00321925433
124058.56497038502
124064.7545178557
124094.55281528848
124123.10546823907
124139.14356279062
124143.09909771726
124164.77227142904
124183.24299145679
124197.62639739536
124209.58928929397
124211.58477346112
124258.29354917284
124274.71012374974
124291.04226593979
124320.29268919333
124340.22885520055
124357.40298935577
124363.75297343801
124407.8478406448
124417.91426818291
124431.60801711843
124442.25175272982
124457.98640098362
124466.12943838618
124467.70361601817
124491.95929588028
124495.9326092377
124507.41896077726
124522.62318684689
124541.1508167302
124541.77601300742
124561.88718877276
124569.45156926409
124576.01468632807
124588.29216420627
124604.67374500437
124655.50122209346
124657.58222768368
124668.15576678418
124670.74738971566
124672.97958888102
124686.72207912276
124687.63177369337
124700.55079132579
124711.90326746431
124716.23777368432
124742.49590786124
124800.14150177906
124804.15251691212
124840.05745291906
124862.123260671
124893.19346102848
124908.49431030912
124916.61571318298
124946.6373855375
124949.27560195306
124951.94934787022
124978.31175701534
124980.07172330373
124980.37919058217
125018.79527298885
125019.0484924794
125019.14038183486
125028.84797590744
125030.45838131418
125038.22770183276
125084.75046833852
125170.3726963687
125176.49141992448
125202.72604851077
125275.06192204327
125287.29554154079
125289.81010164003
125348.56220582797
125360.06173610341
125382.8292685101
125426.6822929981
125428.45833436126
125452.25323056833
125454.26010306663
125469.6602516178
125476.4470852839
125477.21180633834
125490.21842994288
125505.0461453067
125505.56079170367
125540.47325670235
125563.2545319858
125566.48001107876
125577.94684153338
125581.4422142281
125592.46128407311
125617.75656263741
125618.81953902027
125642.82191701909
125671.5250674344
125674.77639264279
125677.25880072905
125679.6327415665
125702.3906314774
125742.79517568022
125751.4240096567
125757.89932184356
125778.14587886943
125795.17393983444
125797.89753228522
125818.27559114182
125853.05477537133
125865.08656568073
125894.35670124112
125922.81415162282
125927.07897962804
125934.81441052229
125951.33039405587
125954.19041501495
125973.61818520614
125982.32797865725
125985.88085153347
126007.70972286075
126039.62692903026
126041.39829606234
126043.53869846617
126048.7169221894
126059.65678082875
126077.7404482193
126100.7100063964
126101.28827562577
126113.61048384177
126125.61260053283
126158.2539064454
126165.7890341192
126183.02363927217
126223.16363223965
126227.03880764161
126231.72690566018
126250.02080054916
126258.30317511127
126265.49197240712
126266.42291200589
126279.50326324829
126288.52649677897
126299.91905528923
126314.09679438855
126314.6211950706
126315.97292920687
126337.1768341153
126360.70332112779
126364.94623337575
126368.46067771994
126378.16284332733
126387.93025835553
126409.38262014667
126452.10308339931
126461.89403159014
126473.00996058612
126558.29870811934
126569.02332247622
126593.27299182794
126610.67832236047
126658.61199929676
126672.49248875424
126675.88266341976
126753.83370228297
126767.01749691498
126947.50689283799
126968.39289141705
127175.8304735425
127219.4354594613
127310.72216703962
127317.07583109936
127572.54260625297
127659.6693293949
127669.42266407887
127852.12670690301
127861.52061858893
127887.3996653365
128241.09876315066
128511.83450014259
128597.25013237877
128773.08865843764
128775.16703098873
128905.16771448951
128918.19381946392
128941.46367839392
129002.86126669351
129173.78370681785
129229.68177601419
129488.94898418292
129499.07594771613
129568.54006149352
129575.60996992889
129665.96551557363
129791.80331064433
130135.11645326327
130336.7912789552
130440.00973929797
130688.73925026707
130712.78825596023
131132.95894718647
131137.79253183625
131206.94698319968
131227.64216073474
131251.86892526547
131269.45593283058
131273.34557938052
131331.25830430406
131417.26313512074
131422.4115110282
131465.4784138506
131466.77629188492
131485.35051435683
131499.5206485364
131669.39937374665
131755.75704655654
131867.2175546434
131872.0654869161
131888.3021157247
131903.1874375717
131938.19762050128
131938.3969889564
131949.1863731888
131971.92802714155
132030.33794740096
132135.47388524387
132260.60471679183
132265.06061766203
132268.70800120806
132362.8253016005
132406.64799845128
132422.62857146803
132567.15879588627
132578.9947016182
132597.70391228085
132741.32345101621
132748.57494370136
132785.1907709297
132797.42926552618
132818.08154231682
132864.33282030965
132963.8152828174
133045.4453775534
133172.46810615965
133174.5890851299
133397.50723483114
133462.13097261987
135109.22462322988
135863.6599737461
135995.15598988542
136681.80330655735
136745.91735412713
137490.50669990992
137622.22514690144
137815.69805235422
138134.42858424844
138253.8428969095
138387.4523478504
138469.96018804063
138671.71816994261
138903.0311741539
139331.23012202448
139567.92495287213
140445.874465026
140569.96829927072
140857.2439307762
141060.85663460934
142870.7229361788
143124.52480944322
143311.52669853446
143558.75509826347
143620.1226541947
143723.89282337358
144052.75262788663
144529.45135668997
145228.48472539592
145358.89228193046
146334.62857083802
146350.23704608929
146450.25806739612
146813.44357974577
147391.65495819022
148032.2307499676
148041.5244034207
148655.61154349774
148676.84605655365
148960.20212106354
149032.0481112585
149295.0081587347
149446.84135645826
150100.3321164821
150287.9977815053
150400.9682233034
150454.25384247646
151075.92628001462
151689.04645989623
151864.1360468479
152673.25601639756
153151.23256798834
153200.44012023698
153311.55612406947
153582.74153494707
154524.2516069178
154748.96343292482
154824.63133384276
155181.12930005667
155336.21760086788
156333.17956696573
156365.60352189554
157032.0285531202
157167.40079634893
157593.28473851422
157696.258509847
157794.76287524845
159033.67529724335
159267.59244808753
159364.9815753128
159422.40380197493
159447.6230714891
159447.75621851953
159748.25029030396
159799.75620064745
159855.3102563236
159922.55712484068
160215.5016007424
160286.44876795448
160291.49809819076
160594.88630885552
160901.61437805998
161291.37002282575
161601.15190232178
162163.87671433616
162235.5432592813
162614.06881852564
162717.15784882903
163314.6119210677
163467.23998547468
163473.0115081642
163566.1976397178
163753.50968154008
163821.69794075878
164082.5407330594
164125.13937522267
164444.57293601386
164606.94592104823
164862.32379680657
164988.65740578956
165001.32338410369
165014.15606278297
165021.7987767498
165044.65549141527
165050.92361316836
165058.79632563208
165147.3511338446
165155.9012055303
165177.73468888257
165199.83643117623
165210.8553007968
165220.66535838935
165230.50625587723
165238.90537176392
165284.21905569805
165312.9569031177
165317.69264275377
165331.15778132793
165355.3437234277
165401.96227521688
165434.67449432265
165452.61796169728
165455.70964200707
165528.1931536765
165530.8292465183
165558.40863764376
165563.40502407186
165585.10223942605
165631.73055865767
165632.1057420692
165633.54631655983
165680.00390937296
165708.1887452789
165715.67383876716
165728.93678117276
165734.2746535919
165735.4847220371
165746.86041048815
165751.6336837213
165783.4349693646
165814.0541400197
165816.7316436941
165823.39407970675
165843.65938615074
165852.5289631593
165862.16649389954
165862.41572275845
165863.1687225327
165886.63986188045
165895.15893226862
165914.84774006647
165920.69565496698
165924.3639445826
165935.46911293734
165949.30814544624
165960.29110964955
165970.94657422014
165987.47282673186
165998.3653715832
166056.64020526363
166065.72455892165
166085.7244327137
166104.18390399974
166112.4780699103
166125.87177368224
166175.51185543332
166205.51367935888
166212.82019519576
166224.06164619222
166230.80932152574
166258.1182163325
166271.72319181377
166295.90816553356
166297.3775756809
166301.40115689312
166301.95137262053
166338.20617695665
166347.89910513585
166351.4244406065
166360.69997179642
166372.48513165425
166383.30132104497
166399.7224394228
166468.63070646307
166488.72170009377
166503.17960585165
166503.68849418566
166507.83650010082
166524.0369643491
166528.29277013114
166569.37575423293
166646.319755759
166660.13688259354
166669.4947118502
166683.7092767763
166696.98109719384
166720.48820071178
166722.8625546893
166750.61999583466
166763.1570269463
166764.6980623926
166775.66855392396
166777.311354015
166810.9173995214
166811.0334741781
166821.76920349878
166823.63512455847
166868.01141300262
166882.48033264035
166940.69187004794
166943.44391703623
166943.68606339273
166999.39371566835
167003.62885163157
167036.85488102172
167106.6882951705
167114.19958820782
167166.1117219755
167201.96390308707
167212.8564897027
167217.33736320754
167240.51538663238
167241.5238375248
167255.42182573318
167267.97442492377
167282.23636034172
167286.19211782544
167308.31524820416
167308.87747681135
167352.8955520326
167353.27015376795
167370.997115732
167387.6928898871
167396.7042697045
167419.26327443018
167443.5151306333
167446.7009051731
167457.38318208413
167459.79965731595
167474.31988549177
167485.3884137018
167486.8348426015
167496.9647868492
167499.61635016248
167506.71961295017
167512.85252746422
167513.5359891929
167525.7576595043
167538.85386778327
167539.61090306757
167563.86486237074
167564.3820690574
167565.2348529111
167567.02909314516
167577.56056947768
167598.64688725327
167604.48206943268
167619.74189681286
167629.81820325792
167633.48488047824
167645.49371710303
167653.057733479
167683.52487667056
167688.63980318885
167690.72369686782
167700.21072814797
167716.32936809357
167737.07436676504
167740.60860890057
167747.90569790738
167749.62165089793
167751.81732001546
167755.29039568803
167755.96529040707
167757.4554032118
167772.10150178155
167792.40546586993
167806.95532614982
167827.20136035394
167848.9688054172
167855.22997780112
167896.4802076274
167912.15277481498
167930.12303968315
167935.50944494107
167937.34457568068
167941.73475766543
167942.04789629346
167945.4142526997
167946.0990735601
167975.88538356783
167985.07291671692
167991.97690209636
167992.62953773118
167994.66367164883
168002.2250487823
168005.34855917713
168045.11846159695
168048.08518379641
168049.13027281378
168068.54454379552
168102.4647451961
168104.1377923244
168104.71463527053
168111.4930104243
168116.34709788428
168122.76060142618
168128.40340569452
168181.29071471834
168189.3962751639
168207.66003786266
168207.8137363671
168229.7331003428
168236.73656841007
168236.75387182212
168244.0783507538
168244.6846409956
168248.1601840193
168254.6657012707
168273.15228378546
168284.23185604886
168292.15710390796
168304.15186350327
168309.23172764387
168321.59109576972
168321.91761791758
168324.77508875972
168326.99773412856
168331.38493962854
168331.80387867492
168337.44765549296
168339.03200797038
168343.06792671274
168356.45822864585
168358.99012957147
168360.90234971605
168364.10499281308
168389.5145800719
168396.68085094285
168410.95399435004
168414.9630360937
168417.206954118
168431.777294537
168437.60819505723
168444.35149680066
168446.43527136865
168446.6794132761
168448.44637510343
168474.43112044645
168720.2793867666
168943.4025601931
169499.49587847522
169827.39932375718
169828.98811159364
170053.71767991793
170367.04818048302
170844.74659249303
170882.89643582283
171023.51110118913
171229.65782826027
171277.75844476512
171313.64471248677
171523.23388505078
171672.3303410937
171775.5570924778
171903.33069700893
172185.26749770442
172761.6377722823
172924.15922160822
173174.45089463596
173648.01533478725
173731.61689385076
173884.12304964094
174193.05476161087
174276.6485356298
174357.78919713607
175198.9161959487
175241.90820609525
175272.3077587917
175295.6579215207
175439.1304850182
176176.611648033
176414.03815905083
176904.7056760339
177126.27280041657
177344.98317594416
177709.25760724142
177819.53853530978
178720.31729770204
178865.43013570018
178936.95104740188
178978.50592937975
179216.5348718628
179240.2150314441
179246.65940363242
179490.02967846443
179680.59701670337
179735.14749965013
180383.06860293195
180752.73775724377
180834.06281962112
180897.13806823187
181154.6666501945
181545.41625938125
181568.85786362636
181634.40061644622
181652.1171475201
182065.1471981958
182112.69271353126
183047.96629685507
183134.87886322316
183599.473787153
183701.03012784818
183975.4492968611
184335.5042716775
184470.26014577496
184565.9783716398
185004.78456811066
185337.4429973628
185436.86103349208
185557.33435748596
185967.07803408382
186470.12003784996
186541.1135717785
186901.4436630184
187180.59209502715
187590.03696941736
187762.5414914528
188046.80940240665
188363.94444156432
188801.26848172824
189283.22049534108
189366.53809936586
189832.88394315288
190188.5200584549
190193.19507834536
190283.9688098847
190399.19652779945
190462.4424438979
190857.5165186935
190934.26959738994
190989.90278029884
191388.78976907727
191398.9743952222
191566.10591619075
191704.31643153055
191804.50818543785
191993.5856752683
192132.3982254619
192978.55548459783
193002.53252079285
194776.9118904917
195063.07925548078
195186.68044919212
196110.04121498016
196211.1118144069
196611.3296760182
196618.577465928
196920.3653831915
196967.69712041802
197310.7246030042
197545.64615423672
197630.8615255526
197719.17346850364
197727.21599607784
198138.13665013658
198139.69882348002
198197.7650901252
198426.36703847098
198500.644567831
198628.5981499943
198632.28353196426
198664.40566004277
198772.71633769755
198833.63432289846
198919.83354440719
199120.94111003846
199846.50479633012
200292.52412601997
200300.29493871218
200675.58164929552
201693.47737342954
201916.51907888774
202458.00544765615
202481.31562664852
202669.62137732128
202727.64555992658
202797.68772750167
203031.26780214245
203115.3079573224
203158.73419304664
203305.5717307866
203372.84602110085
203487.12450597237
203728.2856138634
203891.07652776164
204032.00407542154
204110.06809967867
204188.07515719024
204385.8754481215
205243.86019097644
205524.87550164256
205757.3178409508
205863.7066824729
205931.56904185185
205972.31936526837
205985.92099798282
206132.5651966455
206348.33313372906
206519.06903991546
206529.65398705163
206552.45705628805
206831.02873376326
206856.7170134266
206990.70448075398
207235.02916466998
207243.03819194747
207261.73418983305
207280.5481211319
207309.91805155488
207310.17513817552
207318.28286447315
207323.9053017491
207347.34621564415
207351.15676602555
207351.39213030197
207375.7565202319
207377.02358776177
207383.84535728255
207387.09481650882
207446.40859978687
207446.4113935795
207468.6830380288
207521.95757661166
207588.4839652062
207664.90607911302
207691.73969083832
207707.96940396278
207722.18283675876
207749.24363885418
207753.2974221359
207763.14229435808
207790.30397538186
207811.5984768262
207819.3279956113
207839.43312110932
207864.0765463701
207866.44862299255
207894.5622847044
207936.65348670978
207937.15102841076
208007.7346527539
208012.46241523162
208039.97738054546
208083.4450581773
208099.82914184825
208107.9921838051
208124.52139244362
208149.8853869965
208151.86184789066
208231.96864306234
208269.28333534347
208288.03439265324
208327.79364223452
208397.76385625193
208415.6021025136
208429.554120715
208443.24145765236
208460.11335539998
208460.80906809503
208472.27969802462
208487.72277164407
208530.7598611375
208549.90704151327
208553.77516081047
208554.08002059726
208568.59103603056
208569.68385557007
208577.29838511013
208642.75814546482
208660.94514567623
208661.19793938322
208663.38119021157
208670.81121676962
208705.09682852484
208730.59148145147
208743.38712819706
208764.56767471833
208772.6117548858
208795.72189967148
208814.3112286821
208836.3835674303
208845.51818941243
208869.2019177654
208877.04055385146
208909.5886265902
208922.16680099195
208953.3342259973
208973.4913697582
209000.93240310927
209034.73752863705
209060.8667113221
209070.41515651808
209075.6445167265
209090.669536017
209131.20658980313
209157.2759550005
209177.4982829704
209187.3908081006
209199.83839653002
209218.461087257
209232.2313675483
209235.35982937776
209281.09890225576
209330.5562745449
209332.30042682623
209383.97761852387
209395.7500713956
209433.8811845546
209437.5188017292
209466.17815615135
209475.96710924958
209529.58743548256
209546.11454796474
209579.7260989461
209584.0886516102
209641.83532776503
209643.6560983348
209662.40946315078
209678.3587210885
209691.4311390942
209704.91207928723
209739.97795981486
209744.84703328816
209760.4223997752
209783.3871417244
209795.64429639804
209799.5784203875
209811.96525038398
209833.8340166653
209841.55078261349
209874.92884779553
209892.2326049225
209901.94055055294
209903.28902766109
209936.15008502782
209946.38224807876
209947.65793833358
209951.91467659292
209957.47383303405
209975.43150782085
209990.47820507048
210034.18626710927
210038.45587783828
210080.91858329892
210083.9965945694
210174.5583549325
210181.08595147385
210190.99226727965
210206.70687337447
210215.71102065066
210247.97382852592
210250.73181053897
210310.4323421278
210329.3430198379
210339.7823912687
210341.13050229987
210354.5306562112
210400.53184138043
210413.96062843443
210415.33280077204
210451.67914143772
210461.1131339301
210483.59971487068
210520.12903179246
210534.83800946298
210574.01575984037
210578.6672604959
210613.44542205974
210627.11841838187
210655.2342834657
210687.04312492843
210743.94657358387
210780.31813047093
210782.25843791204
210793.37595558396
210796.83132059057
210797.33462986577
210808.56434519464
210819.6925134613
210830.43717187073
210858.4629136171
210918.0937819928
210921.07023507002
210927.5038530024
210929.41694677906
210932.8582251343
210997.60329120798
211100.60008338848
211116.61670963926
211192.00159809337
211196.2692752306
211203.83395250095
211216.27723764215
211227.17707949813
211233.72554329247
211245.72795467413
211249.12651089724
211288.41995536338
211313.64491700914
211352.54095493827
211355.46680950627
211384.79833020153
211388.5555297389
211408.06054527592
211418.2282707687
211451.37225983158
211468.1138858001
211478.1457481205
211507.00175546762
211523.29914493303
211526.00942341314
211559.72550160205
211568.00654501555
211579.7842903896
211583.07619483708
211600.51535182964
211600.7183646026
211613.92574478686
211615.42075208062
211634.92479334556
211675.14320825686
211708.99059400053
211726.91861250627
211749.06988069386
211770.9629148796
211777.79352790426
211784.52242492966
211785.37818824852
211803.5459997743
211826.8213929356
211894.0602917301
211896.26553751674
211917.46968873113
211938.82900450018
211946.96855649282
211996.24751416448
211998.7016714015
212021.33693959078
212045.29739873824
212054.90229815952
212062.7998222108
212070.32899253766
212123.16664893864
212152.22976144624
212165.13299521746
212196.36459587968
212206.43225496658
212214.65649604716
212224.46637952048
212233.86379735253
212249.9457627273
212295.4188757803
212302.0992555254
212302.414031005
212325.27629301153
212336.12107294868
212366.79228784423
212375.26760136432
212381.11684936238
212391.8040210169
212394.47492250806
212409.74030061933
212457.90336597915
212486.48124568816
212509.70578533108
212531.73115303958
212565.80606662369
212591.04726792785
212614.75120459902
212643.24187340259
212672.2724777208
212739.61371587665
212742.89351532055
212754.80950383484
212779.18457153632
212825.68892046856
212829.828417542
212834.44356978274
212876.91508633157
212944.91933740396
212964.16874545687
212999.09450081148
213007.54683672765
213029.85008524358
213037.63876347733
213037.94129986735
213044.50014264672
213045.48922495067
213068.1291678307
213071.06357437925
213075.56097244937
213092.5282653684
213092.63773258316
213100.32122960401
213116.40611671517
213167.23952569207
213170.69365973573
213180.24378025398
213267.8906120574
213364.30281958904
213410.7039699606
213867.570998471
214075.30966752497
214196.63197301477
214375.20538598014
214540.91097845673
214575.86188632713
214708.04162182446
215086.1909362005
215611.99472682213
215697.99995322712
215743.37563714123
216103.7845801948
216576.98638834752
216637.07200690225
216788.21155931064
216910.53721717562
217050.35717624205
217085.78035374248
217107.33702340088
217246.5383221544
217456.1431454333
217584.1706086073
217590.87111269074
217607.32819800076
217781.91466901277
217844.30504182115
217976.37181832182
218007.35230686315
218033.8535206819
218047.03814909677
218107.17321691997
218155.83235502214
218158.33536887035
218164.43896041348
218211.17653609876
218226.58987814505
218337.5277110539
218355.37130640793
218431.4244182363
218491.89829774023
218495.3412473384
218497.25232333216
218513.95994590162
218538.99006392545
218651.4604187992
218727.62546901856
218741.4821767978
218750.14915624127
218797.2565067251
218823.27015063568
218823.7543873226
218836.6469854424
218912.61970205166
218921.8576481318
218929.35041641397
218944.04104752766
218953.48879212321
218962.24959167588
218999.34851277142
219002.0785808197
219005.80037944447
219090.04272795405
219221.5602256676
219226.36373203652
219228.08120917773
219268.78139032534
219286.8523266305
219298.0782322026
219499.27157559316
219514.40457715234
219605.25973192352
219967.82992049702
220180.9656177052
220355.87410801562
221216.50098399958
221314.84811218496
221315.60908728064
221416.833125972
221838.35526007332
222116.66284489387
222117.6412731161
222324.61200773952
222630.70053693603
222938.9050270393
223098.6024308611
223114.48813695906
223869.81864313196
224043.66947846493
224604.9041878347
224674.83701493655
225009.39577363676
225423.10529568672
225496.5775411171
226405.0876082709
227252.7688972737
227653.38720811176
227846.8759508238
228275.69703436422
228710.45798867353
229415.56105157034
229569.88310941245
229736.4333917379
230097.63419668787
230154.8349404973
230335.16139474258
230544.84031741688
230660.45982030482
230923.74967077517
231215.74039386061
231277.2382046599
231423.5621923118
231471.25496986814
231510.3507455593
231900.44054021576
231903.5749519167
231959.29090416155
232671.0231225121
232771.18039473373
232775.6320455151
232791.60310939146
232971.91803086462
233372.6735318605
233504.58820363777
233739.88108212015
233906.31589329118
234186.63344640096
234366.51055574743
234614.02256954843
234964.9060794873
235552.53512212215
236795.89678414527
237374.16396763685
237772.0413722151
238059.092018209
238074.11511924255
238372.71261712362
238602.312103435
238762.1829998585
238792.18792234527
238853.115869241
239197.67609722493
239543.03566651559
239624.89583137893
240527.61773508124
240936.74689189298
240955.98631934987
240998.21748943682
241451.14604260813
242119.86215405224
242177.96129140572
242552.89146925957
242836.00591673653
243224.83380834118
243661.0863730471
243836.51442476548
243867.6277041855
244027.75707028477
244349.13542873494
244617.7743465951
244686.97715756978
244704.80535197142
244716.9328625066
245107.35309022627
245288.20227270946
245438.31449431638
246143.35434079688
247298.4869446061
247417.4393314101
247504.809859031
247583.5922897225
247686.17055864463
247932.46112629568
248095.28287537914
248214.65765292323
248362.55828750078
248522.4776391785
248958.30261497595
249070.88459622697
249171.91217940737
249377.28395886638
249399.0726513002
250144.07465524098
250427.21251264252
250498.9606496218
250700.40418984095
251086.55986708676
251265.10526346415
251267.27166042698
251291.72635207174
251319.39541999507
251339.74483532517
251367.66090600888
251371.41223898082
251378.1037265084
251404.6698475734
251422.77985646657
251431.39661913068
251455.3510379993
251471.24153756973
251474.15167830448
251569.82054555445
251597.69747187453
251612.30249743885
251621.47111453925
251626.23798346307
251722.55813006585
251733.23522936265
251748.95695673086
251749.1149538909
251804.1338883555
251819.54497638112
251879.10166857956
251940.00343366896
251940.20863626897
251958.69209721073
251970.087701795
252041.6133772066
252043.0069596765
252048.26203885075
252069.76058051776
252176.2335123574
252186.8368936556
252191.59578135854
252207.6667343486
252273.19571236213
252277.67585566267
252287.82101302219
252321.31516580528
252321.39397555962
252332.22702967157
252338.36824341753
252381.02858733124
252383.43674788356
252390.23759386688
252391.96035259851
252403.06508209923
252411.70372706844
252446.21094245854
252447.37316044536
252474.0510343996
252512.2111351649
252522.74705902545
252524.70617636718
252525.8700845344
252540.70505006803
252542.2319353366
252546.35262073824
252576.16028410656
252595.56867437958
252597.81657960813
252604.1050088467
252610.70090895804
252647.95848499177
252656.81470832299
252663.76699723382
252686.76584913785
252689.98477179505
252699.6299197175
252705.75289099547
252725.86531893257
252824.03268395163
252850.01987525867
252855.3763575267
252862.20482439725
252892.47583371136
252910.32024330134
252910.5281012156
252919.39116578025
252926.28424820997
252936.1838050406
252943.36119721108
252970.81001748674
252980.73886789882
253014.0985277968
253033.89685978869
253034.52574057196
253039.73926110478
253044.38599559723
253050.6646074354
253051.8039641427
253069.88579363684
253087.0157813137
253095.85188321932
253096.34747535601
253125.62926693627
253140.33766515035
253157.03046362865
253222.93565765873
253235.16796438766
253264.82629767334
253275.5199180157
253288.23078678228
253299.22557342728
253317.52693651072
253318.9683345586
253331.69866513473
253370.6385548566
253388.77188968018
253411.02965953443
253451.36820117536
253531.01360740548
253553.66989200364
253561.88782136998
253573.6227549244
253588.71272489987
253602.47275637125
253614.66804416134
253629.90143269912
253639.28394323488
253639.54872065858
253641.25305146532
253650.30334249866
253652.85830502314
253673.70414514423
253679.3442840848
253693.55916998134
253708.39248736278
253734.86397457798
253739.83579479344
253741.9997248664
253759.60770494503
253771.64782454364
253791.40852989326
253794.10587763824
253813.897459045
253822.3586158757
253830.30273732875
253834.9459981157
253835.17778091552
253841.68414117215
253842.6202698956
253850.17352498975
253861.34903919173
253863.4151304802
253868.8388324061
253874.9496525111
253881.2383328797
253887.13439010255
253889.79586822752
253910.575700132
253911.80268705427
253915.37494314963
253918.7618240621
253928.9274391321
253962.32203833963
253969.86811889024
253997.35343255466
254002.53483829583
254005.01163403306
254005.5293725765
254019.1562583411
254023.83483494475
254025.87323519384
254035.83527151923
254045.46899701867
254054.77737217792
254054.99101112527
254070.5738545849
254078.47195199676
254080.8716299506
254107.53408537473
254123.9587726832
254127.42832761997
254135.2074388797
254162.65896651978
254165.0585471823
254170.3593494735
254174.65174761723
254176.36262883968
254191.6251628847
254214.9607663155
254227.5532914914
254238.02234274236
254245.4938359801
254246.9113566623
254259.67529037473
254272.9052773954
254276.60287957045
254306.98968780666
254318.10327687924
254322.934798243
254329.27697482274
254332.5266565254
254333.65129445665
254341.13906285644
254357.5645134964
254360.09446002397
254368.4366175005
254369.63684007648
254374.99665164974
254375.48832113092
254381.95208695356
254395.80621339008
254430.4147768644
254431.4248130766
254433.82265964578
254438.97199745843
254439.91933616274
254443.81488118385
254447.0394321563
254475.72282831173
254479.19434276718
254490.81941943004
254495.5585871624
254502.96007753012
254513.72610057244
254515.52551369614
254530.55647164286
254530.71315502035
254547.00879336317
254556.66556763143
254567.5910148099
254577.5181235583
254583.7238961123
254630.9641708016
254632.095667595
254639.27292928257
254657.2400984404
254660.74984402183
254672.03168662864
254682.02605486856
254682.38918611652
254685.96966593456
254698.06043861347
254702.15531424232
254711.69380201987
254721.51006388638
254749.1809872322
254749.47334930615
254750.4943758456
254751.2247985478
254760.00251246642
254774.5697366227
254779.0492806789
254780.9918002438
254782.73742702688
254823.8575507498
254827.1060260197
254860.39741670614
254863.6171161047
254866.55759993376
254878.87763902344
254974.64225807734
255405.79384921363
255480.21871569587
256834.31923842162
257140.50073676708
257305.3218247521
257347.13682190137
257639.0931108775
257878.12978950934
