79.14865789036898
190.6437290020238
200.9606629379452
399.6830709289549
508.8024977842419
515.1185834512708
530.7151169809005
599.9086666999967
754.715359674537
947.2626073800328
1161.1822188643182
1217.9868363548296
1277.109643470457
1328.4181176136906
1330.7635461169434
1426.1997749439424
1454.3409847835974
1753.759534554061
1934.5686249502915
1953.4138372473913
2067.508174265201
2161.974096771097
2193.878174253512
2265.223778479325
2772.009684500255
2780.6590697310157
2908.2137881172043
2920.658101614577
2985.722389628512
3083.9075205260247
3185.85045329225
3246.7374717803614
3400.069002054999
3644.5834567400984
3648.1905751406603
3762.427049626341
3815.924178128856
3825.5645587111753
3904.740656228936
4005.630217132238
4046.356644167554
4062.347831801195
4086.0861794988773
4145.889377822664
4156.255986139444
4190.784107650453
4207.539505100565
4379.86586275176
4550.447756117656
4935.450293870533
4940.687547372302
5328.459663626097
5373.151771352366
5417.470328492583
5441.78571925642
5457.903359240547
5522.716635812124
5584.116049024861
5635.302460207394
5661.788119575297
5744.140498632824
5815.687700927852
6086.933956078478
6119.544796689043
6129.587549331201
6176.705029161556
6365.945280151426
6452.047387094834
6502.238015178963
6507.576823305102
6651.3113939111045
6652.218246437521
7054.08525470843
7077.009745613095
7085.572729408995
7108.943711541311
7109.363848876658
7235.79741139421
7311.76747016429
7320.88349224521
7373.0817526342225
7400.309667345516
7481.907722907067
7656.445991326892
7673.5007140005255
7685.353881214492
7836.239308977167
7907.862858659421
8035.838599231337
8052.967377693614
8212.359831933869
8264.296303581183
8356.58691932872
8376.630298945394
8388.721720472875
8511.212602665515
8567.992544421559
8572.568851242051
8585.710604972575
8595.19081830125
8696.142816091313
9164.735099507623
9208.06431923893
9240.281732925043
9335.036740678433
9443.57947167435
9710.06951620715
9751.122104091835
9829.778097998249
9939.060238520346
9971.1803629381
10035.780192619264
10120.09619404094
10165.202427194821
10330.764206529426
10355.917898298163
10662.515289852448
12208.254008166232
12702.334288717884
13181.241517747872
14205.375593753455
15477.294757634596
15693.582599570876
15721.079254753828
15797.258884922418
15812.145815784856
15814.057694880174
15816.823486892881
15849.327161785945
15867.418020556332
15927.513365181778
16046.99209228089
16051.953738460268
16184.434256647692
16252.386057796197
16352.447452640097
16370.332118366903
16404.905421248484
16418.60902035885
16450.755850595404
16457.445042692234
16495.525575202544
16554.832586942754
16632.98299212841
16642.34494603592
16650.535500159313
16664.091855715353
16679.800543936195
16691.559458969918
16710.026012224003
16734.838413303685
16747.111878043786
16757.090273940237
16791.764513372957
16822.527114098677
16860.68156466005
16874.92440515654
16908.997146317448
16989.224001315735
17003.60199983064
17067.63578056311
17131.964284160284
17137.11797962531
17144.848809781593
17152.883793026303
17188.893678125118
17195.97320555338
17259.629681017763
17300.505401413673
17305.837551675122
17355.034891184016
17363.207239331565
17364.379511279276
17364.808112701587
17377.694191131446
17394.3514695804
17405.95671228695
17428.647893958096
17440.843224095097
17464.283601347037
17534.024852263807
17607.84661519156
17641.56849522219
17654.48563274028
17741.883317765834
17755.159377632444
17777.18904693064
17781.13909253212
17818.74166302816
17850.014792360576
17886.86442126743
17933.142136975675
17935.36899954431
17964.72652787105
17966.9720427387
17981.809553731102
18070.77078536722
18107.977127305203
18127.140941651633
18160.778694713812
18181.626751939202
18500.938399345418
18748.742322125316
18908.135920121767
18951.698482517106
20076.662087372217
20369.746619128528
21233.075656610577
21337.123186518766
21397.495278767638
21487.299895096967
21688.801844349335
21906.975057525397
23300.09160254072
23857.653928086555
24029.73339998224
25252.147660966617
26415.15731835508
28808.818512862174
28869.468502864256
29860.013697621678
30853.021965276057
31432.67816979536
32063.04460310791
32947.906262386176
33042.59788663177
34720.601847618986
35737.89186174411
36373.444208295456
37121.25925623417
37199.54902995501
37249.32403073529
37310.14741767518
37373.61913481516
37460.31348631939
37647.789439790875
37689.543293119394
37784.58776041561
37790.67787600974
37816.03610050376
38019.108460785654
38033.17877253605
38114.181889243075
38409.824403311344
38420.992615376
38464.7834854093
38518.16159992819
38582.37023988154
38749.39943219073
38752.496273287295
38863.435844894644
38903.41231351662
38995.320140646974
38997.21842825486
39159.593051331845
39184.17439106219
39184.32018581758
39229.63966216751
39384.64170744492
39397.71634404741
39436.29176838379
39453.85776294905
39491.10629755297
39575.230646633485
39578.78176886077
39583.75543829719
39648.87572984415
39721.08245516451
39737.64061142317
39969.72036863742
40018.819820462246
40194.842423157905
40355.50421291412
40371.808793845434
40373.59078199555
40425.2650997353
40468.57002123877
40508.684154536364
40614.37409285193
40758.82187201395
41032.158497070865
41131.64902307131
41153.39431925929
41190.62300360026
41335.7028030659
41340.44588068188
41450.301367250075
41507.04513386126
41648.58976798126
41791.640555896185
41808.9347734306
41914.66304623777
41932.52793877526
41979.014278324925
42007.83842929207
42039.045375443005
42060.46852052083
42123.22005393143
42166.10789493969
42189.04283144001
42257.163189370796
42364.6953646415
42388.40887986488
42653.755327106584
42773.519876080194
42925.04526819719
42959.952728886696
42970.96082105251
42997.553221586066
43055.4619770567
43109.18523416064
43257.27432370532
43283.423547242244
43287.11067916685
43426.87390686774
43559.06265599881
43692.56438162461
43723.44442267719
43855.04508973506
43876.1488884285
43942.8251549293
44105.23777446187
44241.87759652252
44286.678360540376
44640.51799578137
44649.12445513905
44652.688633559505
44717.27629530767
44921.0874166655
45113.44211495549
45173.8131524188
45197.498504737996
45210.05029360194
45251.693042885956
45327.797088412786
45335.955707349975
45468.45848615829
45473.25892298163
45627.64806600941
45690.88422104346
45842.87461265514
45877.85606903792
45907.691802230955
46001.32092059995
46174.909062882536
46175.462105233295
46189.36142082231
46193.72418654851
46211.53916347322
46335.628171642355
46431.60807206626
46539.36253867151
46619.34637584225
46799.47619169444
46962.11135739269
47086.538493978966
47086.72532292838
47235.27588902316
47313.44999056249
47358.87382724482
47391.51956938333
47462.33386963038
47524.13976442953
47534.89320314057
47565.20939524612
47778.38093819721
47797.21172924724
47895.56320685577
47901.17138911589
47953.36384482203
48060.892325248526
48074.9960797977
48083.268227515764
48147.401703074596
48236.83932293203
48279.06336741255
48313.03670943193
48325.14907122294
48333.11976517073
48373.623809766
48376.19677131367
48384.314848179165
48387.40358108735
48393.72067408195
48545.50311332282
48557.4866625961
48610.50140736321
48751.274184550355
48803.534361041435
48987.275710560156
49035.03897284986
49084.05851906803
49088.324323551584
49093.823667814824
49179.01842124655
49219.11612306458
49222.15143675943
49260.17859970633
49294.95555684267
49390.1367124457
49546.11151933784
49586.15436360516
49660.232535956035
49895.100279224054
50048.61483298731
50080.17276025083
50219.51759368072
50259.8626768543
50306.93990184201
50314.06292279298
50419.346406735414
50522.26021791699
50550.742828433526
50563.02642574928
50587.6703438854
50780.47163807771
50853.58879936338
50877.63156668628
50999.99054056759
51078.590023014214
51089.52257462068
51144.302643720366
51175.58047499592
51203.69153775862
51242.28066620273
51245.834975265425
51390.84744411461
51401.801865103625
51501.40561795626
51605.227450283055
51623.981449540224
51626.201813745414
51641.45266060001
51660.12733657136
51670.95376099299
51687.594373935404
51715.01546959731
51891.50518035092
51896.666226903595
51944.87606827109
51984.48207920281
52088.319099426386
52255.68193136897
52314.80048612082
52404.88778442637
52406.141741382526
52408.07947302191
52436.75131671926
52464.99870707797
52544.29576256086
52580.71991478537
52591.10514502963
52751.84592930451
52849.54084349345
52875.697539986795
53060.742470205405
53334.48309494156
53362.59548384498
53416.6516454203
53580.469818028694
53582.09380248339
53655.94839561246
53818.063107057256
53995.91102706554
54084.70478402276
54100.10986244749
54133.82849130001
54187.141463100605
54274.396507461366
54309.74318385976
54510.68840874476
54515.86775378044
54574.186742412436
54648.27609801467
54779.81560888124
54799.153096471455
54984.62858997473
55005.651525542926
55050.92125127583
55072.172704420555
55072.26660634069
55080.80683581066
55081.23001053319
55178.70138034224
55205.718832614475
55244.45910568326
55341.58342445419
55500.472283016235
55513.3941351183
55720.767697852316
55722.50136865989
55728.0296404629
55906.8285211495
56052.62417310551
56065.32646321562
56140.50538479715
56346.38815778522
56359.82502575881
56367.38939721835
56504.62155154679
56508.75861549289
56513.417665976696
56524.79895574188
56564.68688172331
56577.95202405357
56590.19411464465
56631.70141676591
56709.12721426316
56780.13604888145
56822.89270287582
56861.00948527341
56880.918194803184
57096.17661395587
57142.29728317428
57181.84577297328
57194.89497497222
57309.98403421162
57530.120181966835
57542.63170436798
57551.917598154454
57591.7009372059
57688.78924193834
57692.12060023456
57693.19933502583
57864.84049857042
57957.4932657417
57960.77133124098
57985.99171955689
58096.49816689239
58180.63892733162
58346.80201582429
58389.58938925875
58509.851526768965
58567.79887811482
58682.40024438177
58770.78561274719
58788.684052623954
58806.01452777398
58809.69193647801
58933.01863649604
58978.73630007029
59047.24499546346
59080.175542645
59129.806221049155
59129.93362041046
59193.30417550837
59256.19862304545
59413.38784982954
59414.74284386845
59415.03222817054
59416.85093833803
59430.035248978405
59441.122041707626
59441.794730708156
59442.560975360386
59442.9554691709
59452.99308638518
59456.1759513859
59456.79281496542
59484.33198835527
59487.571531994814
59494.71508323565
59503.9925579013
59507.944025851815
59515.622515583535
59516.048517302355
59523.527743636456
59526.25700929807
59526.91320514829
59535.820643011204
59537.58751869544
59538.270243576524
59547.08238078897
59555.84717231865
59558.083585977925
59562.11800836985
59568.130883185884
59578.66414513752
59583.32136644318
59584.61264735097
59590.774637561655
59593.182971916314
59593.49126221532
59608.629768036066
59618.534397317686
59622.21454021511
59625.73807579216
59626.06218396622
59637.67034558966
59642.182939765975
59642.546310996186
59649.82934233204
59651.46815999602
59651.90348898648
59657.72700610836
59658.483776291476
59684.31136673663
59686.75410230636
59691.78216951231
59693.43022442686
59693.83315915302
59701.007242067455
59704.711229687106
59707.53612434877
59712.376079843
59718.83133099578
59722.61422274402
59743.089327545014
59744.87179466522
59745.20344164989
59747.46051620753
59754.031086117684
59794.546341081266
59818.60010489131
59818.99302445456
59822.60873568303
59826.61341642786
59836.03677814313
59841.272794718556
59844.833553511424
59863.703816166286
59864.62521863404
59865.43780268884
59866.20834351389
59869.0497061
59871.42558043259
59878.333061363344
59880.16689962455
59881.07093911471
59882.98854789868
59888.40964720301
59915.084304766744
59919.70111932648
59935.17612294749
59939.09213075598
59942.597465878425
59951.14715015617
59954.30609401957
59970.53688921525
59972.15413308293
59982.61416715044
59986.477569582385
59989.945236799154
59996.76008913792
60004.86533384418
60024.69719708837
60041.54085102078
60042.90091356377
60057.250538779415
60071.74857934507
60072.73378361485
60073.242245084875
60074.05260739424
60082.14373563485
60092.839320358486
60108.41659032222
60110.57839487212
60113.99257450248
60121.712129657404
60124.77096837211
60134.6165963173
60140.85837774384
60147.264719781524
60151.87739721035
60155.51032666019
60157.145963423376
60165.968177576455
60181.731775735076
60184.8074999947
60185.18450030135
60198.004001416295
60198.12362896279
60201.166297955504
60207.37332422184
60208.1232298437
60213.1839427715
60221.307567541386
60231.82677699656
60233.337809599194
60239.139669322154
60239.80236511334
60241.05259874131
60244.097070184514
60245.83117097336
60249.17317707585
60264.525301378504
60277.86612643902
60280.81389434916
60288.49289084774
60300.12671773351
60301.601631573925
60305.19544365903
60306.141774223506
60310.73214610157
60319.11400708635
60321.445382367856
60322.22652794634
60333.24644038696
60345.40890064698
60349.766601706506
60372.46325132681
60373.8636917838
60379.02849218652
60390.477325828164
60392.67303735481
60395.37076376804
60400.83759095711
60407.09044061343
60414.13906942474
60414.6050146258
60414.73750760612
60417.28688547594
60418.162162447465
60418.6734281888
60435.19763566558
60436.44569074472
60460.73217824256
60665.27616735344
60687.86604573411
60831.10352751387
61094.44369167451
61535.30706000437
61658.637984112574
62102.14669520886
62239.31259735572
62838.76685603388
62857.164428476375
62994.691353688766
63060.33023243703
63191.55386450364
63249.19965990819
63489.653764384806
63490.25815452331
63655.392925734144
64074.94171837666
64075.9323970665
64155.95858960506
64244.844610838845
64316.314204262846
64320.64691452314
64332.78300215382
64338.53134261779
64408.30288567471
64455.15413051239
64496.1049814904
64559.971053810994
65064.2863604015
65203.504022634654
65240.10288914755
65260.1190566953
65332.56314100275
65399.90980032891
65414.24906918009
65433.09545544102
65497.72375496486
65504.01653748689
65714.25517314402
65816.0067841736
65962.69865901688
65983.60404134096
66070.87494542614
66225.2997849911
66386.75422635417
66485.05844614147
66490.54715922766
66545.7931719481
66624.37302565106
66655.79255139426
66676.85905537862
66801.00049653424
66955.595517366
67101.47191189458
67103.02837797787
67226.55724169669
67257.20698014824
67351.16160359465
67604.84004966817
67651.35204934166
67662.80463913018
67743.71560165724
67823.15199913435
68091.40596425375
68115.96607090572
68276.82026919136
68378.29024278204
68508.40442366457
68723.18935127165
68849.4149599983
68878.03508414292
69098.9683887177
69108.02486012371
69308.45254245054
69317.69182879335
69332.98183828153
69507.08198160173
69539.86387203814
69852.63608291124
69852.88101254773
69889.15944516615
70043.86254611252
70048.88320480629
70119.79934908578
70125.40732645702
70147.63513293778
70165.32109668231
70220.67956690374
70382.34198164895
70548.82049912946
70560.77147283689
70598.33773412193
70628.24865522202
70872.0853698255
71056.1222872201
71147.16180134386
71204.69082396463
71215.38892476568
71889.12546889747
72220.50938613358
72369.81258712079
72466.08182950605
72960.75451109621
73212.15047222428
73385.97701851574
73705.02339061369
74396.67386184743
74758.14308283357
74848.27953814222
75207.03563917076
75661.24369057351
75790.01954408917
75871.13901333913
75887.77678311305
75910.68563377815
76540.47168996169
76755.95570298283
76796.1021618507
76946.03302813222
77014.53012664229
77076.50130243297
77302.37988178748
77412.78154307148
77695.8005561913
77889.2774791578
78351.287304937
78432.96556241675
79069.99136643045
79806.44764611185
79852.81873583091
79977.54741072783
80007.82427075379
80015.95127167107
80473.5405561171
80950.54669540988
81515.65452610097
81520.18117265335
81760.39453974704
81794.05885732219
82046.07932600593
82089.58045528823
82241.47985715883
82281.49095280742
82421.32687853734
82424.83844410894
82453.98853209527
82521.95946269434
82564.01428743149
82720.11960273067
82722.93254933131
82723.36484636212
82889.3129916798
82926.35665313869
82991.75929256246
83066.9235931004
83172.70271002075
83261.82274781684
83349.28586921364
83430.15473311888
83575.2160735805
83843.76256313194
83846.81463716866
83938.74911058335
84033.05794982571
84057.60914672512
84539.60588144192
84576.07933117714
84674.45546548
84769.48970075026
84801.85615082804
84954.6388689936
85081.98645480156
85109.3416959753
85172.79610509987
85189.47483148679
85264.70490554937
85458.15419796409
85572.3195445442
85649.99219155978
85695.51461651098
85726.98069654405
85855.07310738448
85870.16060139751
85875.65876176895
85963.67845617617
86061.86326935772
86104.76013818065
86132.58268834229
86275.08880663672
86396.39382552997
86489.9103892133
86559.97190190254
86593.73915898832
86710.60594105201
86823.73366871137
87112.13811788934
87192.73402935233
87404.47328899897
87747.18299909949
87797.28774360628
87917.60186693267
88328.9949428244
88522.64868020176
88556.31103227599
88619.24908776012
88665.21497968704
88733.08779351
88764.39135611158
88792.5126834757
88896.51348301544
88964.37995752392
89011.06021759275
89091.13159775353
89222.04663539461
89244.79180452926
89282.49022987988
89287.2520280896
89471.46683655542
89511.85677321086
89717.17486602772
89782.61893278892
89957.79306288646
90005.02809668978
90254.43804742931
90304.95867151537
90314.24753479361
90414.22734713122
90730.93367979165
90812.82638918996
90901.13971577102
91006.32236684645
91090.41047830881
91102.34648559513
91416.75099019622
91548.66922148148
91620.28709913298
91683.62172957086
91707.0502471375
91849.28805993196
91864.96692537703
91919.56783334928
92070.7917287709
92295.23093791939
92457.39344515002
92577.97005423681
92651.52108261453
92721.1980906334
92730.16686211557
92909.46108920312
92968.60045344608
93133.68371397325
93227.25670160737
93309.1314129454
93835.77002420188
93887.3248635747
93990.50839492123
94178.757320849
94208.44139706292
94236.42103072458
94287.97351652107
94289.3442200442
94372.52406502648
94377.97103141266
94450.91047212787
94518.89600988252
94524.27764311593
94567.9361767718
94781.91485028274
94825.83887117208
94864.43022800115
95002.4809132971
95156.72917427006
95382.50975478206
95492.58141498527
95765.32049587338
96048.1814915802
96169.85218477393
96281.849493837
96355.5308021842
96360.1976522733
96375.13150902091
96382.74648575144
96549.11204724142
96595.91074250455
96741.91293361869
96747.808529151
96931.01223418584
97016.5023944282
97068.88395514908
97467.4856570005
98634.92212327846
98791.26201673185
99040.89874462626
99386.24769912541
99852.74026018516
100183.05430663498
100456.18058612656
101371.18068403413
101843.9031094914
101854.80786139242
101855.1991056031
101863.78779909792
101910.48487624408
102045.48625440653
102116.54912003865
102117.01139434258
102162.97878957287
102189.71224164592
102202.84328523591
102210.13265131795
102259.58452097954
102280.78782207862
102332.44630773037
102364.07656258202
102385.02561266853
102389.05095257261
102428.18852843864
102443.9519308365
102483.53961217173
102556.57169423708
102578.7775714224
102593.30916394967
102632.96921391258
102636.76557755121
102657.7375921406
102685.06265994541
102702.18953338418
102770.0645465081
102773.55081802545
102796.16086615475
102806.09522608946
102808.08545986601
102831.52686621241
102849.74755343643
102890.37886135219
102892.9783448244
102903.81248126691
102927.95311623329
102929.57292054749
102955.80438500721
103047.80985673767
103058.34606750711
103111.16326052838
103133.26775885488
103139.85909879388
103195.40654254297
103222.05362341396
103223.30897484728
103240.57968759551
103241.99865036536
103252.91604163384
103298.43450252383
103321.75089809326
103359.38380706175
103407.7440226672
103482.91612366289
103602.09387684631
103632.3771790555
103657.13160774161
103697.97254157075
103744.84585092438
103747.91529855918
103827.99446853157
103837.42287853075
103854.85062066716
103866.11231069753
103868.74414969649
103869.77750480894
103899.83732142813
103924.3197250069
103953.93181579282
103978.83371642412
104005.80492138985
104012.61276764466
104093.7233851798
104126.89610090827
104169.48593665019
104206.81281583592
104308.32311488746
104317.58293123529
104376.77663976398
104390.34647680694
104406.04555089423
104435.92237817973
104467.75927821039
104484.36489207175
104510.62652020743
104534.02541974619
104549.02253517667
104808.18400961815
106467.5030753746
107203.40162382454
108983.39317019755
109423.1855530827
110128.66012120467
110922.87611418337
112229.49159506962
112720.4081458017
113291.6228511129
113459.14449225628
114804.91840339058
117538.46235867107
118643.13642478372
119491.86243817504
122684.07896434188
122954.23845914294
123239.05790384632
123820.02111702699
123864.51710955
123914.41904802952
123922.96115385808
124016.63523031404
124149.96659703003
124218.09931186563
124233.62184970456
124300.90704139273
124336.70568870964
124499.75815613449
124512.29880703415
124524.77100480342
124579.70595557112
124636.47750968827
124698.31337871321
124962.69159634892
124975.46888450926
124979.22295776554
124999.55822321525
125069.38080795827
125076.21437972583
125102.56667451326
125187.06752751113
125227.8370451632
125314.00338460781
125328.85457955397
125350.05106699682
125411.51895928249
125439.85219355785
125465.97361232541
125558.67972726832
125578.25271293712
125628.56091182842
125637.79651755183
125987.4850511316
126049.67353351033
126097.00655181023
126179.30391868716
126196.2480743289
126225.6591223314
126268.31395849335
126426.02766969046
126439.99021218173
126543.57547334905
126580.74937076766
126628.7892534739
126663.98601742828
126687.50829969467
126699.8412883276
127082.81266101926
127136.65855956374
127176.14970569147
127181.0663049811
127311.31656210084
127313.45568876914
127402.38187895491
127508.87219545679
127527.09939534447
127537.98783451965
127539.75090967951
127554.59206420659
127666.88792660122
127678.79660409922
127700.85710228476
127771.7175682706
127800.20033839103
127804.75423767022
127978.84405241646
128031.13957490285
128154.52307708285
128157.68098209161
128216.2839041621
128270.48270201526
128279.85600493904
128341.74760382669
128347.16832406138
128578.14515311716
128579.25152745873
128767.8122914575
128829.15675641478
128887.05065782293
128970.37865888237
129163.2140888872
129165.74903069233
129186.98999237944
129193.29778434284
129219.82233348116
129397.31325639019
129444.5257327138
129445.86600345964
129511.87448212148
129545.2192949666
129551.27232016553
129572.55886444234
129721.31545949122
129826.97521141425
129999.38631472003
130087.62179219167
130342.0123273843
130358.36733695146
130365.25776000947
130488.40428472716
130497.66671656433
130695.02609679346
130754.16420078266
130817.30813858929
130842.67996820295
130857.1426435791
130897.13411187171
130959.03465432703
131072.1470007153
131111.15096038417
131148.59127782556
131191.5063900713
131227.74049651783
131374.0921273565
131510.71702928655
131526.58752165354
131588.25511573307
131649.6379022643
131750.60729198542
131819.57843888452
131885.60364292862
132131.57758937436
132362.92673422792
132526.23342271178
132607.5463863069
132676.7376512912
132774.585388941
132851.87488334702
132892.59354139725
132922.37091466924
132935.94061853702
132953.2348450485
132978.54300836945
133023.2878770677
133091.76287300445
133155.77676103584
133305.43638904495
133429.70544703247
133568.52084153047
133585.0468083242
133613.44656389146
133645.14996109364
133740.97129449254
133860.5470393955
133974.56371540064
134057.64682894418
134214.21313634812
134305.82147352397
134411.9791616932
134485.9835684274
134613.257002066
134735.1719513674
134744.89813690598
134966.81052511145
135256.1739598856
135270.09374005612
135319.61510271332
135494.60640714696
135498.8172680985
136099.06462166586
136148.23274221647
136187.95038891895
136208.9625576118
136217.24938869837
136265.8606596163
136313.26677113626
136314.29174530652
136316.48314846674
136395.59164671748
136406.10980491812
136491.4001581504
136742.71185690208
136802.49515750597
137069.11247765727
137097.41091942653
137282.4240883359
137396.73119050465
137407.3909765996
137467.8148902869
137730.89827248474
137756.31658151653
137848.31965806487
137904.19936253232
138070.30860145797
138116.38100088586
138128.63787876623
138212.45157193724
138339.8110429067
138438.39423471736
138500.36631111303
138527.41680470656
138556.37239961248
138770.28485298675
138874.97999784537
138894.93851811934
138959.373137462
138980.7618903131
139050.07426035882
139050.96928846723
139081.37604742165
139098.57998382582
139772.04849184907
139785.49409173743
140190.61286327647
140244.88927005383
140251.28346866326
140339.0007269374
140341.36850444757
140347.7084989056
140400.2487136174
140406.20844130666
140418.273644737
140425.89231867268
140440.85409781593
140588.32167396782
140640.53140387722
140724.5467941756
140877.5725894196
140924.48119326646
141000.1277989679
141077.44054101774
141113.10631281463
141120.80001610256
141326.28587332496
141391.02090557816
141394.55253280984
141421.78505755297
141603.37456293433
141652.3313509787
141660.58046902608
141706.61931271706
141762.93420641994
141847.26703451722
142074.50438818056
142090.49356681056
142133.04313631554
142137.50794216877
142245.00444863172
142299.29738099035
142330.94221856803
142336.43276705372
142389.31336686376
142408.7483566568
142422.03973265702
142670.58736987118
142678.2709432176
142736.90191183155
142742.78326635715
142826.43364792241
142894.2232455653
142905.4943830211
142906.0586069205
142969.75862955643
143198.37886398344
143245.07430862868
143283.8127512665
143290.3436584952
143293.1167651677
143353.09504150253
143364.12769047113
143371.1186481889
143482.78375507175
143493.95304637495
143690.5604618542
143700.82116937204
143775.1634221805
143780.23408786772
143789.58759391966
143811.24282882403
143862.82854832345
143903.0993742052
143957.6382227249
144056.5505284969
144106.16388655725
144288.40222819048
144381.77004479134
144446.09597021044
144465.78106009643
144494.96135720977
144555.93880630514
144626.96733867069
144663.6043238889
144705.06326323768
144739.44782294455
144849.98977783433
145042.27619474896
145161.92494259484
145203.3413460962
145221.74838612444
145306.49894987897
145325.7809168275
145428.9887394794
145447.1313175012
145742.08010850052
145812.4076185913
145819.60131394473
145825.31814536505
145826.97178031862
145831.6425170677
145834.97488573004
145842.87104303343
145844.77944640224
145845.79848119913
145857.64798187226
145867.31707037368
145871.14236581814
145872.98245449085
145873.01369764018
145903.3467281314
145904.04856018303
145905.17641282262
145910.65626535905
145918.05747784654
145925.76562401495
145935.2143240338
145938.77874347076
145945.80343671708
145954.82060162124
145970.25414730064
145984.7301603548
145995.072618658
145995.31947084825
145998.53697034644
146003.21136378538
146006.02660431177
146006.47642102113
146008.73858306458
146013.12531746837
146027.98969916318
146029.16771293158
146049.9722886483
146053.93548804722
146054.96824366387
146056.66753656376
146057.67776299766
146073.2104136873
146076.79035955147
146078.55923194
146098.74429719793
146099.9564805131
146101.36228401787
146108.11363738056
146115.71760098627
146125.1616881879
146125.7267235715
146125.7899312674
146144.20753659203
146153.90579089613
146182.50054377058
146199.43930040402
146200.95222316356
146213.5251005604
146217.33064837658
146221.4157404076
146228.46881323692
146234.71048602642
146235.93839366027
146240.5920889501
146256.83037362053
146264.56859675716
146265.8758539065
146267.27525795417
146273.33639213847
146273.8696431109
146278.18311492566
146282.70305962418
146296.19367975934
146301.34346232627
146303.80600881102
146308.4085886792
146309.75493701396
146314.22756279408
146314.57820327036
146317.8707929608
146324.1739402864
146342.25423115466
146349.812523712
146351.93819324052
146357.315676331
146360.90600022895
146386.4373343077
146390.12786677477
146390.454301459
146395.85903945952
146396.8537134484
146400.21756275062
146401.82032897312
146413.03395813127
146419.75044743688
146426.26316463717
146432.03938790187
146441.3746830163
146452.79748637864
146470.11290146885
146472.74723532484
146476.48961151822
146480.20539451216
146480.46136128876
146489.40789620392
146491.58183884766
146492.15377955127
146503.11602611304
146513.68972994506
146514.90801062097
146526.51743700408
146530.44918885574
146534.85243626795
146537.58121805947
146543.88036725973
146546.30025641987
146547.78215475933
146549.2189935246
146550.0149897119
146551.97619602652
146553.95827508866
146562.52818437066
146598.89087545942
146605.21995922207
146614.36353422716
146620.0756556892
146621.3151843081
146627.99409977198
146630.73885744766
146640.83084615594
146652.79115825
146654.68479668465
146654.8307468146
146659.51451024192
146665.20417004084
146686.20233564582
146687.69231190754
146693.97510179778
146700.1959925984
146700.6423451375
146707.42521085578
146711.32146296185
146712.40798395936
146717.40713924723
146728.79851493076
146742.0383871053
146753.97041305224
146755.99769496277
146772.07512755695
146774.64513155294
146777.89485078247
146789.5612722605
146790.63819513487
146796.88437689896
146822.4299018037
146828.55465824367
146834.44912394552
146835.86905130764
146836.26386869073
146881.36490653572
147205.0618453873
147729.11646684655
147922.92116975383
147922.93652299454
148006.0768805978
148498.531061554
148546.35121029877
148634.56648194115
149111.2699427437
149399.5287743782
149575.89023610184
150030.4449862877
150060.78716280134
150264.11457757506
150476.3938794866
150621.39801159227
150927.8986664368
150931.99399752883
151251.44406878442
151411.62888761846
151430.38151166
151574.0626541738
151621.68219859275
151683.34549024998
151705.0087790416
151758.75363902896
151957.77978739346
152041.79591952983
152061.77851486078
152196.0147427513
152332.79816026485
152425.0214677911
152594.54708581598
152666.98528785253
152685.93356909032
152735.35268055776
152924.40659375454
153328.7268787317
153359.16519734915
153363.43621675365
153603.2810730255
153617.47374324116
153664.66923584833
153790.15609800396
153824.45224611508
153951.51753249217
153974.2189070471
153994.00807748828
154081.62797938724
154165.8372765151
154562.0106553121
154579.12971187272
154654.67088090262
154696.89249260892
154859.72499864805
154950.43696552774
154995.24199231743
155140.04084111695
155204.2419926609
155218.12722909328
155266.74060457037
155382.4345829704
155398.3289671746
155441.76923896835
155642.7353164996
155703.8460535942
155738.609290552
155924.9484160954
155992.93125576788
156042.10835748597
156058.45646123285
156100.59340963024
156114.65771898336
156240.10581748007
156314.54599253036
156413.48652223314
156419.14828160976
156440.4147806657
156443.92959569406
156515.07575529552
156722.33689398755
156872.68792976273
157070.76187931592
157078.56398110074
157128.24621384963
157198.1989896752
157231.73618912895
157280.18452727742
157745.28498569597
158167.3438584066
158727.90184153628
158924.87678906202
159057.29965461016
159393.18836400303
159393.79804961578
159904.5780289385
160187.67175228722
160614.3027876462
161093.81718226208
161220.72176166758
161297.3435533338
161561.7007447885
161751.47379633837
161917.291139653
162220.69170407183
162363.341923828
162583.53984986397
162873.89197298232
163182.32065712867
163263.70957355667
163278.87125951724
163448.3427457402
163551.85059688106
163816.49209358013
164805.33127551692
164943.1845351372
165270.80484623776
165280.2662742237
165295.3580170694
165440.09664600968
165453.30739426444
165725.42438724608
165754.32495829283
166337.3261549813
166337.95719343508
166672.5430031402
167290.4621275267
167295.7834301474
167345.50915261265
167785.62280369358
167845.02844812698
168409.30477459903
168416.1621244274
168447.61482468623
168507.34378397343
168538.19682163734
168573.41267810742
168623.7751921278
168693.35021692832
168845.75467807116
169024.4095962544
169081.00945771323
169172.59624726162
169206.7887087394
169268.45306472172
169269.05284569546
169292.82813566644
169360.01556353518
169416.23960899108
169434.42216510652
169994.64878771547
170015.0852372594
170365.6834944309
170373.673998869
170376.88935940078
170446.46031656145
170511.74470372286
170936.33025047975
171232.04664094961
171306.05447352998
171327.09887970143
171402.20074403676
171490.44152000605
171574.6775826023
171665.2808220652
171746.49264431273
171896.43705014506
172101.00067812752
172416.9015000884
172561.416224103
172698.15491985768
172753.8495331066
172892.85018600282
172929.48634130045
172979.67262715983
173058.09321174945
173066.98671141567
173255.80250358005
173458.63497902037
173463.16127911813
173464.95733940863
173599.23825897876
173827.80802646535
174227.67769358636
174286.8922872287
174358.573013894
174475.32724708036
174584.48277093732
174642.36742650857
174648.23517611038
174739.2639457486
174834.23196143308
175043.84158142135
175202.2194935302
175234.3233222061
175470.3905161433
175520.91502699401
175529.88575227774
175688.13859008544
175694.89589946906
175716.7124776671
176054.58287071515
176079.49700068927
176138.21783502455
176235.7678087185
176303.784711785
176426.43286056444
176538.58689163238
176604.81458116902
176705.8145576967
176749.2470193276
176771.42986573864
176785.420013857
176848.5608931465
177070.21292172387
177261.84446386498
177390.27123089903
177493.60147758055
177550.36578655755
177720.69328676863
177725.56231683146
178237.1545532825
178271.82233927812
178341.6056282121
178343.89214547127
178419.59723546266
178577.38640626217
178711.2343891547
178755.89377230153
179065.29567037715
179073.21019366797
179081.1182398732
179169.77320637403
179327.08750670034
179465.22975239588
179882.7181934551
179892.77004707465
179994.4749842151
180438.84893443264
180510.2659391681
180554.08882096145
180554.33875287592
180606.67709180427
180825.88093895905
180882.94539875514
180889.24864990133
180893.1625518661
181024.87870622522
181152.85712520135
181162.62923949916
181208.55313778637
181281.52561787033
181556.02794894893
181563.20990187727
181593.63262687426
181622.48359182684
181664.58992956116
181668.56700242797
181696.7949367009
181700.8769081635
181778.82720149978
181877.73636655015
181941.75151746674
181950.5872058722
181998.6794951874
182043.5986832134
182229.85644198555
182360.20075555632
182499.9345228491
182569.41158745668
182674.06121212657
182917.25774743911
182939.8770825927
182954.8419200092
182980.9311318012
183269.64202572353
183390.4102545982
183398.4347138174
183410.0603697704
183413.94654087158
183463.0410465336
183600.1040734884
184430.08496697372
184504.0476246644
184942.14780739477
185383.38138266097
185928.81400535983
186284.07761574266
186813.96494088482
187203.56501493327
188255.86420431724
188293.96295178134
188400.13677597782
188400.29305435097
188412.40363569805
188447.9050535417
188459.50623726865
188490.6817048702
188511.39560095913
188531.7444524102
188556.81626975583
188561.85009420913
188563.90777879985
188609.2394350533
188614.3354705212
188620.91422908448
188664.77460656338
188706.50618280866
188762.9379792553
188769.08048181896
188814.57736383288
188845.89491206207
188863.4792902854
188934.11726418394
188940.02653282895
188944.92791782558
188992.53410859243
189009.33922622283
189102.09816233764
189123.79846577495
189230.72915767366
189260.64536969402
189290.62737468275
189329.700214585
189330.6998784481
189395.76947791706
189402.23006385716
189414.30703542483
189491.5017769917
189493.56447908553
189519.62464876653
189556.06933012768
189580.7496662478
189616.87195557693
189726.89176804497
189753.97034046164
189763.81006172355
189790.5424647049
189817.496673179
189885.81478490107
190003.49047321262
190016.76149201614
190374.0317576061
190397.40102057625
190402.85947893054
190403.4736805645
190488.37996801283
190519.3390024922
190523.46438967172
190562.53546871638
190575.13082935713
190632.41364837656
190634.604487703
190652.2587264762
190653.31621797683
190656.09885105822
190727.26435444693
190810.57608328116
190832.61625152593
190862.86347920657
190876.66958443692
190898.43456223045
190932.36567444252
192559.28158060368
193954.91931482725
194884.9448677546
195016.5635195576
195480.28347327537
197599.4234830799
198242.95546496988
198364.85737777292
198465.57608317488
198754.7368429902
198784.73983657532
199791.4323583411
202636.63284130406
203142.98979011472
203214.60068198259
203644.6910413182
203810.8956567621
203960.0826641184
204604.6045022927
204725.13258964213
204825.5096928115
206877.18384472022
207170.87218719945
209855.1103843437
210046.70100905251
210048.43785243336
210068.9197035397
210081.09423698304
210209.28988178584
210258.59765102214
210341.27723973867
210347.6199172848
210358.7506505091
210369.67477905325
210510.5701129437
210624.06903265527
210668.44603050835
210696.54255086565
210698.62651852943
210887.83105804794
210939.09116807475
211222.26017640196
211313.93274795928
211391.76931267977
211433.6449238315
211612.45855900654
211632.22563000512
211706.03802676173
211719.2875204978
211860.88760098076
211919.4216007192
211940.56673069173
212218.66077125966
212439.13379227463
212439.68146447462
212467.59638025617
212509.6082838674
212594.7886017963
212612.6229976873
212694.36479287324
212738.07783550324
212818.2831497073
212908.0643260971
212916.75656733286
213194.845596945
213290.13956903754
213291.05415597235
213310.52403518843
213343.43677824136
213495.6133956708
213602.84388112804
213708.8640679163
213710.3658859882
213794.79405882524
213928.86846104555
214037.51275239387
214049.8819811112
214070.5631502107
214114.18556431294
214115.0119842615
214253.56652611514
214260.7110613046
214413.54948103646
214414.12638040847
214440.56134969683
214463.40878114264
214534.72296265827
214596.18698514588
214639.9899594345
214706.55527936772
214734.9384673927
215028.57368390769
215036.78518238384
215084.33257432614
215211.5207194639
215214.69166412187
215217.99122985237
215239.7676777874
215305.61778348248
215371.49562168226
215449.32583809673
215636.72601176973
215730.64941064292
215732.81509788826
215787.75875815284
215793.3351472639
215844.2095921426
215886.05993063288
216025.68463985244
216031.5609571406
216058.70701545622
216134.37915391283
216223.56420267135
216227.02471688594
216320.71964532533
216335.52319088337
216418.22509975184
216465.9313903274
216481.37091397023
216489.04042166026
216515.7952557486
216589.74586954725
216651.8019256912
216664.6323898987
216680.8674590104
216690.3642002027
216790.07446835467
216816.74811182715
216900.6419191351
216980.96946865076
216981.57868695966
217008.88839560823
217067.06492632043
217165.23915171556
217204.04922997628
217209.39070947343
217246.13439300426
217251.57487787813
217317.02690946904
217338.5467714722
217347.16821968067
217348.29970138025
217407.75158791634
217412.8833193237
217450.02010381556
217465.00712631945
217490.587378562
217548.85047177164
217558.5786700591
217735.24158804014
217782.0579245665
218154.56320688603
218162.21649560545
218342.3289976323
218350.1840123758
218375.13408045404
218608.4840976281
218691.9020112887
218694.58845889653
218749.10792862467
218811.96982780157
218855.99660746055
218883.54564447457
218920.11153036324
219030.72172348126
219202.22002537712
219261.8022634579
219300.9530618397
219382.72892668933
219434.30501740653
219501.99952058977
219545.2068493516
219615.24028181602
219656.58595510016
219693.85361904267
219750.37481694808
219954.1388325713
220157.27165965794
220193.80812411656
220236.19094532478
220240.56310416487
220256.8117812851
220301.42127241738
220555.81018689933
220611.85436155184
220714.7955207497
220935.69013558608
221192.17294175975
221281.58379171125
221357.90704801894
221372.79625981342
221512.3726828413
221568.16208120695
221678.82098028582
221728.05198795022
221907.44129702012
222284.14531930437
222433.97849666775
222467.17340133956
222565.95008442324
222586.94675435201
222711.31665234512
222760.43501170888
222876.2964082951
222891.30223774957
222966.92260731873
222989.80474125285
223234.2068139611
223469.31491982186
223643.22731121664
223713.9149958629
223738.11044794007
223741.53486360432
223892.98655978986
223906.99945631766
223951.974948019
224031.57957909696
224112.77843485313
224180.44816206544
224182.5302197786
224246.05106556183
224251.51917721343
224251.98632314365
224299.12296467557
224307.43144804798
224384.23528600915
224408.59888475356
224517.51978703786
224517.6977925797
224725.02445092765
224746.48854726925
224787.1499134173
224870.79287536937
224947.05975758508
225000.905154854
225006.18684951586
225031.84260384738
225160.2484428031
225224.8249146394
225341.8868270815
225428.8888389811
225480.57076624542
225549.7530782026
225569.2459975215
225623.2900338252
225670.2105879375
225683.04802037057
225911.76084345038
225949.70450959314
226039.92671510967
226045.16127680842
226057.92428487822
226127.18788180215
226171.7093190216
226186.77968088802
226277.38170444744
226519.70964125235
226532.72367204813
226586.5142002784
226646.32180337142
226798.44177343446
226845.13513495907
226874.25852145423
226886.9189942256
227005.3122781884
227030.09801676418
227140.33071886402
227227.2563563881
227420.22114157045
227517.3066020449
227517.33220867775
227540.66665305133
227580.00347440658
227731.03207910777
227749.96016070974
227839.71809961437
227941.06522747228
227976.60845656646
228134.03518230433
228235.13609205166
228405.66072495672
228709.88164739477
228753.14255510026
228789.95497213467
228868.9821123241
228959.02774960737
228959.91248311946
229053.73265355363
229286.24817940933
229290.87478734268
229304.92035093505
229405.72164907676
229426.07568633807
229582.6013895535
229591.69491474715
229694.5808562687
229698.77482833198
229747.01703148053
229754.99394762528
229808.83806263574
229820.483260191
229834.21370851833
229851.50487926707
229894.19505658618
229904.8673783587
230193.31977202004
230293.81580427918
230336.9034049016
230371.73614343448
230413.4715635717
230451.3596264196
230582.81271424153
230741.79466169508
230767.60757683698
230796.51709675102
230826.4959150999
230835.12771093636
230856.61578793242
230867.18221148106
230941.71104246704
231036.72974045825
231057.74862463193
231066.87650835497
231133.8433632944
231246.69448048447
231250.20919639466
231532.4255661102
231536.83962890558
231690.24101254487
231771.60197737758
231783.36579554866
231808.36539679318
231880.21467970917
231922.38140733764
231938.3850466801
231983.68952271377
232212.0137920846
232217.14116809325
232217.50968255085
232218.34548190492
232218.4259265995
232220.8994940672
232225.62222862538
232234.9135879148
232236.4561832828
232245.98245902397
232249.88495557374
232250.63211161894
232253.00179049338
232256.7604532711
232260.4842709308
232262.7996132526
232271.61621192115
232271.62838382865
232282.36973335902
232297.07723846287
232299.49342205655
232299.9957998041
232300.33339851396
232301.4991459638
232311.79233021074
232315.54236845017
232319.0079002626
232336.45281865477
232348.92017828563
232348.98953676643
232354.12578844244
232364.7512461365
232376.00134358538
232378.99905180227
232382.8062972787
232386.77086655836
232387.55670260137
232400.1700149995
232407.16174837897
232411.41624989858
232415.51259606928
232418.61819366366
232419.36362730773
232422.7889925537
232423.66989280607
232432.3225117381
232439.7712121298
232440.3387913387
232441.64834664945
232442.14177105416
232451.2523887175
232454.49038431697
232465.2537321613
232465.73439633934
232465.99754282687
232470.81391814048
232492.7217962561
232493.3188840852
232504.49419431144
232510.89507127577
232526.28385520953
232528.0620959832
232540.79600395268
232544.59392654308
232546.30109815983
232553.89783934862
232573.61499445984
232579.43334013596
232585.44823076436
232585.51279918593
232586.26670408552
232625.26506815446
232626.61426425673
232627.40066399987
232627.70958391114
232640.0820004947
232640.33677207096
232643.72328643486
232657.6346391627
232662.7721264694
232663.09105485518
232668.495327024
232698.52171048935
232698.65643001674
232703.553581541
232721.25637699198
232751.8932093896
232752.52723952843
232754.46386007854
232755.22537036423
232758.71573710855
232772.94471795083
232775.30266365045
232780.01376069232
232783.12105140334
232786.7749314083
232787.26424957652
232789.27382752864
232790.56286240683
232792.02477588956
232792.87228229718
232794.70881860255
232795.5957725786
232798.9241634613
232803.387418911
232820.55041690683
232829.00224636728
232832.5241034238
232834.10833050706
232841.47529958218
232842.77361371528
232848.74421757954
232859.9835033524
232880.1754840955
232884.74650896114
232886.1325546007
232899.9296131078
232903.872668996
232911.91028683845
232914.4746421862
232915.23846738154
232915.59394095148
232918.51805757836
232920.97372553183
232922.57101405447
232928.37111294386
232930.02226939442
232930.22527451615
232937.53489787914
232940.82981981453
232942.1383843154
232943.15507963696
232949.0518135748
232957.9055219074
232963.33656787293
232964.73114833864
232966.16124817
232973.33576472185
232976.60017173324
232983.3089107248
232993.49791342905
232998.23886210733
233007.42316809378
233008.42335404005
233018.44530976133
233023.83048393522
233024.98433763822
233043.17719841993
233045.0124884344
233048.15297271695
233048.94472254906
233054.2260359273
233057.59850432625
233060.32626686673
233068.57748661068
233073.83012502975
233078.18675481778
233079.6162746027
233080.1645628155
233086.40280950733
233093.6775101018
233106.1970147784
233110.981901301
233112.13113167457
233113.90976298193
233117.58863093494
233118.0724842642
233120.3198141791
233126.24423334704
233131.95931059765
233146.80196189537
233147.13489047863
233148.89046131933
233150.37252448383
233155.66639499122
233156.92952790554
233157.7741067204
233159.2669038909
233165.01829703094
233168.41386581154
233169.33013362295
233172.85763997867
233177.28802103258
233178.12232483056
233178.55064515804
233178.94325060863
233182.18881916214
233183.6166469429
233184.22905515283
233187.80323838847
233189.5907417133
233193.7436048771
233198.4263642366
233204.7569743083
233209.08355474862
233224.93932707515
233226.76673182222
233233.51822472468
233346.2749912833
233410.42361512478
233413.15981741858
233572.54456274546
233697.5154671505
233921.40721354997
234041.06034796953
234856.23685362513
234927.46494205418
235506.6042483611
236334.28120390492
236493.20434142242
236553.22659399975
236877.2453751542
237089.02739714063
237106.73414930547
237155.0006493506
237343.0399238161
237430.3979119243
237569.3016115338
237637.3658929446
237644.3614214759
237659.4947933157
237696.31909806142
237751.00461574493
237752.9330604737
237779.39512806694
237815.03776452295
237817.34836149192
237952.2965836773
238022.92877848248
238063.17383140535
238180.7444844195
238195.94468836044
238350.86793166155
238372.98702595296
238494.72282163915
238658.4776055133
238717.05307092442
238806.3505735118
239059.23190873582
239093.4125583734
239155.8973868391
239170.8012287196
239185.6626389643
239283.2399212357
239468.36305589488
239660.00241849135
239681.5392593518
239927.4154207888
239953.10001594067
240119.58856778196
240166.68194593006
240237.30225480918
240339.3668681881
240349.90278744962
240420.65327349637
240502.26138496067
240572.27852600612
240593.30915166443
240610.39195218397
240672.75094948174
240805.19772993942
240990.13091332855
241094.60773969343
241166.24790448547
241251.2423828796
241298.87143461782
241551.12182116366
241651.84941280994
241797.71728500718
241852.4023250826
241967.70097577805
242044.7104640558
242129.30085066892
242274.7031251793
242362.73146735196
242419.65778776078
242440.1443077586
242631.39081604104
242721.80063828957
242808.10655113682
242934.43918584118
243008.50590357737
243056.75785419455
243127.3656714403
243209.2990631429
243326.56830652728
243377.9194164789
243741.13367009079
243915.73150250374
244284.5416328743
244551.3598860035
244583.6839538403
244688.26306272997
244954.89036625126
245225.4255683418
245643.06240463033
245748.53684563434
245751.66748956687
246349.34998515286
246387.24152170593
246520.63903781702
246548.6645262559
247125.59972201876
247669.0062376851
248300.01320268092
248431.53389391297
248608.500274205
248766.81870060644
249526.29463055223
249689.98417302596
249967.90932072361
250221.42337090263
250565.3755117532
250691.60511986515
250739.5176748975
250912.40759504138
251090.65412973549
251663.73939412503
251696.32970083808
251816.69296043747
252135.08933131277
252410.50689567236
252426.39334468247
252829.9787301462
253714.25903424463
253989.17377664332
254219.12291785056
254229.3175885948
254269.58007035858
254532.97281896748
254551.78446500475
254564.28141974017
254607.43657346553
254747.11006306447
254758.14458608726
254845.12895238813
254850.44347093068
254962.27778433642
255346.89792264698
255468.76562936447
255736.74316760906
255812.14931326936
255864.93470542657
255899.08068160564
256112.1007685542
256134.85917613396
256172.96317490184
256188.93154517416
256189.3762528282
256280.15346095187
256352.1199177503
256407.81180331367
256634.44035848393
256644.25376037072
256823.9740569701
256976.3155003289
257303.6691625664
257352.46361523715
257675.48804241998
257677.44366074982
257846.4377830238
257886.2044959927
257900.8823420502
258001.93212760144
258016.09744119423
258065.22732625954
258166.40531922592
258258.86695498522
258260.65026875824
258323.25953052638
258333.6494649551
258341.86404949502
258419.55847488908
258526.10978357872
258536.98297624657
258578.24336357613
258668.90604932903
258689.03526360082
258847.59265556897
258850.31329707504
258862.89322655217
258909.47128681763
259062.8217127045
259176.3670602303
