11.396914449323917
23.231758842948473
205.55553043118599
225.6456004350961
309.6201186755577
383.62247919083916
483.1451000356124
543.4333159989555
604.2759457038735
803.2990452463818
815.6683746725408
823.777176863117
883.8921976603566
895.2124426808742
924.47302113352
962.5348138275118
972.9377524343464
1084.8139013735122
1224.7485460283294
1310.3273689959606
1383.6883033799782
1384.5379509386485
1451.2018128282023
1467.3613977356943
1500.2777106412645
1543.3936273850322
1603.1907123234007
1693.0849289824298
1702.2746387446862
1769.531648408856
1883.7887726815923
1912.7908568485025
1969.3792956784202
1983.120705844978
2030.943608924844
2082.2931874766596
2123.263370795557
2164.0973885180647
2193.6508660509135
2201.5418588217644
2223.344007055316
2284.7291465097705
2348.7334269088396
2362.5669116902345
2408.03323508667
2416.7995629869756
2512.254679821211
2512.8180009783036
2541.994238529915
2583.56424565464
2634.2461290998885
2643.237812943221
2683.3576059739953
2683.705621843919
2683.869346427127
2711.158032826283
2803.8493987669053
2824.056369840189
2828.315496896822
2944.491141733479
2984.9385340472954
3043.2543844293127
3080.2210941565622
3122.962771198171
3170.572296057919
3211.9708163682362
3223.49113924871
3225.4213100515058
3251.5483363198873
3303.9718549004056
3404.3790553906842
3423.8149952650206
3455.74556270225
3522.7280816648877
3562.98469127423
3592.1062402447355
3643.589011494811
3677.888640333783
3724.0627959033905
3905.016399938933
3983.1079457130877
4057.1863920712544
4063.616109515411
4097.109229457917
4203.450545633682
4240.445583208638
4243.292344880185
4245.149951289241
4245.171820883863
4251.813527583198
4283.482577882802
4323.069330578792
4359.2798026386145
4363.5421033709
4403.916471801599
4478.174330181638
4529.531043876519
4599.167322578553
4703.18000803359
4723.2875336759735
4729.560360671491
4836.127186504307
4884.656805419508
4902.415216108271
5023.582849015364
5042.843566487327
5062.24294583742
5124.0968468759565
5124.579491533207
5164.6214933416195
5171.349654632938
5183.363616646159
5184.026889076536
5262.721862415416
5363.393218186391
5364.831539346174
5426.696146477977
5462.4671285633285
5463.309603951838
5525.125524059008
5564.36914072689
5579.991042368283
5582.544154470602
5582.907683438191
5603.228444017548
5764.667264452685
5851.736080347615
5942.8324256637225
5964.439664714086
6056.301296118422
6074.244628983365
6118.792804834084
6123.387532427248
6123.582817719365
6152.228551360321
6205.414653003907
6251.950450969379
6304.051400715183
6343.681833832911
6396.825232704462
6483.840430371402
6504.048543283896
6586.6117076253195
6629.31072733907
6641.65994207138
6784.355578919808
6794.693438302492
6796.46226187157
6796.724240440056
6804.810038222207
6833.060083010474
6843.900347477797
6870.78589470164
6872.85894693639
6903.04543750351
6918.156242852473
6943.239773855623
6983.634283261042
7063.284880334364
7080.398206521267
7142.556054469781
7202.138327925486
7236.971133260753
7305.069526663629
7315.722904267381
7322.767851464635
7363.349277962714
7383.5796090420035
7429.463632887761
7454.092562161018
7488.008240086574
7502.393690785158
7582.989997866922
7662.902834484379
7681.34292281553
7784.3971536317285
7849.734471199696
7924.382164884515
7942.404852200763
8004.681096399149
8084.456543136039
8108.409237594785
8203.552857637947
8224.253182321687
8254.100650964405
8259.862041700326
8263.82303053719
8404.164908832852
8434.354237783584
8440.139892173975
8462.564548522618
8504.001871755969
8564.100226438353
8612.012638082886
8628.95749224492
8630.175758677864
8630.197257662592
8651.255737379184
8651.5938360957
8666.802163246732
8703.93689171227
8708.295614824974
8710.502043944945
8726.21284046568
8732.065177388322
8739.726372321955
8743.997936753503
8764.13390524827
8770.084287854737
8773.528995809625
8823.901758289265
8841.486715437697
8857.736501832846
8910.593847592592
8925.827555400738
8955.841097265527
8985.831122429596
8987.113004517452
9028.376537504264
9041.49205224459
9042.562647453837
9051.943029324766
9083.803631689598
9111.307561493344
9138.28779410972
9139.831278337959
9155.28054784184
9181.226462869136
9240.756611086004
9242.695819530729
9273.617687724885
9277.000742544516
9308.311246200745
9311.140007947852
9315.597750957118
9322.423545824391
9323.463687775282
9343.202372290023
9366.691224228314
9369.073154696254
9378.598896811513
9396.630151545365
9407.459297849671
9421.044998578476
9427.840986488125
9441.314197880754
9454.268341195571
9454.342211773866
9464.599550545285
9471.923470874144
9479.4050934703
9510.583556112102
9514.04500267827
9520.727210892497
9532.121837868059
9544.80017241532
9546.975526794819
9583.45068204041
9602.939931386067
9620.211030481338
9637.490120040951
9651.571017057273
9688.281941490011
9704.231725322765
9715.832789357324
9741.446172062371
9748.070899156475
9762.985562275095
9763.332588968104
9796.708495227556
9820.56092913279
9847.184007961101
9852.569466511899
9883.441091991823
9890.690328780332
9924.113369241702
9984.540616475846
9994.749122416606
10019.1801876656
10026.002479887171
10036.330207877862
10039.49764042956
10056.261611861279
10058.584296668294
10083.291974204409
10096.063251995189
10124.901165139956
10139.488497902557
10142.541277684142
10156.901919003214
10183.399085323197
10194.334043805564
10197.507504396694
10209.899458204036
10215.346761297295
10219.975237867477
10242.989810283241
10244.51222519048
10249.186022707929
10281.862890789287
10289.369808975407
10301.717962441504
10305.367033341516
10308.14685149702
10325.447175020972
10330.926682615816
10350.177949082263
10356.034163157685
10386.200138811771
10402.68232733613
10411.563050446008
10414.358638797414
10425.354848734825
10452.909904334067
10464.196567249288
10464.488981155811
10475.637457894267
10483.920055315239
10483.949184751447
10541.47041729103
10543.186150498315
10545.782979701986
10574.883097678521
10580.703685927027
10584.191074580298
10588.821751644518
10603.675188631712
10610.778520691943
10616.900393948983
10664.09479529709
10762.748421982627
10764.120905076114
10864.020302190766
11103.726893598823
11104.934636492311
11143.993661821049
11182.6551795531
11213.485301506626
11262.801926233898
11342.989591408168
11463.51069544822
11505.189931490839
11563.124410389595
11563.94090051534
11583.486413988134
11603.637427057298
11604.750670327723
11623.418639106909
11744.158596916672
11784.172024819069
11803.655490299047
11884.049623667981
11984.4796196762
12064.169705641549
12064.243734065412
12084.026587805998
12084.3497027125
12162.82712293845
12302.946341575349
12344.499020906444
12345.54710210436
12464.214547862353
12584.409171072783
12783.791205560168
12843.28656314703
12863.237595433195
12997.343815870638
13004.043528413049
13023.231474381942
13031.611782003563
13253.210416590815
13326.753589556685
13462.536653094305
13505.041893863247
13543.586095323379
13588.37561891767
13686.388427635588
13693.119779545352
13723.674249282085
13743.652685000377
13750.422670470698
13764.27768588999
13882.697637878236
14042.733387764545
14203.328767998966
14243.063804348687
14269.346336542701
14283.457121206842
14339.9781167672
14515.065525075217
14660.533085239558
14680.776828697404
14684.479103888338
14764.494390200314
14823.905754776984
14862.348207959963
14907.534855876715
15125.506310439503
15284.428961901867
15364.395796894769
15448.395910277011
15450.912109415234
15502.632268315077
15583.67839458767
15602.649282613856
15652.49691697461
15722.97246773956
15884.489215206077
16024.075568580089
16089.835919020745
16243.331219536833
16390.94692697385
16403.969908152285
16417.064212661568
16447.52881306883
16603.580433399373
16604.810387334208
16769.901856228447
16803.455846658104
16903.35209558082
16921.331247269463
16941.679245344287
17163.568669163426
17264.68926003089
17283.412574133956
17300.467584241476
17323.76195664134
17342.998392924295
17463.15661339679
17482.990811729353
17483.553701805984
17522.693968487998
17600.75990529075
17602.44951945734
17602.753053620563
17817.804896823574
17859.039848433924
17893.65393945541
17923.89737917095
18222.837855493515
18231.621976215625
18288.0299015018
18323.8315583107
18388.208729905044
18404.165031993736
18503.769880839398
18542.621976954433
18644.836201841095
18764.32277443515
18765.430201717692
18888.087113070804
18963.37997856863
19203.477489775185
19203.672641711775
19357.729662654565
19504.19280990833
19603.562018476558
19655.02712741173
19704.060945274585
19756.73930419081
19825.360780877498
19963.252190248593
20023.564195633026
20123.34540452289
20126.44744564123
20181.213519620847
20203.123855174636
20262.297638328862
20320.773461839126
20343.301126568906
20364.294434274234
20404.296879492827
20723.102834431407
20947.196621496823
21084.739817845566
21104.650506040336
21562.221338444262
21563.648274236486
21563.79589800463
21584.088594742425
21633.96809976362
21937.753986760614
21948.998454822915
21964.22529813621
22003.308580567988
22043.314130355076
22083.185817444923
22083.824455365775
22123.075879598782
22225.822132526817
22283.7944986324
22302.33126527215
22425.295448373243
22476.86180111841
22542.703241725212
22561.989351140535
22580.61803265674
22643.156212133566
22704.622973405232
22783.47115605794
22843.99023388704
22844.6907920608
22955.21276712766
22983.668883339265
23151.647271332527
23163.941459141366
23225.378535067663
23313.780733711174
23424.486739912103
23618.004669754733
23729.005075735822
23784.489256461857
23821.747236640975
23963.932742217494
24223.765098960394
24323.73402945732
24521.22254568309
24536.71774659865
24663.551234774655
24765.38923554216
24803.020639912815
24823.747907766443
24955.028218096664
25007.72901457072
25023.05524434295
25043.122980453412
25067.071722094155
25082.390058841298
25082.89784143068
25124.13826022675
25165.258004802323
25185.08013270875
25362.08724186903
25391.502318046005
25584.390378067023
25803.53272919062
25843.02093243637
25844.418768886346
25867.164024399295
25883.537033627697
25893.891459124898
25943.162940953705
26024.6806554922
26052.279947031544
26223.465610483236
26223.863672922667
26303.335577568752
26336.587701134646
26443.5052908503
26503.281338945202
26592.588071435035
26603.348784699272
26703.548622869832
26703.939365820494
26709.899679420592
26749.149062478446
27064.20547976417
27124.269147822517
27144.46521967296
27245.400824024084
27304.22046895578
27403.581219516767
27404.008807625774
27625.171859517213
27723.672665762133
27823.355159647937
27824.048125504243
27883.435664796947
27964.040716056526
28010.892336402525
28098.53222925094
28180.922349181652
28224.434062212265
28244.04092321899
28312.289899758474
28382.848585871332
28445.942314597014
28464.178904506363
28603.7673416552
28770.050568447004
28840.36367144814
28926.447853610433
28944.992237798528
28963.86023795081
29073.361896637933
29123.02289994222
29158.18767221224
29234.64413157251
29303.714064221935
29366.08852218883
29521.044695360746
29557.927606467674
29623.53239688811
29662.254494540146
29663.919164429844
29684.23201208409
29703.88809534617
29862.981949457127
29963.68172263424
29986.525404492204
30024.666184036414
30104.7391802234
30123.130970301692
30142.577496130805
30144.252242102288
30185.872152515425
30274.1519826455
30283.939192640635
30315.93601004521
30336.271121068003
30427.317605207114
30439.77448829411
30442.75431745474
30462.933668385373
30582.250831295005
30584.489577157983
30665.12023120712
30674.608058439964
30744.030058226715
30900.245060854675
30923.635305939908
30923.66167517047
30924.416629123036
31003.340848745494
31044.809775284273
31089.50176508914
31183.245945763585
31202.55807424525
31223.325366680703
31263.521353890632
31322.67942661501
31355.549409138883
31402.710976800685
31439.045783512353
31443.070507474415
31443.904468765304
31463.336719485887
31463.673645944684
31497.602003791046
31584.280375511877
31824.091094632386
31903.177262463538
31903.56414683988
31943.967072608568
31964.309358703984
32003.95128910078
32060.89673592267
32084.463150324464
32084.890981780525
32085.457578142985
32104.49015357462
32113.843322824498
32143.136474549665
32150.088333333402
32263.19242419765
32284.4716217918
32357.337620282065
32444.70814327425
32504.158949645836
32623.867529917552
32624.83244692775
32722.014810864457
32854.101044573144
32883.5465786488
32945.54271697937
32952.5634044327
33042.56461556352
33160.010883914634
33164.38870472017
33167.63650786535
33203.57829272244
33253.456486560295
33263.329694440006
33266.76336065995
33272.935535222074
33318.874130119795
33346.21640332867
33484.07440066941
33502.64224557809
33503.82195973204
34084.28845515273
34167.05056137019
34238.864914055564
34283.5103846389
34303.85534553271
34340.636182971546
34368.97567498537
34373.97643372943
34381.25256735484
34388.44360908051
34458.93896448054
34505.2468596051
34588.23470584039
34603.472559314585
34604.4454722539
34620.25211582972
34634.66284453677
34659.34146563407
34677.532074710514
34703.10704196285
34746.13561051539
34783.46558803105
34819.153442810246
34842.21959368755
34982.998595714955
35057.53216579525
35083.079066662016
35098.202033483816
35124.46187449898
35125.2628841995
35184.08143978543
35247.893524165214
35338.05025383823
35338.40741313014
35413.79213793073
35442.69901954064
35485.104752970714
35516.92955116816
35528.693165023484
35542.903875656346
35543.67189982945
35643.121180068214
35650.66980117239
35661.387274790206
35709.716888898096
35749.72671335324
35803.30197480841
35843.94718333934
35903.349329601035
35923.88256942604
35943.39386411219
35963.295583023064
35963.93316874664
35983.31349380077
36009.30607224442
36046.31951047274
36058.28590794844
36167.72239183042
36221.719477486804
36266.39818847055
36283.410842384525
36283.80432625215
36284.729000788764
36325.19066846704
36343.24874290239
36496.95324327643
36532.19252604957
36539.91675802213
36544.444111780664
36564.18989695729
36662.483958986384
36686.2852922363
36700.136740761
36704.03945747561
36723.82812576216
36804.50830303102
36860.17084066451
36889.66861421482
36910.51954188576
36963.19671529949
37060.428320484876
37068.12591278573
37104.140304987515
37144.11627314507
37144.821028639366
37161.334356964064
37203.514438074926
37230.18574897121
37278.6455507653
37445.87028977701
37455.32870789253
37483.524738436434
37504.049869956296
37523.820428387284
37623.2481733338
37726.99841995055
37744.152460404075
37783.82443987434
37803.430732649445
37803.607696533894
37824.06499414671
37824.69650145087
37828.92009822949
37880.39035408593
37884.17430314001
37899.85931756809
37967.450190254225
37982.055970440684
38104.0023052427
38113.22425222146
38127.9982115612
38171.076623714514
38172.68741667023
38224.57025364446
38244.34496698363
38263.174265744514
38302.69011510343
38498.96140882844
38544.38504701988
38546.47926057765
38551.865500701264
38651.1250106133
38835.10628429768
38843.29153287775
38843.687599646946
38963.92341685173
39082.7884927753
39189.04494278873
39202.45755136954
39231.417128230336
39272.08350780876
39311.448046416815
39344.338993329235
39362.54884666711
39389.73821236615
39519.45142625709
39549.45292955552
39622.70479933782
39684.11493334138
39697.05364664069
39703.81384802197
39723.62724152752
39753.80838311058
39753.83738811861
39814.83815958375
39825.598157955064
39908.063926367715
40004.446563882135
40198.049142703894
40303.296098742365
40352.375344721106
40377.462635475415
40384.61248991056
40404.875246304284
40428.483394163566
40468.49798499383
40476.389990767384
40546.96518716466
40597.72257372969
40623.61832336579
40625.633775625785
40645.162392637976
40652.419677980324
40663.97503998171
40735.489466700106
40743.67328464115
40763.923067964424
40840.05536043915
40879.162292173314
40908.70219656423
40924.80833489897
41085.77095434359
41114.81718252589
41162.8426477599
41200.25807849622
41202.93423547477
41223.63849804556
41249.21179854573
41303.86567975952
41323.42256785351
41363.92159020302
41374.34851976992
41405.27218478721
41424.76690350325
41456.87140138858
41474.40670398915
41495.486487422844
41637.14291662586
41727.09497594464
41744.19402559886
41847.043024154475
41847.64015224009
41903.96525850729
41904.109267724794
41915.25601309148
41930.33208942836
41983.510914968625
42085.81474898114
42125.81743112528
42130.07277936511
42171.091917159065
42195.16768741607
42258.8614329651
42265.01669743976
42274.50205088906
42295.865754423896
42303.70133002852
42342.755144635936
42384.95522476257
42481.96598664306
42603.71871570006
42623.55682776585
42624.31356698947
42723.6561409545
42723.8450137717
42804.4676617309
42826.94074178975
42856.713223643266
42883.204286291206
42931.84646019935
42982.17756530709
43121.10021947107
43137.426305075445
43148.516011019245
43211.83998444062
43228.49508540283
43243.48515001689
43358.97857536452
43370.096615765586
43424.3697161796
43466.95441350031
43525.38438157116
43603.84997036482
43605.64938112107
43702.89190289854
43741.659241736575
43779.195850757475
43813.60362831664
43836.37508562199
43941.43560134546
44024.779822249824
44043.72803560155
44046.12088909151
44060.11965197344
44173.8184694996
44193.13751820577
44203.63136011442
44245.16839901594
44297.67849883545
44423.54138507992
44464.58618079856
44464.74623003894
44605.49080211034
44623.84275425406
44682.79311297814
44787.65088941313
44831.13617697324
44863.48182768676
44884.57979336622
44897.53090034381
44903.286259295455
44917.935443295646
44962.90712236754
44980.78592731983
44984.62272861347
45031.38253203003
45050.77752793483
45063.503848099834
45136.97420348424
45143.32634977386
45162.13953522926
45246.25278899934
45321.295615439274
45343.30327570402
45384.074227965946
45398.71676362174
45499.025611875375
45543.959890952494
45632.84011836722
45643.07595793243
45751.70004446
45764.32402868488
45782.13476780145
45785.97146178129
45802.8988189963
45829.238295972515
45832.34838374353
45964.10425705503
45965.72184597301
46045.341243691946
46065.109152911784
46103.89712865394
46183.12325462935
46204.51967431336
46219.695920894315
46322.39526099283
46423.58986993031
46423.930656880235
46435.808601901284
46543.73048117986
46603.11398701058
46623.27997672966
46646.527309958314
46702.78613410962
46863.05272580818
46865.50381543661
46970.30495560935
47003.24771674814
47063.77174232117
47132.85498079332
47144.24456053443
47162.410824609426
47196.97003864405
47222.343236243236
47244.86694718026
47304.56144805909
47313.061229900806
47384.0937191415
47460.903145064025
47463.788712993366
47468.17063748144
47524.12876861612
47557.072180332485
47601.65734973169
47624.62322923107
47684.132178266605
47718.28368092846
47723.252965786734
47724.455849175996
47744.377869497905
47806.25589882275
47824.67628586857
47835.17181670161
47891.36366794872
47903.69050538265
47923.13133017961
47942.7077518734
48043.88230851361
48062.758811852254
48070.86848666385
48103.16790109923
48126.86787488295
48140.67542211801
48152.56096322156
48161.29938762373
48363.05207683193
48425.619681256234
48483.62536025979
48503.63549445192
48505.9089054502
48557.75020610588
48616.5353812443
48632.78414993372
48664.901362144476
48822.428522171045
48863.11165444191
48926.258555274515
48976.95171905274
48983.79042933358
48984.39302640362
48984.787393689345
49017.16027091647
49104.05988170142
49137.139697229686
49168.39858614338
49195.606138113864
49320.964864217036
49322.276489419426
49383.08509777597
49468.94901740068
49543.62180676538
49588.97913581566
49615.950614816
49675.140733399625
49678.12791419485
49722.373209293924
49784.099258584494
49794.61552703376
49802.92266476614
49877.80547452974
49898.880967719546
49918.4970542036
50083.29549009674
50104.72718748719
50143.03004527322
50156.89138328018
50162.53810744894
50323.81790757469
50463.56368669137
50508.51778121911
50534.43821290095
50552.35711983653
50628.42202503203
50654.02815658568
50706.59541004273
50711.8309310485
50723.1182499779
50743.7687055905
50785.89952203299
50803.077745901086
50843.122192667106
50918.526674216824
50927.622036499444
50992.046642107176
50994.99106603139
51080.42722785974
51090.2832325982
51123.87811149572
51172.74702263375
51343.17320670777
51442.6241222913
51484.43991761997
51502.96739757275
51504.94174099342
51543.014461863444
51660.970003082715
51723.47095395065
52164.124924514916
52354.80758407813
52404.647176285675
52684.95536581457
52763.05649952766
52783.67838930316
52803.58586232079
52883.9678833373
53144.357826988555
53283.09740881085
53305.50364561256
53323.269740208234
53365.33140791965
53401.994196036285
53503.92679559709
53602.303641783394
53623.76221757409
53683.88464688494
53703.7411707374
53730.38073755016
53864.191876044155
53923.40355086772
53942.2232448069
53984.16339570346
54002.625593728226
54224.695995771486
54243.22902634303
54324.95097675881
54524.00644140666
54563.55921150422
54592.62590036565
54803.391432267104
54803.52311002217
54864.516240869896
54882.61799255372
54963.34387525777
55284.815210091736
55342.38780359023
55422.69009148988
55444.31056440617
55543.933790091905
55582.91811652282
55583.27128017155
55603.16059580396
55643.421199587014
55724.06048776455
55823.3120646543
55903.03368599768
55984.116575240165
55984.13883525237
56063.61512214297
56116.73556933346
56162.51785939976
56183.08202626946
56444.85778551782
56583.82654919695
56763.828632272125
56824.42626199715
56904.13568122944
56942.859111523394
57043.74067377511
57224.439773775506
57436.424295100616
57499.52598395794
57503.00813666245
57577.95342548872
57835.26182532973
57910.52289847549
57911.333154497945
58125.05935065411
58171.06951176408
58193.3865614445
58223.721466261544
58291.8684078091
58303.515049657886
58323.206519169435
58343.05104878845
58499.50795126413
58503.40853786422
58563.201977757606
58803.71983510112
58864.15754845023
58883.58628279388
59124.831220869884
59224.828949718896
59263.19683979796
59303.848665548925
59333.78668497248
59463.32579111122
59702.49622828532
59764.36682472033
59766.877198635266
59843.60560811519
59982.486268078115
60102.671641965266
60204.06814971053
60363.88925506117
60583.604137001006
60662.9100227659
60672.54907013994
60702.45299680663
60722.4596267886
60724.26364015154
60742.49277022935
60744.4179123483
60844.082625009716
60863.90370923852
60982.39318999619
61042.393702855916
61042.45376010252
61305.07897773388
61350.821440104235
61395.82908960495
61504.33671964162
61662.544765352446
61683.2064535693
61781.452485571725
61822.888041898004
61843.224656095284
61892.65040554518
62062.51541882463
62092.75831044142
62264.98087017017
62403.403894400166
62404.91978027132
62419.22407825865
62523.37236481921
62683.08786316708
62683.14895717113
62704.507302729515
62713.494885866334
62883.93167530236
62904.13026691412
63145.276704751086
63263.62567590361
63344.56615343368
63603.960276661805
63763.96189293936
63802.86268381801
63803.88564744351
63844.34782383789
63870.89306811478
63953.33251465294
64023.42860664046
64083.509681476564
64103.85683936338
64224.69936249955
64418.47104896027
64903.7274813542
65042.86538937655
65044.46806379211
65143.12637831722
65184.4170859606
65310.66866206263
65523.53217042709
65723.437360358
66123.64360183223
66303.84297074338
66343.80671065555
66484.17457259318
66664.17953123151
66844.00868821902
66883.40000377959
66903.48588274712
66924.1794170105
66964.76416939784
66984.38345683723
67065.05840979081
67130.60109146553
67263.30693598252
67383.98901949456
67504.35502161473
67862.86613525965
67902.81684405339
67904.14026841836
67922.67207961969
67984.62737443199
68083.40869934017
68103.28606257895
68221.41928153973
68244.15024072262
68415.21120086471
68463.15875909776
68563.51911749195
68685.64129771657
68783.30096135385
69023.82828457524
69064.55920422103
69151.09799561725
69209.79593650489
69302.06538588376
69324.11099563025
69344.4461155853
69354.63856813479
69422.02948048871
69483.31688766996
69488.96094609406
69599.65388274811
69663.07420033314
69683.56461309585
69711.73956771789
69763.27647296875
69782.648237247
69824.09566765434
69861.14340267329
69904.004296785
69944.83031341879
69989.98321764675
70004.88350958549
70010.35166225398
70011.24117049585
70017.51377941848
70023.41771243006
70044.79380453024
70184.08470760824
70303.62510136477
70324.84189324637
70383.34321923133
70463.57875861689
70525.54808182435
70583.86746787633
70603.08913763659
70643.63490064729
70763.36558364784
71083.38498251658
71092.61885607874
71203.18780068417
71204.4807691589
71209.21216126451
71222.78116019168
71264.84266415573
71318.88045051697
71419.07081412178
71452.11715404136
71464.52366775372
71477.83267623506
71505.4628217053
71523.97790938693
71600.90185499952
71603.29429487363
71708.02675911537
71783.93725187611
71829.8125858017
71851.8963847497
71862.86920134582
71867.60311694817
71870.1678640986
71904.52376922162
71977.60424244513
72043.3766746185
72172.8923143044
72224.03423456624
72242.90061886162
72283.55668972188
72324.3064726002
72364.12769986964
72547.3188983085
72704.46447157829
72706.84661895622
72843.87564275923
72882.47757259515
72971.6555792662
72989.67506005909
73308.74548986285
73356.13461261787
73375.75912098451
73381.17656554595
73412.96094314317
73483.44964726664
73624.29072844426
73663.66887147482
73804.11691554353
74064.3597312893
74144.07032890081
74244.30560978966
74369.46399432851
74484.36243898765
74520.17451509397
74562.4777246756
74564.73374955439
74622.20523885395
74684.87959793198
74844.06357310014
74878.14661814453
74943.71286553083
74963.74562116996
75005.64548833661
75139.42604205427
75204.0677252242
75384.26311106845
75385.38160518382
75602.00305469925
75604.52204706009
75683.05367336946
75765.0808057426
75883.44000349741
75884.84857489166
75964.18336344245
75995.89860879077
76064.32068419008
76064.94501213773
76283.85843233741
76383.41777932821
76443.0269742653
76477.52043673306
76505.0073098042
76509.83127660307
76524.10575258885
76623.54988744842
76652.78969118843
76814.15005580713
76814.72892986111
76816.76519172966
76817.54909912466
76819.22245471845
76823.20046411546
76824.22640043878
76824.62482494266
76827.4984174605
76829.47770659204
76838.4021764303
76838.83865186684
76850.62238866913
76855.6928194747
76856.7915962768
76858.51205185805
76858.5192256082
76863.35474267526
76883.43349902357
76898.7332747841
76902.71112988454
76907.91615545262
76918.03768078702
76923.39930918414
76924.63330417838
76930.66117790088
76940.31391844209
76945.3957700666
76946.18734709547
76954.3430250319
76955.50360371204
76961.56646008189
76962.85552373694
76963.58593831277
76963.78181483933
76964.71492212701
76967.39114026041
76970.21334841795
76977.41325330558
76977.41734407992
76980.69862801327
76980.96194791463
76984.06391384454
76988.47577138324
76990.38592111363
77009.02941350942
77012.4673375884
77012.69103887602
77013.87602833306
77014.1449146401
77016.3220876357
77020.93679664939
77023.44644449424
77023.91827381354
77034.99361205888
77038.73957527117
77048.92642965904
77050.86652308697
77055.07259715241
77068.56393329453
77072.82602160789
77073.17511224824
77082.68847377735
77085.99025673562
77086.96920040817
77090.46587862827
77099.6122635264
77099.88157255667
77104.30200688439
77107.11075522713
77116.83763439585
77117.18583672013
77118.23242340163
77123.26978210565
77132.93901108322
77142.15911773215
77143.3956613446
77154.50147888169
77154.7602236658
77158.33197705942
77161.31937607739
77164.85426459498
77175.84482862247
77204.72208631318
77263.31313201641
77289.81997118285
77440.36225971434
77482.02944588813
77495.53955451088
77503.2956891264
77524.68333729035
77545.13401343786
77602.53010654084
77603.82770543756
77723.0396842893
77783.50059077637
77817.2327499784
77845.37474404619
77909.57504544937
77987.37367977666
77988.5803314027
78044.20622347716
78046.5913643466
78080.14021056399
78122.75959161537
78138.34262168885
78143.95206229956
78242.07774842497
78264.69683943072
78334.70796570525
78443.00248525235
78524.55612878563
78583.8696272214
78650.5675344264
78683.9894900439
78684.83190370438
78743.56944432172
78783.50590981309
78814.6527617182
78817.03627325226
78984.85001035678
79016.35682317235
79178.45007643243
79188.38122010182
79242.94600603297
79264.21276579973
79304.16766369891
79364.00511423104
79411.08329053126
79423.18204126235
79463.84004757808
79478.41279818483
79540.77174848775
79599.63402796446
79610.51648955216
79619.8347107001
79623.12369609727
79724.93700111049
79815.4850534815
79824.07471426127
79843.23915126527
79865.23489976255
79905.49155519529
79924.4897460308
79933.80319314585
80004.07744789557
80062.62095705618
80075.97928337255
80104.22590482597
80125.4901077561
80150.5491154888
80183.34106109805
80227.92995115818
80300.82954842702
80305.2196429602
80384.1979028417
80403.85997915301
80468.2094758547
80479.24184202553
80516.09674852355
80517.68002233829
80523.61683149732
80528.87908938802
80544.74207647487
80563.37389302802
80643.6564091382
80684.15070479744
80697.26889207783
80744.4671949382
80778.38247064078
80784.82785366355
80881.45497424927
80904.95070637098
81045.00290950014
81046.72135973255
81095.5056183803
81223.70635120528
81313.57233431633
81323.63342411074
81340.55648352306
81373.92022275188
81419.12418586755
81432.18529625154
81523.46841358804
81523.51230880451
81660.05542209462
81683.19570122832
81689.99848716074
81722.63049200049
81740.89656370858
81966.35686202446
81980.37122162503
82004.96046723553
82108.43646007312
82125.01762305183
82136.90070521024
82144.26752440564
82163.51389639435
82217.85398718128
82247.57405751152
82323.95114070128
82324.2911506398
82503.61603420456
82503.9806441053
82604.55492330255
82612.95177203277
82624.02288733628
82723.3998926508
82783.42635273555
82885.7607651292
82944.89751948307
82949.24910134512
82963.82023577933
82982.51823519585
83158.48369222124
83163.80738478075
83223.44247484094
83311.84266058248
83495.42009090008
83586.90783274439
83622.32669508757
83645.0759901316
83663.61163313441
83943.48255338421
83998.98315161755
84018.48733534622
84043.01078026422
84103.37125585717
84121.00839694789
84248.55297710413
84269.0086357264
84341.23783291907
84348.01411778318
84387.03529505407
84405.78780484667
84438.23675900276
84463.76722732515
84500.50262314342
84525.1091887016
84557.6564777436
84603.6104058436
84749.79835466633
84843.58615316222
84859.5693109428
84872.48913005779
84923.77523181679
84943.48729199986
85063.28458286963
85139.02280212355
85268.61760188825
85313.36252270566
85333.87736610931
85363.12075874006
85403.82863306632
85423.67483379002
85463.95085357573
85483.70350172716
85503.596073576
85503.85871413507
85509.3727421766
85563.25947921126
85583.4963558148
85586.1984796941
85586.61610621541
85586.80703351811
85602.6745104422
85610.17102272988
85643.743661052
85702.57192462857
85704.15922176841
85743.97121784589
85844.38293764331
85903.621179154
85934.57016257635
85990.43825174257
86009.31452353417
86146.47955968587
86163.49171488713
86175.52865907238
86182.40470410981
86223.58796036342
86283.41529108811
86362.99158391444
86388.52974951877
86493.08844474166
86498.893274461
86585.07221147582
86602.90347699597
86603.4388255882
86614.30784652862
86622.8195400601
86644.41411295377
86702.29838470207
86704.27518816941
86723.69967484221
86803.5845554326
86831.35415356133
86847.82967767782
86885.2518297685
86939.71479266064
86943.84091810159
86947.10414923751
86964.02504190472
86968.45740758226
87012.12325405175
87028.03298182167
87083.63124833626
87083.85971873916
87105.55515116706
87132.2275321738
87183.08247036234
87217.07517622842
87225.93146124555
87239.80695682499
87243.67069263049
87255.5931552547
87323.55570908345
87493.7305621633
87504.05100023917
87577.26161256342
87602.08368350862
87604.05680364509
87643.25684897802
87765.15677708089
87784.41815665996
87804.53960663798
87824.97713062108
87897.08173890684
87931.7490122046
87975.61409679615
87978.82563145127
87983.14147626441
88022.32311410192
88045.34091861876
88063.25949788469
88067.95269116508
88164.39562194618
88183.59828179123
88222.84047721917
88223.50389752914
88243.79341179157
88261.66947334427
88266.55491291721
88276.84781193294
88361.08805297021
88421.97208230768
88444.02859159927
88533.3109577129
88586.4957499951
88593.91639835424
88604.23772665209
88644.3072860237
88677.12906043361
88683.36663074912
88893.05410115125
88944.47103197758
88963.32681373968
89003.37156386313
89004.63184351368
89050.77184869075
89112.4048528153
89128.48867068479
89143.0519539854
89143.06233584086
89218.19573126889
89251.25651272846
89258.04147688128
89343.89160047442
89350.57647934495
89559.99517652734
89565.82279295717
89723.4148149848
89724.89509993773
89763.47862172371
89782.07014641984
89786.86663428551
89819.37458806337
89842.96808700087
89862.99348948082
89867.53718311888
89882.41447643489
89884.2603353823
89913.0364211846
89963.45062650854
89973.0455944573
90034.65540070525
90043.26167932509
90063.25940881122
90073.08161020951
90164.47360457998
90302.0379123491
90357.07321622327
90401.98176898272
90479.83977660186
90542.89557077704
90603.22720577949
90644.88015779888
90696.83554875544
90762.62669479845
90793.4620932728
90873.74974207579
90877.53802932004
90883.5972571993
90970.04837046548
90983.85202586443
91081.79888338184
91122.41280405961
91144.5218628718
91192.9900837087
91242.30289401082
91290.50872311342
91290.56997318527
91300.67199530834
91360.21622592187
91417.60503571901
91439.40181007264
91516.74156151435
91530.76391482318
91664.03374057128
91703.888412315
91705.22784083118
91763.3397840653
91803.82536269704
91809.64977246225
91827.85899779166
91883.2402595018
91935.87407534567
91963.47279555925
92023.2329474763
92115.59261974812
92183.72922288241
92204.83197350014
92223.38152395292
92237.12366972867
92253.37718304295
92263.15060729062
92290.89733883496
92303.56286213551
92446.18422918061
92530.48242194943
92540.08290634991
92545.17961002156
92585.04732805559
92714.74827171923
92817.17451520357
92831.83412710043
92963.24776753745
92968.75063555947
93289.19696994602
93320.71174305849
93387.73797248094
93402.54955855789
93411.59353697118
93428.37580176501
93452.12641737521
93503.39738738938
93539.32910814465
93604.18266133324
93616.51396390407
93624.72129117948
93660.47221005385
93703.36004865337
93703.51160877514
93715.8260583229
93722.72226632043
93724.06464750132
93763.17604465935
93903.01288994578
93923.94834150409
93938.35370388217
94124.56091676344
94135.9728669546
94142.3285302597
94144.36476418003
94180.80638221811
94305.3516025788
94364.35574420061
94394.33506393393
94403.70889747968
94463.57602932128
94517.81122605657
94587.62977215725
94644.8136208051
94664.07388746945
94759.08289644342
94763.49411932979
94841.7787307039
94963.0050907287
95012.07670696986
95033.15699331433
95034.28028785
95081.78838196024
95088.10641236085
95114.39047995285
95121.54016989494
95141.46641424175
95180.17507014246
95181.29616870076
95216.03271808832
95232.32709857728
95241.82178406301
95243.52388410766
95258.87255215457
95271.16149644487
95297.08218864715
95304.5249029395
95328.61725370382
95336.32881697394
95340.50119203144
95391.36994992684
95437.25395381446
95462.22926541445
95468.88373552602
95471.47425834024
95490.48981121862
95522.05506283812
95531.32739732777
95532.05534605544
95536.56301667691
95544.3588704708
95547.4088365097
95603.77065334067
95604.16501446228
95623.70306952891
95628.19269992934
95628.99968979754
95644.98269302245
95666.46704424747
95677.42956924411
95728.5793252137
95728.64566843527
95738.14339064389
95739.68438035587
95786.36954640833
95786.54157946663
95802.86559382008
95803.7177028035
95810.61102216717
95813.74302679396
95826.6808713114
95851.62620893047
95861.99390921136
95862.23674357292
95866.34711361775
95868.15226490676
95887.23342429951
95923.40293345471
95944.41645894918
95946.26166014731
95970.74839330852
95972.82259371232
95975.35563422542
95976.26859418332
96022.71604273036
96047.86486632221
96051.53931417194
96058.64156468841
96059.79068485908
96071.53846623887
96086.95773958715
96093.97518325556
96117.9765556729
96123.5314122734
96133.06113224784
96136.44307115178
96145.9364569023
96238.99340415456
96274.0529736693
96288.40076745153
96291.20457458263
96319.66193124799
96328.45773142499
96343.54060217513
96365.04417517575
96384.80776478919
96389.5863904074
96392.59482116673
96418.64634477184
96428.09382614904
96478.16783469249
96481.53946044814
96487.53173180849
96487.78658783315
96488.66985097335
96500.03035252767
96500.64371969253
96503.91474322458
96518.27868420811
96560.11770479036
96560.85278588114
96573.89504379852
96574.90137345862
96577.10126160298
96587.58439759536
96587.60751831617
96608.65618486475
96623.76222486998
96623.83942271344
96625.62654775775
96634.47638841183
96642.14894086216
96683.59461436748
96694.7709179901
96704.52999208972
96712.3616866032
96715.96817329674
96727.83388930582
96763.92415964387
96766.20783191756
96784.5027673203
96788.0417574135
96795.73312854067
96807.93762637096
96812.18764189737
96814.58237265532
96827.36591606341
96829.70294885848
96843.95149238763
96856.12130311277
96857.63401657669
96862.82275060113
96865.13919637394
96880.54818845488
96902.72479440588
96904.07564025155
96915.45317299971
96923.12479695656
96936.52352891391
96942.63063961056
96964.2762970294
96970.66010283136
96974.71128155311
96988.05393827111
96991.81211064947
96995.99849249356
97001.77541700209
97005.91618539116
97007.73848551208
97016.32641228715
97019.17891605778
97020.61340373372
97050.73099701045
97123.88092742398
97163.42564436319
97323.56609175283
97324.08182950146
97403.54940330311
97583.41984269799
97703.96346264989
97744.21540493259
97768.30345849904
97843.43111382231
97957.84833229038
98024.04052206536
98062.54002865676
98062.59909927969
98144.86111304777
98244.67578862119
98323.4336588183
98400.85790781323
98480.17792578427
98665.02070701793
98684.09007982198
98684.16350349931
98724.45749927187
98784.57996945015
98847.98445940609
98864.69304153694
98886.03817113559
99103.51673948651
99123.93001631403
99223.79246635002
99303.4381605522
99384.21058844021
99425.38196240386
99578.13642761309
99643.88583927696
99683.14901635908
99764.04661447882
99943.66813911642
100063.62419503117
100103.95512644663
100145.13940211078
100182.83986088088
100244.03452902604
100301.61776788128
100304.77897580466
100445.49989509032
100463.91730588346
100466.93052372594
100525.03572031099
100643.1712791819
100703.94800251383
100805.20292273175
100922.98915024425
100991.21340735717
101003.33777916126
101143.7409329868
101292.8684406382
101383.90139587864
101404.31167717106
101563.95664015063
101603.95744151807
101662.96314297154
101824.06818249536
101844.14900672798
101862.58420528367
101943.4369826219
101985.98505689559
102064.31954767877
102083.48224737134
102143.8795479258
102242.56346500613
102603.82618977416
102691.3451775389
102724.52432107252
102763.60287125729
102765.05047983833
102803.4731099151
102883.85126880232
102904.06953528005
102924.17633211041
103288.82744536405
103324.21028797957
103404.00605106178
103604.24834904165
103623.5175091688
103643.85044204588
103690.34604408215
103784.28378924311
103864.07987545663
103927.4244179958
103944.51644647423
103951.0098613281
104003.77993037025
104123.55191649985
104183.64655501519
104216.00794367552
104442.6646307668
104523.52108384743
104583.43491123697
104584.04512342469
104658.39035689941
104724.5979210118
105002.82026859342
105003.35833032352
105040.58742757175
105083.50062946873
105143.8795403187
105144.20680604757
105163.5362902285
105168.6419695356
105183.92186464502
105423.58638191671
105442.86025205743
105503.44651887949
105517.10440708538
105550.90128255912
105584.4484197396
105703.29679783926
105762.07305734731
105882.02937512813
105883.78994099492
105904.2441450554
106002.50260930348
106149.27730865784
106164.23986383356
106303.67677505447
106363.30697415027
106364.79448231267
106384.6046099119
106523.03701654202
106544.18809324413
106563.14850000653
106565.19582285415
106663.55886250998
106915.56786028913
106923.62346650948
106964.18912884135
107005.24661025044
107143.83053314513
107342.79790168331
107371.17051622823
107443.80401777435
107503.51253301292
107553.90290008888
107643.04420820659
107742.90346580258
107784.48962450774
107847.01669963392
107864.44591653459
107883.01721241641
107983.5572769155
108010.06643851899
108073.91453071793
108123.5295680308
108162.80830611155
108163.74210085481
108182.30034798839
108203.93206113286
108304.08950669949
108378.79231245423
108403.59863714717
108485.02111814039
108581.81365476311
108684.49594405053
108687.93475590451
108745.98788833921
108764.19104402847
108823.82904312212
108832.83099638841
108923.30717689302
108924.58406735602
108964.58242441626
109074.97913421772
109090.12278993636
109124.13948901498
109324.47671746546
109416.49844844153
109424.79332741797
109463.85714073994
109483.88730002222
109842.70658874899
109858.2481003206
109963.00889148474
110141.18984682678
110343.9574594401
110345.57923044584
110483.99099978215
110563.91571966372
110863.87362178371
110962.53999445817
111308.49135990883
111603.41260808225
111724.34310825107
111737.3421971172
111983.43295250888
112003.3836780159
112042.48798381488
112044.14702914035
112075.17441117148
112091.10922095395
112244.68075777394
112301.6784780779
112303.11779792563
112627.23460959447
112742.78130945223
112743.01987238882
112824.73132984071
112843.04539778334
112992.05219703118
113088.23507660237
113205.20633436988
113263.73829643818
113284.9285177351
113364.37887746262
113384.20963804277
113523.954097094
113637.789605405
113644.09146051707
113662.7778079138
113697.89865076558
113701.70413178843
113708.7946839453
113964.54077241675
114044.31533975774
114064.26577575966
114084.17011541621
114102.35931666491
114183.93312042792
114185.59616232864
114262.92640499012
114316.45526186629
114322.72044860323
114342.07922181557
114348.80527422669
114403.72813798866
114485.39106037415
114504.07443844821
114584.4021313136
114663.11542629394
114713.96923305286
114723.98380737437
114753.02376872904
114842.15193545177
114886.28441216842
114923.67881884772
114943.78497867865
114964.1871183398
115222.78198754492
115243.01180930257
115350.98875127579
115363.49087842215
115511.74592732092
115598.85387887184
115704.44802185148
115722.74297348848
115783.33272103257
115883.98762660674
116074.0239853866
116083.26113957264
116143.52342306168
116275.76410146247
116285.35016772454
116343.37286497455
116354.54879977588
116401.63912985765
116439.57905932811
116481.5571766475
116544.13296149657
116664.04817825217
116672.5239296144
116682.68688514641
116881.5618602483
116883.98849125035
117504.54547256917
117531.69160782662
117542.59463244834
117583.90341806842
117727.18190366175
117782.42203170568
117903.84321163179
117958.27061885188
118082.16415446022
118172.95657870438
118194.52131382114
118245.35374106854
118263.0762614153
118442.95493072498
118472.07692332687
118483.81562625564
118504.25536293496
118535.8020288942
118704.06614728099
118720.04079368063
118746.78591931245
118965.6771284931
119064.44689986773
119148.79985560072
119156.64533741595
119192.77355835302
119464.5831132695
119516.45467064367
119536.48729581373
119604.02986136005
119803.30821997902
119822.85645758087
119863.38821830048
120011.67915455828
120012.35914953795
120062.91129392249
120079.01929811042
120165.41276575396
120208.3680027386
120251.13422050307
120332.14666898726
120379.85689819242
120504.44857990042
120544.8294952869
120583.5662927011
120654.56336001794
120667.77949790901
120683.14826955521
120703.04389606076
120784.20447175906
120804.65485894131
120883.67083525685
120953.71290170393
120987.05964355246
121003.7022609465
121141.69950406974
121260.17966806344
121283.75375460666
121302.8825678191
121478.94484278881
121520.71818628223
121522.78632894788
121524.63445833814
121539.75030787764
121584.2018673771
121703.47929087763
121744.9210567484
121762.65700310981
121842.12039092573
121982.2203992744
122017.54144897798
122023.51394117186
122123.84791684485
122124.50237957471
122125.23210265547
122164.66645920736
122189.7005503952
122214.22171608094
122273.30952708013
122331.0315543887
122348.20806905194
122383.75786252339
122384.81940245428
122403.17879721614
122406.94032873597
122424.2284376443
122443.96845229653
122483.46036062788
122523.65217810278
122603.19458142844
122702.657650556
122747.12842679294
122780.0806091289
122782.73885149778
122844.95015240005
122851.52886876518
122918.84919473516
122944.14598092117
122959.70063068901
123043.68513718534
123044.95174180383
123052.53760037615
123064.2389488959
123094.03602897335
123099.70602839171
123240.40110407412
123365.43583100018
123403.69019087283
123621.80729342096
123671.8488465866
123694.7775462594
123729.67526245075
123744.15020682117
123804.97646714431
123843.50667883766
123850.7973243417
123871.97238224046
123903.20228222413
123907.39006793643
123982.59249253637
123990.54902632689
124061.02318329341
124063.33277409688
124084.55583796333
124103.14206343264
124103.41748148999
124116.65176850505
124120.69396537018
124227.1993014641
124243.96767431643
124348.40521263395
124383.48251450632
124487.1387495914
124501.75680770913
124503.40278698414
124538.68019792039
124603.40958172931
124619.67595254941
124636.5021755938
124699.17457647194
124775.7299309643
124960.26896878306
124965.35788114459
124983.90751679179
125071.401714392
125084.06919788617
125132.6215226072
125144.00211450543
125163.08888925257
125187.19303753617
125230.32712545464
125377.8322691303
125415.31702858378
125466.3814581137
125467.81557207464
125528.47756143773
125535.7839316405
125757.98657502572
125818.79114620849
125863.07509313244
125884.21374244594
125904.28579457053
126032.16161721916
126044.84403260866
126124.9899947826
126183.3840097579
126243.54590986026
126343.93339507401
126360.03778203312
126402.24518014844
126444.52716325728
126464.30747361464
126467.36371065464
126543.74938707429
126583.7051676412
126596.78092069087
126628.44134352444
126645.64397892021
126655.49176168718
126762.190161292
126764.71039574975
126783.05782828496
126803.5863406882
126810.19282198891
126824.25019201664
126835.25474750358
126845.43060724903
127007.84840246078
127019.89404014457
127060.99863029989
127103.47640415496
127149.99343498456
127187.86737188984
127211.63728717493
127275.93732341436
127309.88999675476
127342.9716506826
127384.76313406994
127385.7098755127
127402.6033170685
127436.6971238849
127483.29027183741
127521.03031065097
127530.95468979572
127582.82871182394
127594.17722388104
127623.33174646387
127643.06614985803
127743.17436448015
127762.69527099043
127795.68713267488
127982.57715476898
128047.33598050821
128063.42614076805
128071.75880171302
128080.10965621092
128080.63341149884
128101.58733463606
128121.68586083538
128151.34497813424
128193.90561377793
128263.37031432052
128269.61847660143
128274.44088141207
128295.11439914304
128410.00868036553
128489.46148293868
128570.35638977643
128584.24903361237
128623.40426798194
128669.38194998127
128681.21098229634
128723.81077096288
128733.53679259584
128904.73760076151
128923.33928959149
128964.08800365194
129003.44215322714
129072.00502449184
129090.53029257861
129151.91144335546
129184.99287980978
129227.92693366238
129245.37975848548
129323.30378174088
129366.55084057414
129406.11153474497
129462.04369318495
129470.11266421819
129484.9901433759
129515.32232154717
129552.9754231479
129563.68990794977
129632.98854038562
129652.16875164186
129779.55428845293
129792.3569470311
129806.7456668521
129824.96225333441
129843.82671863663
129878.29950837829
129884.96708880081
129929.8461875447
129943.92633583008
130005.3978025926
130006.5002808788
130168.94920312219
130218.74665055852
130226.3677532582
130282.93964268343
130323.77713714208
130385.14753290432
130465.42157482919
130469.3271888736
130482.70851518905
130583.303109167
130699.95182007893
130731.69335995153
130740.05037317015
130864.08408850347
130869.22423836763
130872.4994464661
130894.27815113708
130911.53921360818
130925.65969916369
130942.12619740018
130949.74131214397
130992.33124205409
131043.6244459519
131063.50419299683
131083.48637733987
131104.57015883428
131130.49666358714
131132.43433179572
131141.90822552974
131165.5763651924
131212.55105083482
131219.98155805067
131289.5628870714
131365.25666173565
131444.34961614458
131482.36454761104
131511.36682015407
131574.56048624293
131603.31766911084
131624.03738800317
131652.82617696654
131690.0640379863
131693.38376465047
131703.95735937578
131761.65553474097
131791.87017502074
131821.94018267578
131842.8235759904
131844.30334256974
131923.0856198077
131971.76593516866
131994.42002200038
132000.50869600795
132023.16576518802
132023.25068171867
132024.14342229837
132044.30168594737
132124.82697550624
132163.37910628918
132182.5565771262
132204.3729598161
132222.49373533248
132244.12412801225
132325.03577077645
132362.03753397398
132388.7111524859
132456.20556158508
132495.7651498672
132567.04185042245
132575.99585539565
132577.0682943593
132683.80320886278
132703.87672490164
132737.896989436
132757.07119346497
132844.5491251711
132898.1093957586
132922.70464278798
132923.34297965048
132938.5441294437
132983.54151755368
132988.77905760647
133024.09434030866
133063.26481968642
133063.6990607764
133077.33315920868
133078.2040962174
133081.1620024043
133084.09715307856
133086.801097885
133113.4800297711
133200.7940887765
133203.9870640767
133204.4657646161
133244.1043175828
133338.50201306696
133395.38786320412
133562.18513625083
133585.5697960134
133624.8355846445
133702.3643507256
133722.14514992165
133722.81731901332
133750.34604585206
133803.82998909202
133803.93113754637
133851.20464043546
133885.74908732894
133911.07450211624
133985.0573525722
134003.75343094982
134023.63863605433
134083.10056661023
134090.5984329223
134144.22421528617
134144.8841462343
134182.80569060848
134195.2895311871
134204.08550448378
134257.95680825968
134260.6222087599
134284.38321103502
134286.64997654242
134313.30035819317
134318.5609503246
134404.02757654613
134404.29693557663
134404.3177776407
134418.0955118512
134444.04823385182
134445.9297978442
134459.65645314674
134474.0333698467
134524.48459513186
134648.23069541133
134662.57726044732
134673.84442048182
134691.30565924518
134804.74243392408
134823.89057389594
134907.0695338588
134943.37105213635
134943.57594261988
134949.1467946791
134952.8222080233
134965.07479255996
134984.1551272583
135109.4265063838
135146.81254778145
135162.93406639306
135183.10049532383
135314.55633662996
135372.57736580833
135384.82797619686
135415.49115830343
135423.35302402987
135524.98113952775
135569.31294276463
135648.44727227048
135722.8164132769
135744.50674215585
135751.9538591759
135784.3525972595
135792.51366680328
135903.04451031928
135903.07967086215
135924.38875489266
135950.17740290012
135953.0129607566
136003.9475025491
136004.79123806139
136022.62715161356
136041.40376735534
136044.65686323508
136044.99289006114
136081.87393016167
136094.94054370618
136109.25618830282
136143.97172423213
136287.3449979327
136326.8043452219
136343.0923151061
136358.9545372967
136429.2939393485
136442.42004689437
136483.75850162562
136540.84069408433
136575.6254994821
136663.52707652678
136704.41567865148
136764.6133837796
136769.79178079905
136797.03796889074
136819.1825505276
136824.0070033791
136988.4080191635
137022.9485755824
137024.2632399055
137026.21278783603
137044.1286243039
137044.65584126604
137057.40687001884
137066.39835610703
137075.5608038716
137125.53472729865
137144.76549420846
137146.50111893401
137185.89652484615
137263.62233779323
137282.941272251
137341.09983229026
137383.43854537568
137544.33778236984
137684.65161655916
137943.36131790528
137963.07225403265
138043.0822657926
138123.14914193327
138327.10069644512
138422.9989880811
138444.80914840687
138462.26656095122
138503.4042604548
138584.0773206971
138584.61681377067
138682.48742249137
138684.2859377321
138783.98735124027
138823.28342273497
138865.12168303656
138903.51568073433
138904.14628425209
138944.7058580713
139203.4446985615
139222.82888242762
139360.21156178458
139363.1894218809
139484.98302674017
139504.26507371015
139505.4620003847
139510.22364662235
139623.60483526238
139824.19453568087
140003.39451408703
140163.9571813186
140183.87829644766
140284.813701438
140303.79181666204
140503.14103623564
140703.40955076058
140704.55592766887
140722.476379095
140903.61654669704
140964.40019133725
141104.06295695715
141123.788050201
141224.47742095834
141387.48755722755
141684.13191838685
141763.4348231537
141783.28912179027
141863.68951573185
141864.18754685234
141982.62889047622
142063.4846136413
142084.7367420842
142202.3215804937
142365.39282083613
142444.60180457577
142462.58974538275
142483.79243498342
142483.8637711936
142643.8959560431
142864.38871559064
142881.6496805051
143002.64713150248
143042.57074202123
143063.75816834663
143102.7295079683
143343.56845013498
143402.82047969633
143503.5729125801
143552.0281337693
143564.62281359665
143583.95346807723
143802.59670044796
143843.5394583877
143912.67978500028
143946.41667373842
143984.71837404743
144002.33034352475
144002.60714088785
144144.31350078442
144257.05715108674
144284.80000636182
144323.72667890353
144504.26761917863
144524.2953595027
144564.83802173377
144624.07800715603
144664.18707469734
144804.3307373769
144824.10092683227
145043.26597065874
145085.02749720268
145203.63754731114
145242.84884456228
145243.47231081233
145464.68665005805
145563.66316552513
145584.56612834215
145683.12264199604
145699.1695118383
145703.6894842881
145723.83147290157
145824.12932715865
145944.2247697505
146163.94468770718
146243.3271722573
146302.83309319156
146481.7818871682
146504.53863696838
146524.15209025002
146545.950238103
146643.8890702192
146663.24515076625
146770.62586893348
146928.70518133612
146931.025872624
146984.1558801177
147089.61361441703
147143.59411052987
147183.45490083765
147444.22670965976
147444.50888648714
147463.2099686295
147804.08096356562
147923.43415940806
147944.35487172
147964.3324974156
148063.52306090586
148064.32298996035
148123.84571761522
148131.04078836617
148143.84988432055
148345.32720116657
148384.68841052518
148396.80113369558
148424.0830388717
148684.46388216116
148684.8536549686
148702.76163911936
148723.3224007793
148826.11658593206
148883.4030116261
148963.08984790856
149144.39607287038
149157.537909353
149203.369158708
149204.44476915707
149564.63187182794
149622.48610606397
149724.6281754948
149864.29073648108
150004.64569951035
150024.0196679642
150102.65296154653
150103.77760265078
150202.53033949638
150203.07032953107
150215.25436917506
150224.68831022407
150344.49209381995
150403.1928937365
150503.03700874114
150503.20779348875
150536.1736859698
150622.10367427897
150763.90647523847
150883.58845420752
150923.71640844978
151017.08172082657
151060.02579861673
151243.62082799853
151283.06873784304
151303.33709948772
151403.96630423548
151444.36536953822
151462.88102339423
151463.88490519003
151504.0738684284
151523.0643548304
151603.92780675992
151745.54491231387
151764.02251199062
151765.0455280442
151940.17635606386
152124.428411414
152243.51599064222
152329.78159934914
152620.39275088906
152643.85850847728
152825.3589490697
152863.01711595443
152903.78689081068
152963.4872391406
153003.25519461566
153084.13121609166
153139.98824587747
153155.68994829222
153204.98168587862
153364.6597703548
153455.06167708195
153603.9874498788
153643.93375830483
153768.81970919983
153830.17555811408
153874.53512306075
153924.00301424763
153983.4200633956
153983.59007460254
153983.87743526517
154023.7166559815
154284.2944725117
154364.7165159031
154589.10291274567
154644.28046083645
154646.42442868493
154647.171671018
154723.38874095978
154723.42284341197
154767.158534383
154804.0466450047
155004.82874160886
155083.7873792125
155123.3120089083
155163.1941316333
155185.0704611649
155223.6569081354
155266.43343934463
155277.5886882497
155403.519265069
155524.06613335627
155524.67215654964
155604.45277693227
155610.08525594533
155962.7802561967
155994.82582453827
156007.6422657919
156064.85934759205
156079.17999004415
156351.7702558402
156383.9668560707
156422.81993943395
156444.6047378895
156704.30196752012
156743.8213451177
156803.8034275099
156925.45920756954
156994.0049233765
157051.8369415123
157083.22934921674
157084.20748155174
157123.1707130677
157163.88793178296
157174.98040767165
157189.37180641963
157363.97064261482
157398.49404347932
157424.08006361904
157459.3943501539
157523.48614636256
157640.53539444815
157664.25526362372
157783.69821652892
157924.77825996152
158024.7830469243
158025.29739413218
158163.98162614182
158202.21987109014
158212.24836121226
158243.65452960765
158303.320475725
158328.3499814464
158371.42698555574
158378.1333534265
158383.12606248085
158403.82904095715
158423.58297852092
158446.5005964458
158543.5756314546
158683.78653123634
158725.02781940054
158879.3496400823
158923.85822642798
158964.89372555647
159043.05428013662
159063.58358439046
159083.472485419
159124.3037658703
159144.84368931584
159205.09019915268
159232.8170005107
159264.09640112257
159603.4337329555
159622.74178215026
159782.96629453413
159842.9606909773
159864.5389487959
159898.11180313485
159912.52690646434
159989.46254693944
160042.64566836524
160088.9992735327
160102.70148092377
160163.11059862704
160223.85068955342
160287.70398828262
160322.5178889007
160364.43575784293
160423.08916147312
160483.8773344481
160484.23245157476
160764.8645324284
160804.2551470859
160924.8052689556
161263.02961911447
161327.61067286215
161336.6421122786
161463.1243715239
161483.19706077245
161483.9071797632
161523.12922832675
161524.4706059349
161739.35934603342
161761.68436573024
161843.91147101062
161863.55856829332
162062.75476234776
162104.19007665015
162105.56726252224
162163.36689785327
162185.31514752939
162258.6347409973
162263.36685440026
162284.27095832783
162379.43069263344
162542.64321863293
162562.8070946362
162704.01067802522
162704.2946642666
162743.0917756467
162757.31355159183
162764.43303561612
162765.14560606296
162783.387189653
162845.02315929646
162880.77277462286
162884.00321985656
162940.62964206963
163184.61885037695
163210.515996691
163211.51507157672
163212.707336653
163216.11908992857
163223.36617854904
163228.20255037156
163240.09364077038
163242.71051941422
163243.11531747133
163246.10590754927
163253.04588480917
163255.19133004412
163256.3316478603
163257.64855128358
163262.3329602029
163263.91291505407
163272.42436070828
163276.162659091
163281.10810793066
163284.93535281933
163286.73951018116
163293.0676533442
163302.27736850092
163302.7904138944
163308.5555530871
163312.9783319949
163314.4845326699
163316.16672003336
163316.29818144802
163318.17851745494
163318.8071318285
163321.99281801446
163323.08703580318
163332.15716860746
163334.82234865165
163337.16384583403
163341.174729946
163356.13943070042
163359.40033949446
163359.53262816428
163375.91254119342
163380.90612405754
163383.41180121078
163388.68420193216
163390.99590026998
163395.80895189932
163402.65389316363
163404.01590858868
163407.87870963907
163409.60077407624
163410.81672048027
163411.014530385
163425.82973690267
163426.20287715233
163431.72028733446
163434.3674160384
163440.7225510949
163440.7985407285
163445.8945890771
163446.6714033069
163449.9132656947
163459.53158301846
163461.29483053653
163461.87503085047
163464.68951832113
163467.41569046112
163467.64518939087
163476.7296047251
163477.41560855578
163483.09732665308
163483.591916899
163485.46727485384
163488.2464172049
163494.98549730147
163496.90525462024
163498.32885113792
163505.35614389932
163506.63133473307
163510.51938390185
163532.2536719498
163541.36544975208
163545.86912477415
163549.80998924113
163559.17550450272
163576.45727543213
163635.6269453481
163743.72895132864
163823.72920919064
163924.5019131631
163998.88640840014
164044.99846086482
164102.95125341404
164122.81798679335
164124.37792111485
164136.4632151499
164143.7968258644
164153.73609451507
164243.60852038552
164283.79964116722
164320.73418798688
164480.84646150446
164523.50815135115
164523.94323541338
164549.97609673318
164565.16784663696
164604.59032911417
164623.56201014173
164699.17006091372
164702.98471968397
164769.8314458894
164822.20783945412
164822.32566813298
164824.82077724743
164843.77068062848
164923.8457001054
165003.18078695209
165061.4965519311
165085.75507179217
165342.6319515065
165423.72847472224
165442.821821926
165444.2833968426
165445.34231532385
165485.39705579344
165528.02686717384
165563.41370342148
165631.68081727822
165672.33856283996
165701.31888995977
165763.79479373162
165785.06023878045
165803.58906433344
165823.78408290792
165903.50415638392
165903.65931612352
165922.43706000678
165944.06244964982
165957.79640736163
166064.9713177548
166083.63323621356
166084.91839572444
166115.40913638068
166122.5490140717
166122.5755491275
166143.47458639537
166184.7357012118
166263.2900001444
166281.4236129801
166303.49801469292
166337.14451380313
166363.4652764846
166414.04238475292
166417.95738211495
166425.67118079896
166485.65315782974
166566.9515989595
166583.61802616148
166663.83926616656
166683.43610881837
166763.5147907695
166819.72380266618
166821.99298536943
166824.1141109009
166864.55103266807
167071.86991888302
167122.81794293644
167148.69626436764
167220.63237859987
167384.25120109582
167403.61204727786
167415.3072795598
167423.37512205832
167444.48324348163
167525.80865012418
167562.62381700808
167582.59783838055
167663.10678787538
167670.91232786077
167703.83926744005
167708.27858834498
167761.51058525854
167844.49265440804
167879.5976422862
167984.77798818366
168003.74127983645
168021.0193706646
168024.04848232956
168028.6521037079
168178.6596748926
168275.11402335495
168336.3914420799
168389.10503080173
168414.01251500682
168424.35517862573
168432.89818812913
168434.02304386132
168483.98194026388
168530.40562689104
168530.83392350946
168582.60899125825
168603.95967220125
168664.1895124637
168744.81760486797
168763.67163005355
168803.96764864
168818.68013660685
168823.85634591436
168879.4375280568
168890.28620182513
168952.10718100314
168963.4383925658
168983.90416236845
169004.33909819505
169017.01200105305
169083.8682339298
169124.335005456
169241.90531157688
169252.37016856408
169282.19098302998
169304.14003659622
169308.33748798593
169383.69743156555
169413.25313294496
169462.78676669067
169532.52376529603
169604.35260016687
169621.65077884222
169628.89942866348
169721.6010288655
169736.25664273778
169743.9593623674
169792.43138336035
169817.23855619752
169889.82642483886
169923.02512404838
169924.2787563902
169963.81206700817
170053.25893142424
170081.93216318067
170105.24771922364
170116.74939457356
170166.17433816986
170253.4692263226
170259.99304124308
170304.36225613768
170323.23134076162
170383.99489052594
170388.8536385317
170519.16794257087
170525.0776307432
170542.89203484997
170565.0734043025
170608.824588862
170643.48994634813
170684.39800925483
170723.1909622269
170744.26959209703
170765.6851301827
170777.6646386809
170924.72108347452
170942.7356739622
170984.85898457322
170987.86983588402
171048.1511790935
171050.59894260787
171080.32735118715
171104.12418600317
171221.2056845819
171223.8059775043
171303.3202899887
171364.35815739087
171370.52865527294
171405.78057728492
171413.95402341848
171480.86739098822
171484.76556697907
171599.53659222997
171604.19517982035
171636.58743337906
171724.5011089544
171724.61643959105
171756.7317586769
171802.72903729917
171803.57353179526
171839.189181255
171923.72508042172
171924.80078521156
172004.15469703285
172021.3048133639
172143.6067966712
172177.04053290913
172203.61326742946
172302.9617693425
172323.62543431087
172335.41980867228
172363.64316336034
172503.6408700614
172540.76294881565
172543.35349341232
172603.8112788281
172683.42737167783
172860.92567989207
172860.9514882035
172866.02943813737
172911.24667016583
172915.89130442918
172940.3621644894
172985.54519006424
173027.52788868482
173083.91574945024
173085.4981332007
173163.55721220904
173164.50190788842
173223.05265997947
173253.1688750056
173259.12994132703
173363.28419802093
173382.97741045893
173415.56913860035
173434.51009222798
173465.08887822964
173664.51820243112
173680.18928123606
173788.09952734123
173803.88651035592
173821.45679939058
173944.07127019003
173965.32539130488
174043.57328064487
174083.43271311783
174093.05376504813
174119.414054682
174137.4516579216
174164.00606704527
174203.93221866892
174224.49211685892
174243.82946149507
174297.30827793042
174341.02714130873
174423.20816583998
174504.2327845322
174511.8620889492
174543.94735843615
174599.05132837727
174663.75770991732
174712.44715902748
174783.90608749777
174803.78685192487
174816.8613379021
174857.14719671314
174872.352581256
174894.15689907168
174902.52848305946
174926.45821214322
174963.07977953384
175041.47029759543
175084.505504172
175123.19393285023
175183.52689418785
175303.96967567658
175304.09889258008
175363.33097373223
175549.60701549298
175563.26362669113
175582.61487312973
175593.68007066162
175624.18966013123
175702.41110521383
175783.43271350896
175907.85242919202
175948.276305626
176003.21093069238
176025.49512232182
176083.29023104452
176137.58076786323
176140.47962590403
176144.7331209133
176196.09940301496
176223.71706190272
176241.43628067552
176244.28629322315
176244.56984281272
176267.36567791246
176297.98187359047
176298.3932054653
176388.59968133838
176499.40199372475
176562.63853148127
176583.63331765222
176643.49725871359
176650.37518256073
176665.6604915373
176702.86560676777
176763.3778733935
176782.6999817889
176804.66927623775
176926.03084939506
176975.00279179725
176982.9683284003
176983.61764747414
176984.9358908338
177023.22705773645
177044.9382341231
177144.8139758804
177146.7402988003
177186.10573295582
177222.65648751287
177261.6001458047
177282.82600971666
177318.72660206072
177423.13504114715
177497.89770376903
177502.964128852
177504.2156255406
177523.24492627004
177541.8995272397
177572.51328602777
177616.54124270595
177622.59424284007
177641.5516064018
177642.74335187292
177663.71884120943
177862.56268278335
177883.1043182624
178103.97148567307
178122.4455529528
178183.99371037277
178223.0935985636
178223.91452764056
178246.93549503185
178283.05922342648
178344.04034337716
178425.43767927
178489.03222138472
178511.2560820473
178543.34726591237
178544.10140541175
178603.7912574085
178669.88653418963
178766.20314799584
178842.06257013447
178843.2092496348
178863.68508955394
178892.48273054042
178895.4753536149
178947.73389148343
179002.99008432214
179024.04889033167
179024.41518628428
179039.4453674194
179041.8789448058
179071.6275514616
179083.26058131934
179221.60793673774
179309.13887206386
179356.2063538356
179362.7626835116
179364.6576088038
179402.66509501822
179502.963599646
179560.4056699112
179632.69491885268
179683.84594508717
179884.21153285142
179901.27642757533
179922.68407430444
180022.71586330657
180023.14248329253
180109.46741836795
180123.90655051064
180186.37325973646
180284.73546201378
180359.66509232135
180424.42978823459
180439.71559288693
180476.01567172338
180533.7617795527
180583.20323807062
180623.91660500114
180626.34131564075
180643.97941842853
180683.74370237693
180703.829323303
180745.14563602925
180785.15709016603
180797.9678424683
180809.16531760458
180824.93595174767
180926.22871480585
181004.10322187046
181123.60257169133
181200.87893321374
181203.6031493721
181222.21625020422
181276.78551437624
181320.6733983649
181377.4002895274
181421.24083311192
181428.25764751638
181428.95478713862
181465.6498599982
181465.77467281782
181470.0499310658
181470.8748640996
181510.75086142583
181523.6821098427
181523.859057525
181533.83094051344
181536.82970438726
181550.7442598819
181556.5607753536
181576.29788782223
181618.37517045473
181619.5691678474
181622.37385203867
181629.8646367292
181656.42695495067
181664.27069462658
181668.49965235894
181678.47323455283
181686.377460113
181691.574278498
181704.18770243466
181715.57443325585
181721.4723124663
181724.0560840232
181724.3255208098
181760.46131537628
181763.03290301663
181766.91638091044
181767.43944881595
181783.40526144975
181795.76361854185
181803.19753435953
181827.87068170728
181856.818445343
181862.47110503278
181863.42743439865
181868.45369491258
181875.80970701086
181886.82603791036
181896.4322112536
181904.55624946306
181919.79793693323
181924.08877371482
181924.45290019803
181929.08838223582
181965.76827642598
181968.91879804182
181985.2985246024
181987.09742308484
182027.7004294789
182056.64635880748
182083.10690101152
182085.90396413524
182094.7073961522
182097.36423328167
182103.80359609667
182109.8318350162
182163.57721094534
182164.3086345126
182172.7242992437
182191.30010986855
182202.9544016972
182222.6300050319
182243.57944544542
182272.62293946664
182289.92056369147
182300.2638225676
182300.44140535453
182329.1141171549
182334.22357738737
182336.46100162747
182342.93207069873
182355.64259743402
182377.99774228426
182383.6932185073
182423.93163137778
182443.8160521394
182446.24248117555
182455.37518326295
182471.02232269847
182478.48223257612
182484.62801819865
182494.72051946877
182506.15441372132
182522.82014455507
182576.91944875565
182583.60592944783
182589.2219419546
182617.2453322918
182626.4413328366
182633.9713542042
182649.91609538684
182659.6261698085
182672.02463098036
182676.90541704404
182682.70682803102
182685.73600460173
182721.2327739728
182722.77712929843
182727.38774095787
182741.886998179
182745.68929431887
182774.51132973173
182781.46172194174
182784.5652995998
182806.200312917
182820.6703097261
182823.92069040172
182847.15092066466
182884.24415635137
182890.14524393072
182903.41540502023
182915.26842345524
182926.47511503083
182965.185537898
182968.20822571826
182978.68434252456
182980.87414188543
183010.40884390404
183022.14716056845
183038.12222415127
183042.91529416025
183047.68432504428
183055.65314998777
183060.0214488477
183063.58576834906
183064.21056694016
183072.8356904205
183084.24404766393
183096.85613634728
183099.6348518007
183106.1056334833
183106.20663768056
183134.637899938
183162.13491035788
183164.4684518116
183164.7085439302
183240.1937907393
183241.07615555916
183253.4321579854
183256.8377139846
183306.40134760342
183324.22318446127
183328.82921830792
183331.61714326442
183349.85368508688
183353.04362622864
183356.52747514777
183364.30964226602
183365.4052522169
183365.58862786618
183396.5190331166
183403.72886787035
183424.3156385413
183463.8372538842
183544.2973560227
183586.4828112655
183624.34291411267
183704.54363384642
183765.7040672189
183793.28634341763
183864.1088067112
184144.12940769954
184762.99663988128
184843.4779674694
185022.9029152784
185155.59658011224
185236.62280259523
185243.9025125417
185264.00731910157
185275.47156899286
185341.69598107852
185408.33671925034
185584.86430734256
185605.00452177625
185643.87682801354
185803.29620764666
185843.55232367112
185943.72074416128
186182.85669114243
186303.99023362805
186323.56702868376
186382.88500993475
186483.82997060122
186518.23972527063
186703.08562511468
186783.00220672504
186804.54934999853
187123.6533172049
187183.97139861208
187243.36164062753
187246.4049746751
187269.3309213937
187282.2012181834
187403.38782735786
187482.81740321277
187605.8277345628
187741.85265350927
187744.0933234325
187754.16924525177
187884.23403365843
187921.1978279223
188124.4451938742
188124.60049070104
188243.67342174638
188244.27765398446
188285.19270910654
188383.4342678104
188383.78101052853
188483.87575142816
188504.87623987664
188524.50332311777
188542.83247878533
188655.4059586844
188803.40127967394
188827.5487957988
188925.19324467945
189070.9914611908
189244.36119902955
189303.9662019405
189344.5556651301
189362.31189622366
189524.0350352454
189580.2971069576
189684.44139729292
189743.312879792
189862.39453592376
189983.1991890321
190374.92123851436
190502.6027361348
190507.81293011724
190584.0209148446
190602.66623736563
190605.40858503437
190623.96988099162
190696.19491880198
190742.7054650262
190784.2508244183
190997.237864002
191025.570242281
191044.25626097684
191064.71818001085
191143.303376867
191163.6902843992
191222.45790368196
191284.45136953483
191300.3264637269
191322.4162705369
191463.02185800843
191562.8799500478
191604.26163474956
191724.5602735932
191864.03278861655
191922.463256254
191945.54328829216
191983.48792617503
192064.78726488783
192083.82186728012
192232.77508464645
192303.37290566214
192304.63716576074
192383.2951380992
192643.9298618785
192804.436603735
192858.69950507826
193224.1352207739
193364.25045393588
193463.04916381094
193483.64938732644
193624.3725924741
193685.44052695885
194002.6438418564
194302.71039522495
194323.67023060014
194324.01707120184
194403.0236172483
194563.2057420019
194603.23488205043
194623.1467685642
194644.6710697449
194852.9044958141
194884.4819277854
194994.12259313124
195163.102764238
195185.99003042126
195270.02244271716
195286.4354817373
195303.64495522462
195326.80280537426
195342.1842348382
195383.23214129545
195403.99325779887
195444.5795600217
195623.18939237687
195710.93313372048
195784.33137714086
195863.32802306034
195924.16375958637
195944.0287224672
195963.85927018788
196020.9484854258
196049.20278887427
196103.54881779588
196165.8422370716
196211.17133231965
196269.35454631737
196343.67401185146
196363.41438879957
196404.92687561057
196503.2448562163
196603.73505750793
196605.2979435426
196626.9489882602
196684.253904574
196910.28323270872
197021.50967291958
197205.5261184222
197242.68164123845
197324.69566000713
197364.69513114108
197369.5955985525
197504.96928424446
197524.10222486596
197603.9087629259
197704.63701996155
197742.7596777443
197798.3578500006
197903.76882310878
197983.43959683942
198064.20880727438
198237.47019074453
198304.5120709245
198563.51595696516
199117.88395047298
199332.45316988125
199603.39225242153
199730.73059275383
199742.545271991
199744.07957070324
199800.0430541542
199903.25632149086
199963.3190057008
199963.72802526288
200007.74967765037
200064.82219769788
200129.4786968032
200164.33903050484
200199.3732947579
200225.9020970481
200255.67178446407
200383.00799290845
200383.38842869538
200384.49222843564
200544.0355083349
200563.78401363335
200685.38505776314
200711.25636924081
200765.34882288854
200877.03210561787
200923.25299255707
200923.4490708115
200944.61669879552
200968.98125732967
201064.4818671716
201150.66902277977
201162.45794914462
201164.43569084504
201224.12531681833
201224.6436107575
201235.10359357134
201295.08993167352
201404.67941667067
201569.96838264604
201604.79673586847
201700.5627318391
201764.57883792216
201783.66639529035
201842.97050665837
201883.5308229761
201884.50382121833
201902.55596290343
201903.6151032548
202044.94932886338
202107.96692308178
202244.4010888566
202383.9659768307
202401.7181767453
202422.87753531296
202424.44972389098
202442.77189033572
202564.19582323995
202576.21043137927
202580.40016589523
203004.33679715247
203023.12233815348
203061.64071898386
203103.04630140457
203224.67017405474
203282.37131258936
203308.2278017538
203324.43905236069
203362.9656757383
203406.3944452529
203444.5934519958
203530.48916368256
203540.76816422568
203583.4034584114
203590.88095262085
203743.21851659723
203803.90900227346
203818.65195946232
203882.66827388323
203883.35676262082
204063.6749165336
204244.03144708707
204263.7551154123
204382.84030259485
204402.19065016665
204423.34247317654
204483.90112425113
204543.06494345266
204582.5448029949
204602.2678555537
204716.64929282994
204851.42476469118
204909.72327147497
204924.93890231304
205004.55282822344
205038.1092132678
205263.8359142196
205270.32461284392
205305.28386729743
205344.45596903795
205427.69631216716
205483.0363906818
205483.64413205493
205571.85660197347
205682.24461507506
205682.92116961238
205784.76377040063
205924.2348710048
206045.31498565272
206064.12135608197
206325.08257372776
206423.85921347621
206425.22527099072
206462.68740921677
206502.29333969718
206583.56887226776
206594.01134940307
206684.92265127302
206687.25994004516
206699.68842074194
206776.5349381368
206823.61742375308
206864.59656265427
206923.26003412393
206923.89754381336
206925.21876477127
206984.4848215998
207005.03501032683
207074.8122474616
207123.69977702445
207273.55962702897
207310.31431380656
207368.73338825762
207394.0413752585
207414.38895817866
207464.0173064859
207500.02782575059
207583.35276557325
207653.88994078772
207763.9950449759
207776.58847261628
207869.9644298076
207937.49659384313
207974.39730186207
208116.67285298998
208214.38090772805
208342.64619065024
208344.30140962463
208404.684681943
208430.74761621642
208524.46898449227
208563.74837365947
208622.26177568967
208745.0019769527
208804.2526943675
208892.56463117295
208926.80369743303
209006.772724498
209042.77641116624
209072.30354631084
209082.3023565817
209203.0200747063
209223.83101296896
209245.17335546552
209264.1709014535
209284.376499252
209284.49851764255
209423.8651395037
209432.04854256194
209461.68772561054
209485.0034463626
209543.70826373957
209634.1523702038
209704.21419930036
209744.40735794322
209764.6672496076
209822.64286092483
209874.47504600824
209904.2154502239
209944.2459782051
210018.6514308236
210043.47427785996
210095.0696114723
210144.92771316107
210173.25720064132
210196.54904835648
210324.45526140736
210368.43516686175
210368.7832878814
210467.13422963
210568.22760774664
210651.43911921536
210703.71990441554
210719.6607437365
210725.3472552933
210739.2938235504
210905.91173427438
210924.77486697928
211003.52254972982
211004.0796097977
211143.87312385358
211144.64949303286
211184.22511628727
211198.46892389678
211249.03590742924
211265.37265075376
211284.17155281265
211292.89153946273
211333.19732225887
211336.2463927182
211404.55989046197
211418.83633685258
211444.09098884743
211512.6870486253
211541.42475068156
211584.67476114267
211584.9851350804
211685.2177944976
211724.66463132598
211741.23022234108
211743.90792909646
211784.5620109062
211902.5453952302
211962.37802501678
211992.0634675686
212060.39625688703
212082.94895832866
212123.50129681622
212124.39511180748
212247.48528767607
212255.75568652415
212367.1913535609
212368.8914727732
212382.83653493883
212392.6188307141
212402.80336334827
212442.82953382106
212516.2294653139
212558.3594098568
212588.56996418812
212644.07517852256
212703.28834345227
212712.31591329534
212728.3985974572
212740.58936398226
212842.71398578698
212865.66895264777
212883.5468312118
212884.5788680474
212903.94575884327
212917.32072616005
212921.86948618537
212981.722382593
213104.07916314853
213114.15438859168
213126.12045308505
213144.14158769703
213224.45191641102
213343.11081367498
213376.52604207513
213384.47808091162
213385.6587406485
213461.70523782077
213497.31950948536
213594.56089937748
213663.41380865013
213737.1867694298
213743.86456814097
213764.61740345188
213801.02161611398
213804.01775615287
213831.4466982821
213873.12484856392
213885.04396731354
213906.05865623394
213960.01293397363
213972.95010007688
213984.4643870559
214021.13830008428
214043.07162551532
214105.41239667675
214136.08883984404
214168.564111767
214176.59852373606
214234.98605191894
214344.2616476395
214367.8079810564
214384.4342642824
214388.02265987918
214450.02557001205
214503.6449470339
214521.5755099125
214563.1397680938
214597.49617025044
214604.36638636206
214621.63796412785
214623.90714375096
214624.45788264571
214738.95972685568
214762.34445622924
214804.56572891734
214813.95942150132
214816.92225752934
214862.2149251547
214894.47018458945
214897.56235341448
214906.18330003534
214944.05891533926
214954.00485595
214992.2639477079
215164.17156790366
215187.83395087387
215249.6676100603
215298.85375592802
215323.93159633502
215345.66566951454
215408.37159979696
215503.9191574823
215514.09884422616
215535.59312207345
215556.95899513844
215621.37687831034
215682.79662869184
215692.49935570767
215739.78792202094
215744.10540599967
215784.80338575362
215863.41930229726
215864.20287814495
215914.31656957854
215918.64734554046
215938.3799243917
215962.76534377082
216001.83829220876
216012.3128466529
216026.45119664737
216137.26019878214
216176.08475301176
216184.0545127847
216193.65965739344
216203.45408555283
216263.82155697377
216334.80432905606
216363.21131572608
216418.80879497554
216480.46142117263
216487.7205592004
216654.9231331799
216658.48144158535
216692.34034714676
216703.0597122381
216704.46817081288
216720.97877917084
216823.7116316589
216883.07719918326
216923.55604368055
216943.1935705447
216984.0174020655
217028.2499559421
217073.08089865037
217138.65573462227
217169.49831639547
217184.8290050704
217198.35989523312
217219.3451235314
217289.9897970484
217329.9384101462
217364.7747434716
217364.874927621
217443.7382042826
217459.4577862382
217479.522203676
217565.02682762954
217596.34878834407
217623.0357865064
217792.25831414922
217803.87144495768
217822.67159215463
217823.5053589808
217865.0829912231
217942.81600977457
217942.84897140358
217944.95213822258
217982.6513612156
217988.28721277343
218023.51784948882
218084.30820683582
218086.9763450746
218149.3069507638
218213.37312512108
218243.1703641681
218323.33906036077
218422.19123064505
218455.15836814418
218484.17729714367
218523.3695160757
218527.52290039026
218622.69852438866
218632.49854997362
218643.8720769191
218644.49133814924
218704.3210512055
218704.95754584833
218722.94781351436
218784.06090635568
218804.52391897104
218857.5507242526
218863.88535667243
218908.85318588046
218963.0492003428
218986.54959764
219003.03235615147
219122.643620908
219145.17789210426
219363.5611878534
219365.67923943244
219372.87527756678
219394.26466846836
219399.73368398624
219403.745496962
219438.16863438202
219440.16186643098
219463.16512777383
219463.90882215684
219481.32472786825
219503.12536748176
219543.1439526085
219543.2495444201
219543.73525942763
219591.49885100924
219662.87050232914
219707.83253805866
219740.16211656705
219779.21671850717
219784.73964897922
219845.1392647625
219849.90295364172
219862.87059448755
219882.55063578795
219898.02489923447
219924.47661920488
220001.76573800147
220003.38997711966
220043.46521230435
220081.34458725632
220083.06216608634
220105.7008350601
220106.71054830225
220234.5666027984
220283.75421447377
220314.4336982585
220314.81385289418
220334.61683382533
220361.48576466943
220383.288153257
220401.62813028757
220443.1848619668
220446.4337558013
220463.59251669204
220495.4523002897
220522.7557399776
220524.1025323347
220604.03298037985
220609.54756114067
220644.40271444776
220684.0239533831
220721.58826589762
220786.07796129846
220901.4096884148
220904.03605760858
220922.75802141227
220933.8467898302
220977.16340192154
221007.52526431403
221042.69649582644
221122.89370057263
221123.38511710067
221257.7987328499
221261.9241027209
221284.69127532016
221313.88592384776
221423.07548525633
221513.4795899252
221544.43499908378
221549.22391811805
221553.32523482692
221600.9893355287
221609.91169753848
221635.50167135138
221643.67707210983
221694.61966577827
221743.30585049742
221804.1546463745
221843.4885586434
221846.72782879331
221922.99978909263
221943.4717020961
221983.34486349786
222043.58837002132
222063.73472327492
222073.3780887751
222118.02843210817
222142.29143494714
222142.95969025596
222202.58835021232
222224.5181981547
222231.350608778
222355.91343743872
222384.6445532372
222438.3743317683
222463.12212907677
222491.55642159894
222562.3032632355
222633.10259439368
222678.3425727107
222686.3237873614
222721.396376691
222755.08067239504
222756.55307612784
222826.19900553138
222871.61005506627
222882.1663324376
222900.23313052912
222907.7546879191
222923.30492648692
222977.64738145075
222993.06958076975
223044.8006050368
223103.09074531935
223180.44440467653
223265.23204318868
223282.589595654
223333.5583488302
223381.68318403632
223396.77305345633
223403.21858489196
223423.75035804338
223442.55648473845
223457.38249122738
223462.7040954772
223483.44331605267
223585.02546632072
223653.28790252123
223683.46811184214
223837.42210483976
223863.30761812674
224022.30457869035
224163.55036292848
224343.55163106212
224362.84175306474
224484.3056125024
224645.3759801151
224662.96045054015
224683.54842468732
224743.6629292489
224844.05930630802
224984.5265321509
225002.6621643964
225003.85108842075
225042.5640837213
225062.68970327382
225144.6158413911
225147.3559544082
225164.05019969563
225243.9496726504
225283.14064816147
225343.2080525275
225404.06371162753
225424.66231534054
225604.33286578296
225896.46589386484
226044.30595627037
226204.36238226152
226363.58021384804
226503.84882402085
226523.5587246605
226604.70228498522
226662.96351618835
226743.13304993228
226817.54336593495
226923.92071676292
227144.31857226611
227181.42964538332
227183.4116120033
227223.41444452977
227385.14072812482
227397.17587279304
227443.83288992
227679.57724845273
227743.93231581082
227907.02982305438
228005.7512674135
228102.9113232857
228123.40186093232
228164.4960420923
228164.64424869302
228243.00609872915
228323.76186471124
228364.49657648592
228365.0415189898
228502.8023146848
228883.66196038292
228943.5111611906
228956.7816116934
228963.9011908789
229003.76561655605
229102.4540669686
229103.8529067776
229140.4497141108
229184.436532943
229384.44040701623
229396.15052460117
229943.70797558257
229983.40642496097
230040.23268069464
230103.30431756726
230344.45230069445
230362.78522152317
230364.60284143747
230383.3407787692
230423.57664352222
230528.92561054116
230742.82804263209
230843.8090009733
230884.0530829951
230962.83412616226
230984.28764247452
231022.24771973182
231264.0980591296
231303.98602540407
231364.32080120445
231462.648089084
231505.52142956486
231663.79843321003
231664.608712066
231822.16018571463
231922.5715979992
231949.39279112645
231962.99632485362
231973.1463784656
231982.60743062885
232043.07956610367
232062.99007239315
232105.11988386244
232364.56578647136
232384.62417114098
232583.19274039118
232682.09904824395
232703.8372148257
232778.08998280647
233264.59771825932
233324.11501173253
233343.7062464211
233436.73587029887
233543.12241412903
233563.2513552379
233683.83475126262
233684.6002443087
233844.14031730266
234004.14729970365
234143.16857376345
234164.5560670402
234364.4597276532
234402.1863469165
234443.90412321695
234483.67239488233
234484.5319216316
234543.84499375403
234583.14672176776
234685.05873059318
234704.6019927571
235164.5719999417
235215.96465547854
235344.60930465168
235383.85153366276
235384.16606358974
235444.54004278948
235543.64236187152
235683.77652197
235723.68877039012
235745.58228309735
235745.6492376696
235863.79549982824
235979.25937733048
235990.50695698816
236242.46913649136
236365.98449752983
236423.58484515085
236640.20864820163
236765.0840158008
237003.3282693654
237023.49789026583
237044.2230904624
237084.43569536184
237130.1551862956
237224.40304097437
237243.58852116647
237283.80719458967
237423.15421049425
237423.83750902177
237618.48421225484
237643.96407581572
237723.37723322783
237784.6811022391
237882.63970137897
237883.38310002745
237985.53115901168
238022.56293553178
238164.32975849966
238183.2268651214
238283.0262149076
238383.77972468725
238420.38215371993
238463.27052041958
238483.48196832775
238483.56685549935
238504.23135061114
238505.05086211284
238781.11688198242
238923.1281938773
239028.47258429404
239144.6011757767
239183.39275494835
239203.00634492256
239231.61938382892
239242.44638120037
239260.75336297054
239264.125297023
239304.09428704303
239503.584277539
239526.28204613365
239684.2957625417
239723.87299373356
239798.83000838733
239824.42568098064
239824.6488614215
239843.72484781154
239941.93537137873
240023.3028915956
240639.25027021335
240663.57853130292
240702.78695322078
240722.38880962314
240724.2796507711
240745.7155394611
240903.58677839447
240909.05063315452
240930.91654496567
240982.89562682595
241223.41390466059
241223.41555738158
241242.52727449336
241277.43563772723
241344.93349206992
241383.23683902834
241383.3148353906
241423.1621683619
241468.95917696328
241528.5376376782
241563.5009795818
241571.2142153601
241603.52397759084
241673.88539727946
241782.90287839744
241869.6826962911
241943.79334813176
241943.89842088454
241983.7357090385
242063.47179812315
242080.17012021903
242122.75287430955
242283.8777836011
242348.72776519938
242464.49561118486
242485.83345762925
242523.3484274294
242729.82706859786
242743.98987191336
242874.89680847892
242903.85328747172
242908.7437070279
242915.41567622934
243024.30628757845
243106.1793679331
243324.04868217875
243802.7511897686
243824.3624068261
243864.09841251763
243864.42757275252
244022.00927963198
244263.4544065769
244264.39199513238
244403.80503281305
244405.22542704555
244435.0260622705
244443.92921136387
244523.92442778038
244523.98659164508
244523.99005714207
244650.44266556695
244672.947642649
244673.31126947975
244683.55963049483
244702.9141981448
244719.9015800948
244784.4620501566
244844.5215604674
244946.9967994852
244964.1326956492
245018.28693468223
245064.00004479237
245075.28542994082
245084.08442898918
245142.71953847865
245184.14865604579
245198.36736819803
245319.14395058676
245366.7182226632
245385.33847236546
245403.15233266426
245442.43332148241
245482.38857453017
245623.22667613643
245723.12052116892
245764.0219972226
245843.63634616722
245915.51516382524
245959.9439788284
246023.68595436346
246076.36275087576
246119.7063415112
246163.7188755503
246308.70343160332
246452.45905762777
246464.18994895782
246504.2861749108
246663.73381294517
246664.3964592703
246666.4872202493
246760.33787612806
246783.88104325611
246784.16403881562
246924.67259063903
246940.30778458965
247044.6747296336
247122.66509720034
247301.90957271922
247341.65690036668
247406.56286833802
247424.93840945457
247496.56075221873
247502.37975092715
247515.39133060558
247523.86402654395
247624.1583168649
247643.5083316376
247688.97761834154
247724.33547494857
247823.5899855406
247825.08008301826
247844.63710439132
247911.4643018986
248063.1822953184
248102.4597898142
248222.52726592857
248318.2030260118
248387.18272709032
248405.21631337254
248444.82833964922
248483.70062030767
248511.82576680274
248524.59509606138
248713.5329367617
248803.03396459488
248804.52749438095
248904.41663757656
248922.2506193655
249042.79928139597
249043.51745146562
249082.381823972
249163.6265265709
249244.30306333525
249611.26443367617
249621.36603645963
249621.40735989588
249623.85315914825
249638.1601344167
249638.40259780866
249641.03811294213
249641.16315328667
249648.10045343084
249655.06281282444
249663.43823955627
249666.99676055662
249668.11468021496
249668.7868283649
249669.17952598562
249669.22502098995
249671.0101271159
249673.40685538793
249679.16401057976
249686.5517436816
249688.47801193112
249700.4604392507
249707.57706851733
249709.83736221323
249712.01116128569
249715.78907406103
249716.35388417452
249722.45981517032
249726.9284166179
249729.22242425446
249730.4032849464
249731.5765034171
249732.76105996664
249733.08781333794
249743.981067095
249744.44372909353
249748.6993949277
249749.5719708529
249757.8582654008
249762.97753482807
249764.35980191408
249765.5801042345
249768.22078631364
249771.09465945617
249773.28910663823
249780.60552465066
249784.25854879082
249785.3722052947
249789.80414516202
249789.87857869023
249799.25419903512
249800.84381179645
249802.19502037863
249807.10548963377
249807.466768393
249807.77428480276
249810.31141349528
249814.27722166642
249815.77487983997
249833.59576336123
249837.9300377732
249840.04824801767
249841.6410041409
249847.78577201092
249850.86795670068
249856.78090126242
249860.0442029896
249860.6992631144
249872.3846761849
249883.64217276569
249887.4373070343
249889.27543071687
249894.42006417888
249894.68835563908
249896.8293668161
249905.10990642727
249910.27888756193
249912.53835645682
249915.06089407013
249924.94937151828
249925.60227837047
249927.21476522117
249934.5292742193
249950.08614854096
249951.96541647473
249965.72179056148
250050.3272453412
250138.43719157588
250202.1097885432
250219.18618624803
250256.27260448696
250360.28373044994
250363.455328465
250434.89008144697
250464.32544477418
250522.81206404726
250564.16321168296
250565.3197061553
250648.72561661212
250663.9836511396
250803.69207268002
250823.69391979286
250824.0725497835
250865.62303991802
250966.11720602913
250979.69766922307
250983.8481964344
250986.31568433135
251063.55831160568
251104.12647109968
251217.41948092915
251223.45606206794
251280.2906280888
251439.97288458594
251500.33109064694
251503.14486642138
251543.47927985011
251564.12390198148
251583.27396273013
251632.92171043094
251699.08276811594
251723.8406616495
251750.59430346542
251775.41288145256
251871.81619251228
251923.39157236126
252008.96493852686
252079.55608126012
252080.76071590203
252083.9598967325
252111.85391169565
252123.45152282613
252123.93665376614
252203.73951130273
252213.79558392076
252234.64350252884
252302.7714060164
252371.6207837545
252391.933627674
252443.36672343576
252517.55284785354
252570.84881202097
252595.88611633593
252621.59330331752
252644.60333010618
252663.9189615493
252781.4064918952
252801.59548029074
252817.46451963513
252907.94150728776
252941.7024000785
252948.4017412474
252991.57940830739
253005.55790512022
253015.25912854742
253023.93625415151
253036.7569667576
253047.93053900555
253203.99968742384
253206.11844876976
253222.6408997452
253223.3257874271
253224.47701183616
253284.01006057425
253304.09148076962
253364.2117247731
253403.00142458157
253404.7931116638
253452.77822297468
253598.99739646597
253603.8368947441
253643.12498103222
253687.15536597293
253690.30875418847
253778.65308504162
253779.00819495763
253844.31870312776
253863.03848970673
253923.71359464512
253933.26730329375
253942.61675416876
253985.39176413877
253994.53004623644
254044.32182594299
254084.3060294129
254113.46165742213
254212.52743581514
254224.2673461099
254271.0688924319
254334.78397037907
254362.6836105068
254403.44133211364
254422.6061356551
254468.22287211716
254472.7035219086
254476.22151781817
254542.67722084429
254564.22292482835
254645.3921911167
254673.70045038467
254677.01910965837
254678.3718450669
254724.94523863646
254744.77985067922
254799.11458872823
254814.1221281665
254843.22352313093
254972.3395015545
255002.94397585854
255023.8664701379
255043.4724788926
255108.29200846332
255126.3591137044
255131.33243671048
255162.8774627956
255173.19434892415
255179.67614592396
255246.35469503384
255263.46976842455
255344.53560441095
255357.10951474478
255358.3900456079
255544.1363706172
255562.75989404874
255571.00376152422
255593.55745908362
255605.41832158365
255638.04866246379
255674.961243426
255763.20679230755
255818.15810803854
255822.00839134405
255926.91412703553
255996.2869358609
256003.15346375408
256004.22724131044
256007.60435000123
256013.28019141537
256022.55369086002
256123.51008916317
256132.68037675228
256317.5831193867
256324.3058304268
256346.0689258548
256382.77546949757
256403.91292529152
256455.62934607506
256462.97120938648
256483.03209052575
256538.96002202726
256552.60668345896
256736.0482991276
256814.58113242633
256820.33345482755
256956.25988308643
257022.71527046693
257023.0527316868
257023.707215293
257062.6848756488
257094.0732864256
257097.4753096984
257183.89687355846
257442.99873342642
257513.17691932002
257563.18803095716
257680.39371688617
257684.85441065332
257689.3314668791
257703.05784711178
257763.28522686457
257777.12015201483
257824.49844492256
257893.3480923543
257904.17862457084
257923.05387804462
258062.64019569405
258105.224107745
258105.35689431144
258185.4461872194
258294.13913415838
258306.66693375565
258463.06771681196
258512.6280340914
258604.1449686716
258615.18630169268
258649.71158262424
258684.15060985697
258702.49728179685
258704.21282475066
258710.7240705206
258711.9110839439
258742.92676539396
258761.73809152827
258782.88473993045
258823.81282266643
258944.75200632133
258992.00404884882
259142.85798509378
259179.8315070582
