538.1047039500897
715.1803990199376
777.2382347823753
867.7178672231461
1190.6224976182064
1297.9812116005692
1459.0696790110792
1563.336751637155
2049.236646109884
2082.0849246211346
2104.8023942903246
2177.42468737371
2276.0479203377386
2770.487840391704
3327.489860835635
3765.368607799912
3827.1224186212226
4246.0951433391865
4255.394736332275
4369.208645860493
4402.556962515346
4407.3178830646775
4721.579297499741
5095.838752755029
5608.292540562725
5837.839764282065
6056.956435563643
6122.454363277452
6513.6983189327
6847.919841229341
6945.579294445899
7144.619807678747
7160.751009444302
7192.679140876168
7330.471123013879
7401.463021867106
7511.453644055706
7524.0114029206225
7601.586909771992
7755.094019444655
7800.453962768991
7856.616338659953
8040.043425788912
8152.063135292826
8360.907527271977
8497.742551129779
8499.398969392078
8516.081393428061
8676.433928430206
8692.348406479925
8771.217011886838
8905.622497704657
8945.217020582904
9017.213272134104
9059.409605951494
9299.700988286073
9311.043628281286
9461.636442546824
9561.680752643657
9698.406074244454
9837.5370219118
10070.904694432898
10108.85047122631
10148.89452040151
10403.584736412873
10558.77777840087
10571.102082458974
10616.803894874962
10737.40844107327
11115.531024084621
11217.00555967687
11309.251200048766
11495.985639472876
11563.875161391406
11652.045918430189
11652.90120372747
11727.739021517584
11941.717958332316
11973.995125775607
12190.71503388355
12300.538381093915
12458.604859769654
12575.773380832934
12580.285077892377
12698.073280448629
12758.761595316264
13372.045726731569
13460.673437748166
13528.72163774184
13581.692676305871
13770.585727669548
14200.97970147956
14231.089070377513
14240.230050357828
14345.587413127369
14402.04560472587
14619.959671223494
14625.796266431491
14809.24675388466
14862.393661918008
14863.338087245404
14983.825793477894
15047.85558308335
15104.590216396364
15266.220260705408
15338.670510465408
15378.297257500608
15433.95413753952
15453.53649378712
15463.396973746632
15657.89139009741
15728.743770195955
15755.44572473
15796.158569882846
15979.231899265134
15979.392575041556
15997.310413718673
16132.305761297916
16288.802403083073
16332.61955586116
16409.057894871643
16555.815201171372
16580.58409115314
16711.967089536745
16851.885455075324
16918.608656960514
16963.50622185271
16965.591313713765
16985.089067224108
17033.50753993838
17037.159062105977
17165.63099476616
17173.66461714942
17177.38355613626
17200.91741475687
17296.072724566366
17296.09524806352
17315.010238510447
17315.56651829559
17317.602438431568
17475.450302667326
17562.437194909427
17564.31147873734
17656.75176381245
17718.97339311545
17820.234651939645
17846.64064495157
17898.81411390072
17937.81161992958
18042.956818178576
18043.402493603575
18096.833105232847
18141.796553822118
18180.72757126814
18224.11764843056
18242.25337883845
18320.362013638605
18520.212886992376
18588.876741549087
18620.88987385935
18670.47744091279
18683.427674611034
18791.186478258907
18802.04145290643
18802.779244549234
18806.587774173382
18834.43110295361
18857.3212196432
18859.81970912574
18874.904481329322
18879.929214324045
19077.592662577812
19100.096345884616
19110.759771957903
19217.60741707643
19227.720096815057
19242.300805135383
19334.206577959576
19370.734840602545
19417.70849322547
19432.42332949025
19437.861355363963
19567.959875897555
19573.555495283395
19683.45079384091
19723.654184413033
19726.724312842958
19770.300996198843
19777.753635657293
19839.445979774857
19894.533514429117
19900.784017616425
19918.921539933457
20015.618153219686
20048.749708545936
20065.2234801207
20171.429734475827
20214.21150780834
20251.66745123483
20316.472104160184
20318.774239098784
20365.907669299973
20410.762091058543
20412.872734571505
20469.708384198453
20624.96582266284
20631.454188781925
20656.52233851679
20673.163886292426
20699.108956559834
20785.26618227306
20831.67112166709
20887.964878378454
20908.98636630563
20941.188290949296
20960.25520444281
20963.19507207344
20990.184706443535
21000.164919116738
21015.145806312517
21020.76533684811
21064.03124837578
21147.621651833055
21183.69068134321
21191.988737089232
21259.067073563823
21409.855214794985
21453.898525901088
21464.470899911965
21497.538344437937
21509.32145179089
21533.77052218576
21582.282747999565
21589.305383257943
21636.081780145552
21647.81507319308
21689.40349604965
21716.564334754356
21766.86509040856
21794.943908069796
21802.281795036244
21813.64589203873
21850.218258862915
21862.765072794864
21882.409753754313
21892.798143103308
21929.79554557689
21960.379496402296
22016.238078153776
22062.9937329817
22064.073470614156
22173.35848831611
22211.96060043987
22230.88174634242
22252.919999820268
22285.21741637284
22295.40996193672
22352.78958460175
22354.06727528591
22369.856473658827
22428.01100145746
22484.55493964405
22496.661546141127
22512.98135450711
22517.744530657936
22523.27927675237
22527.200488763574
22584.61105160908
22620.80811259701
22711.437075471615
22733.84313802909
22749.603052952436
22768.752482527725
22792.50157946072
22892.4149705348
22909.190317720226
22958.073019005355
23004.51015050844
23013.917603555936
23104.02028586834
23155.39383366185
23168.138634940886
23204.917780215415
23205.557043883087
23230.515431481435
23235.37635225215
23235.808384918786
23292.238875964307
23292.56618446986
23300.529439592043
23322.526497416624
23332.983531999875
23391.117042371498
23395.816807323754
23399.239601517216
23440.703860412075
23444.327638391584
23452.31400995631
23475.031680574088
23510.357907024176
23593.79276972916
23613.833518255742
23613.968853712904
23629.401288581757
23732.108608382776
23751.924934252773
23777.475019697085
23840.392384707193
23861.823219340826
23894.90291706002
23972.567071252866
24091.481139664676
24109.053718726133
24198.330236790323
24231.369683253648
24247.589965808722
24252.209888432288
24273.047019990194
24283.614336678853
24285.306719793665
24292.35236936647
24307.752396770305
24343.360518971534
24343.639093320762
24349.090058824568
24377.262893101924
24381.425423701003
24414.452364733737
24418.55934615686
24469.555159269894
24470.268972203878
24473.112442061305
24478.830764025908
24490.661939955553
24514.232927811343
24518.24238160353
24522.986575632465
24532.161884086316
24534.281324063428
24535.660767988575
24574.68097449871
24583.017701467918
24584.220657380036
24585.090043158045
24606.69806626462
24631.649944673798
24633.739405126158
24650.679321311283
24656.75785053486
24678.99233330156
24748.033102122234
24748.70595589555
24755.91587905065
24757.765608327685
24773.29455426213
24779.7265462796
24784.17146843076
24843.33153890159
24858.574495942736
24862.05894782407
24863.95952954017
25224.49833230031
25824.3654103172
26054.63896535342
26247.71547524824
26831.51473812817
27194.516295238864
27790.004114516116
27859.71983894655
27953.39818872021
28486.020275093015
28673.95249597679
28728.701821154405
28763.132286726523
29197.790726930587
29293.50877987873
29424.796545921272
29466.468950391125
29476.757551655595
29483.993487708503
29578.861276057312
31132.484244526993
31331.454796449667
31966.295537630074
32483.671317595283
33120.05602877007
33352.63482581327
33980.608838304644
33997.74620649537
34045.77362269206
34492.83641280246
34500.96600383668
34756.13966210807
35101.52709785235
35169.39010748471
35210.201069109426
35497.47334020937
35569.21409325682
35581.44336380254
35679.393565050865
35737.71431186606
35785.18904832328
36079.76130437668
36543.99143070282
36974.81068193741
37718.53873308641
37735.94465413254
38484.87995687631
38503.3421982752
38999.998113282425
39083.83645431282
39148.536784158896
39393.45572467364
39546.732415637256
39578.119595068885
39809.532851392614
39884.18657442696
39938.08496911067
39944.6265775799
39956.432121772224
39956.50358008541
39971.05503629274
39974.364939588784
40032.117330120294
40032.85959995173
40117.46353012286
40118.64631976391
40195.66906925603
40197.0523464193
40214.707476681884
40271.59685195774
40280.55045016712
40287.63185135623
40312.95047969195
40327.76306443526
40358.378576787705
40367.13370378526
40412.14862856637
40437.788894167454
40456.86998150657
40462.2241343096
40472.897839309975
40506.44245312242
40532.49699511777
40533.21189814113
40545.02617717046
40554.15672655608
40566.579480354674
40590.99649055973
40611.84227315825
40625.03852194676
40658.42102943685
40719.20827610996
40736.80270658126
40754.520482716136
40783.67587471933
40806.14415462317
40831.19532855695
40846.847449138804
40857.018121235225
40871.95780988213
40946.099699332306
40947.32479308419
40949.71755041882
40956.93547485378
41016.04689448649
41022.823470103496
41089.28870356371
41099.65565741998
41109.682461717006
41135.94657308352
41149.854507292046
41173.42022752799
41225.19008870238
41269.92239773782
41301.337082396676
41359.8791852273
41365.97399684216
41412.84268083649
41417.793453904625
41434.11593951893
41451.023925841
41454.96562482079
41468.10010127567
41493.353592202286
41496.685552700976
41504.21131735755
41504.63684289591
41505.249456148995
41508.19110403875
41511.18929421716
41512.381774358764
41514.93595266209
41522.44877356697
41557.726506172956
41587.91101668594
41680.65821840941
41700.796845323675
41719.18860608436
41730.28975061496
41730.49786555181
41745.02334922723
41746.067908257755
41819.06957946674
41859.69604183098
41864.21089186707
41959.37691779957
42015.15241209314
42017.74710284425
42058.28116608316
42091.52912042959
42105.61562097405
42136.47552213444
42155.38297865434
42161.43234578221
42175.81277801166
42189.95792271151
42218.518941992625
42262.870205786174
42281.23724967629
42285.42013827891
42286.71691991816
42310.148439470235
42389.96251401032
42392.917144527324
42414.41559571555
42433.96691264169
42446.420873725976
42479.767114173315
42488.635703632106
42503.68825037154
42522.86275481441
42531.41207841226
42554.04988600359
42568.46126820516
42663.843530080565
42693.64982814411
42709.52552267945
42742.35292077623
42747.689121240015
42748.11071934552
42781.18591894347
42799.26948568554
42806.195700639335
42874.66949059903
42895.16310237759
42898.76978226546
42949.61607684229
42964.94683576138
42975.31265468248
42991.61176256061
43059.6290997066
43094.268366199954
43101.27190216968
43132.03503359625
43155.57715285836
43159.93673957741
43183.139765216016
43185.91789700222
43208.06561825431
43259.00407530903
43322.66938110666
43344.54376953819
43380.176628919486
43393.54672936683
43464.673512268906
43477.06513389028
43505.22805387422
43509.65935714798
43517.78981102112
43532.56526757881
43584.848441474154
43627.30484655121
43741.67493026966
43752.84526588245
43844.66591745053
43863.74808221993
43887.132607971376
43909.87368224419
43939.1435137006
43999.936471698165
44014.07625905166
44088.88424028868
44184.52361123891
44188.44186234996
44256.482581961245
44270.53119815476
44273.06303134175
44279.75769922628
44296.12379731506
44299.459538210795
44338.475282566644
44343.809282624105
44385.472336722574
44387.01182046213
44438.646988729844
44450.60028356036
44458.745949763594
44478.31362179501
44496.38566328041
44603.05157578614
44610.58543094252
44624.87981137818
44627.175169138114
44792.975397229784
44810.29866653695
44867.73056548602
44907.291778654566
44919.978943016555
44941.23393897881
44985.14076017227
45021.025758149604
45048.607362225695
45067.37128785312
45083.740602202604
45097.933448196425
45109.61522157323
45188.65662839577
45292.18113586892
45329.47950667435
45349.41411960922
45372.88776815178
45384.863928116894
45439.064989608094
45461.12397926041
45502.535713197
45503.10062831125
45594.459072230915
45608.72559079709
45610.63869459116
45648.83633279266
45652.78253802141
45656.51902282947
45676.85539295599
45725.3658982432
45751.548827966864
45751.862437554
45774.661016098136
46441.412788039444
46721.6190581707
47172.972156176635
47545.20507395602
48374.38143522874
48695.32542586137
48740.700603559584
48950.50139248985
49451.68142908463
49699.99357536294
49827.864984526095
49912.55409558394
51305.45315925076
51596.01118234064
52295.232455370024
52310.489207909115
52608.89853162317
53184.77780264844
53523.5661094432
53691.158260079384
54139.225506632945
54262.6920765491
54326.2841059651
54885.541942803386
55664.94351278025
56200.63149587337
56435.31210831596
56508.53321026207
56541.85346682503
57111.774703490104
57242.83306829723
57522.92949183438
58322.56578727398
58689.661588804775
58941.28558943942
59631.42300445611
60134.53000199645
60483.58839402621
60771.80500432764
61113.666955114524
61758.741812251865
62813.28065508329
62823.57849555323
62853.69109938507
63135.41228777372
63866.442800774275
64417.70365685672
64663.51872409591
64774.87446249454
65030.810222280124
65230.61980244753
65236.76037129489
65257.34067251853
65304.602931924106
65447.767158853036
65631.60846454301
65658.16400713929
65694.70396452755
65748.7950468812
66053.94902254372
66079.7310107808
66083.36068595403
66092.95010133978
66099.52137765072
66157.95071438793
66201.0294825902
66225.57471542551
66305.23853852107
66328.47660924576
66372.60393543846
66390.97096223956
66404.83420621634
66408.80027840368
66517.08642710876
66618.64898706216
66625.93527833936
66626.69916123769
66712.9241158683
66738.65866296484
67010.15544254844
67230.97678327926
67246.64697343168
67254.63377892916
67485.19316243488
67489.35587799981
67493.82525857977
67559.8586735311
67643.01838861236
67684.9377608395
67732.33340664757
67741.4549748854
67785.1054462651
67795.34884713411
67814.33562278845
67834.67132257349
67969.1504279279
68012.76838075976
68191.01660058476
68215.16930781769
68311.6827295029
68338.54420049333
68434.68712993042
68536.87234659499
68609.97746722991
68650.94782075044
68680.3668629815
68772.3261981876
68823.62377522132
68991.86246536164
69209.85977972648
69235.9945014128
69254.75875208575
69271.74853261549
69374.45267123714
69470.18814963152
69491.23573397308
69558.02932976205
69774.75478637652
69814.67077624772
69821.79062015052
69879.1873970892
69889.30354261107
69900.83299053529
69909.02300770296
70083.16022185044
70091.23463004216
70102.00140046592
70131.26016306803
70265.4998821989
70324.4809700786
70503.90518310879
70517.6562725753
70631.53057656663
70717.49549758609
70736.70862455448
70746.8931634977
70909.1264459671
70936.53814168321
70937.30308687662
71020.59877666041
71060.14592374046
71247.55631680774
71341.72777618855
71366.03341426591
71409.40841656057
71432.38537503117
71457.76189288317
71462.14968778596
71506.21135548057
71564.37999574692
71745.38550536326
71802.73744215824
71853.98212206808
71934.93002645177
72057.07122941216
72335.19695976102
72343.90458489413
72378.10935304266
72477.05624919066
72571.28786146126
72696.7567382042
72723.68859259089
72827.70177565348
72865.77394987577
72900.9192435007
73155.31788150092
73406.00173932618
73414.85357855498
73487.75157375344
73496.88674469679
73533.94989888233
73550.49929640534
73559.5229107437
73706.0436549407
73716.05771529989
73949.47405390027
73959.57216238484
74331.7650637611
74341.67437367428
74383.93418473881
74603.31126939457
74632.75695063632
74741.26363412642
74780.92756407445
74849.69271814516
74986.993982062
75467.35220465563
75691.36109230552
75754.65700119003
76051.1396101562
77016.97435198673
77130.812124452
77381.98397010841
77435.90589317288
77597.2835809468
77639.12740222925
77666.42879420183
77960.41245215786
78135.95622595031
78185.76836636505
78305.21187528316
78314.29362007063
78465.82046133038
78735.95672609397
79560.22701923607
79815.605597441
80047.19310845439
80100.53838946247
80243.03333029979
80623.78408888204
80840.98303428033
81257.30627830437
81298.53111422452
81301.76861104736
81536.88575654928
81585.89017239009
81636.31942788538
81684.50984277808
81735.72556572141
81788.99369744999
82053.2397191428
82126.28811908461
82619.22698068233
82947.0797683315
84009.61198873312
84383.61808415523
84760.36219662137
84970.41189478459
85401.48465669212
85500.96477359759
85874.84952006991
85875.11994008886
85974.63460007838
86019.13846844638
86126.14816025723
86211.71591733764
86239.747429009
86279.13264582549
86303.63808134083
86416.0847784168
86459.29073323404
86562.40381914063
86586.21362313948
86624.0920749338
86983.7815579283
87097.11591805257
87557.92562316793
87561.6204829589
87592.64416072582
87731.64554478832
88021.90195322361
88057.12930313802
88268.35947675435
88299.49578012033
88362.38041308521
88402.34421242717
89181.69071709504
89571.08857975654
89804.30964800998
89852.32888816071
89865.08165994767
90494.02416168673
90605.82584257188
91025.37030936405
91186.59888092801
91221.37558566415
91434.50052137174
91487.7015494085
92045.53070175437
92111.84107634192
92139.52954829653
92246.94849500747
92699.39205545488
92775.69064957212
92784.49468032138
92945.4138286914
93294.9333353875
93336.2064290653
93393.88216675748
93414.20195504138
93433.77783823124
93465.509789203
93600.10474031253
93712.8472096639
93865.6114153448
94305.6034286657
94554.67305473547
94592.1577407228
94598.74532968822
94650.786798255
94694.20031496472
94919.4261216436
94957.88719457065
94980.90097523271
95033.03297081616
95250.99013818568
95347.6869747402
95440.44099893904
95485.54798352305
95660.44100072686
95761.16493270845
95815.9431841929
95924.58207292898
95984.01024278942
96083.85455236616
96091.34517090974
96135.27629408543
96267.3248094837
96329.5820334847
96343.84206422098
96437.8059621557
96573.53037749646
96785.72682944416
96821.99341546933
96836.34979301262
96857.18545305658
96887.91914668377
97024.05207229353
97347.64168310432
97348.39306561871
97431.26852578689
97602.82205526165
97614.20607742286
97646.30422087788
97752.98759131077
97869.04457706567
97878.53603169927
97883.50171155998
97891.79917571075
97955.9119071286
98299.59834977562
98440.87642706648
98493.9700156596
98506.4425853667
98545.07288681567
98666.24916014458
98779.37380618203
98820.23153895838
98850.7514988722
99012.00382224559
99224.08402463785
99259.15407687527
99262.55687210291
99342.06143350866
99713.47524512136
99793.85667355277
99824.6051435685
99960.63816477725
100003.17879281972
100052.88026993893
100085.42662721474
100118.57789782132
100153.54343883612
100246.2340985299
100260.2792342701
100450.59990113958
100803.43892862086
100857.6665433126
100862.73747902457
100871.14635534784
101041.31539516812
101052.07231498238
101211.26623955902
101241.8698941245
101272.33214504892
101395.35236449508
101570.37968431904
101625.05688960254
101743.91365270436
101772.54522224462
101865.99639602125
101883.7810480461
102198.7440188652
102251.35592271732
102293.88826579494
102398.92705049671
102418.07008130442
102485.8823988017
102562.42096908316
102602.15012983735
102622.37124735958
102661.21609634443
102720.6280415969
102810.38393131203
102822.82685474753
102891.165694914
102920.93237324021
102929.94504893367
102930.78698433224
102976.37999937376
103030.0945026011
103033.81269557803
103035.3338654399
103049.28733149299
103084.09390423042
103112.70155312298
103143.67644008304
103177.31273230264
103187.52390927894
103280.06190691395
103302.70745668423
103307.12177764851
103333.16630060083
103359.71359420627
103372.88279196768
103378.67520902504
103411.61750266075
103420.51958464514
103429.01898733259
103437.1146974761
103443.04774465504
103545.23806962732
103582.55928620652
103582.56107681562
103651.56511781772
103695.5516838461
103720.79825746582
103754.53261861319
103779.25459097284
103815.10338299497
103824.6121759899
103887.19428762558
104113.17430313659
104158.59935495735
104289.7571130516
104403.4611859405
104438.35472580287
104484.36647128768
104545.74620972543
104650.44214208455
104746.8612134512
104759.94929734693
104767.08615903895
104822.84382111677
104876.35693213782
104898.89436793578
104973.19083059212
104990.2995828673
105046.69839117193
105061.95272889227
105070.24959313721
105077.2557895635
105123.95134896046
105159.28828947371
105160.9261200594
105193.72820953005
105199.12067002818
105227.3902513434
105306.25109720769
105323.3042300901
105365.4973905417
105397.0565193451
105466.0062588705
105517.37954576437
105575.6163171092
105617.82282739574
105625.07073844323
105682.57735040384
105728.59952249257
105731.42930354776
105943.61459443778
105992.24621975479
106002.13731617504
106081.05404852134
106115.43651300015
106125.89943453894
106206.03342392338
106232.32618455145
106260.3438470358
106262.5244910056
106294.78617152886
106321.54617000971
106364.07890819758
106369.43184045021
106403.68045970378
106423.1913332416
106447.8145229075
106526.60444770778
106529.74255768905
106551.67219549173
106668.05388493945
106731.30926508145
106745.77726264799
106748.83507717845
106758.70320733039
106891.34398125333
106994.77807995563
107104.17533183994
107137.3066540047
107149.44860553202
107161.45981184232
107195.21766656355
107204.71980922131
107445.94317827543
107621.72213976947
107643.41614909038
107650.55712599511
107679.12342835362
107740.85040682371
107755.31030990742
107781.35631841143
107819.91727888519
107844.63194852133
107850.0366867994
107905.61482776
107952.48648809342
108022.34499926142
108028.62744131293
108161.95476209669
108163.7409756037
108165.6410498996
108221.36899933191
108221.90426863829
108232.36290511582
108250.39656867238
108271.32382428455
108295.45036415607
108307.23484868955
108309.77293565363
108322.61661585393
108334.21111267185
108350.70093019393
108363.46837675228
108399.80487743672
108458.44395311284
108490.47330110386
108544.30754797134
108592.25079091644
108592.79824039614
108640.74137164823
108668.89304716093
108686.11928957296
108704.13809323027
108726.40993050739
108798.02721336874
108833.0803432395
108861.31240757063
108865.99024112982
108886.75563562018
108905.00496826752
108982.28909424276
109035.36328736367
109074.40976543758
109105.0497280155
109130.0988214591
109147.42777911655
109148.1623864314
109179.70092000828
109185.97290998364
109214.57656230549
109229.33193546889
109307.36059287055
109312.3314877566
109466.64896620672
109484.55002613888
109491.8191249955
109560.61625278924
109563.38039215482
109585.65635602784
109603.44992086032
109623.13940543594
109639.30249486415
109664.82748727468
109710.32942373499
109711.80346877936
109720.5738076015
109750.58548708375
109807.08981074575
109819.24119389364
109843.59592160556
109854.44206001198
109855.51560327983
109883.13414877822
109961.55256935822
109973.40060228879
110003.58172733086
110008.97938125586
110028.78896625273
110081.4299942404
110105.04770434723
110112.5617768213
110123.36779059081
110126.95750975149
110154.76195628953
110185.41339334773
110276.32497193154
110294.75192383387
110378.0447201993
110401.14991010271
110438.65553808844
110446.5200171262
110485.26342007816
110519.08046325462
110529.45353441668
110583.06231390049
110605.14547984334
110605.26916820058
110610.31365017296
110614.19925407525
110625.95365898144
110702.5745546182
110721.72776325617
110736.63682255015
110753.57944280657
110765.45193706657
110789.10004505269
110799.74125026143
110799.76192358372
110806.9406518341
110811.25207427003
110819.31434996544
110828.83911540516
110830.8130831747
110846.3231625632
110868.37746258649
110868.90373182263
110895.38920336534
110896.4636383112
110906.69713776356
110911.92123769457
110924.38095581626
110927.83017094272
110946.85955950496
110951.61964557489
110965.93602523653
110973.69219516838
110978.46840113132
111001.8676995911
111010.02424241682
111035.87036753251
111048.00110502525
111058.74582278849
111060.71820071462
111066.00693836415
111075.66035509517
111085.62647042454
111088.48454233783
111101.51844385025
111111.11170821164
111123.31155553152
111123.9206689169
111158.81228210243
111185.58493130501
111192.81034468354
111232.70729491558
111244.95403440963
111253.03066556226
111264.9741783673
111288.80043295439
111340.18974543017
111840.46655548192
112170.88181408004
112466.06379214545
112616.03619803251
113018.65732743675
113200.7741568266
114173.83907399677
114966.1565404618
116305.99348057587
116470.92745081581
117076.64202535391
117158.40183576563
117461.90803379005
117850.527737558
118016.30988634002
118241.14438667281
119533.86448661759
119813.24918392448
120107.6556615374
120412.06203037646
120534.59050525403
120637.9339379308
120898.57619071571
120964.22622823945
121000.02220605934
121053.76803611833
121190.67692158469
121391.15817404179
121487.94449266483
122004.46000332625
122183.76388311143
122722.16585547643
122829.13184390243
123240.09163969275
123470.7964031517
124025.72232040681
124039.13308328038
124163.68192486004
124215.26354187717
124447.54863136863
124640.4334110423
125813.69817557166
126356.3991232244
126405.37075490679
126412.40504443605
126418.44590594375
126439.89767181771
126449.15236236292
126467.83575210956
126520.36272738954
126523.17697172916
126539.30620874355
126650.24950592878
126655.16533565675
126679.89609907145
126688.47785838306
126697.43838872733
126702.49833526617
126728.86582222706
126735.82076459174
126769.09575876757
126789.8437494273
126803.30994866595
126847.53103233513
126926.96087065265
126941.86230243527
126947.40583441651
126977.76805125066
126982.9130649041
127006.03153974703
127017.81833139042
127032.05388501323
127043.49484535959
127055.04222863025
127072.20617321298
127085.40100279698
127090.37936097753
127210.86404010038
127225.82404428285
127239.8730629777
127285.42066012011
127306.50899510211
127308.69975274602
127323.97890496784
127378.53381627871
127403.11793306598
127405.94242039882
127415.81188825393
127502.78914523004
127522.02705745517
127542.57649673829
127566.95403792177
127591.25248638098
127635.50830518393
127755.52768836712
127770.14047271326
127814.93355959059
127819.43898641813
127824.55557948482
127844.71585442845
127916.97250089374
127962.14637466613
127979.63794362449
128007.01880374501
128023.03028688038
128024.3405336834
128121.97498703329
128138.38272742898
128152.93052263121
128210.88432298038
128234.28471010366
128237.64617996935
128249.19554100237
128260.41541376789
128260.71976428866
128267.66532472734
128272.38128206969
128274.65323705404
128292.40193426724
128300.29665389677
128348.29428975194
128354.49582856541
128380.52630492864
128412.5093307016
128413.90383958389
128419.68784777394
128451.90007566349
128469.98305413986
128476.71897098413
128535.3953061341
128543.93699663287
128550.35007495023
128568.66901442065
128654.89327916592
128706.19541902482
128712.43145322439
128781.02864241262
128863.57450786275
128878.34983552148
128892.5640179239
128894.13676104358
128894.92337018604
128950.76555243914
128967.24656655983
128989.77265632621
129008.93053077397
129039.29568472956
129042.17908124317
129053.6462958789
129099.5906744987
129195.34047044453
129276.59388373137
129295.83797258181
129307.26288342752
129410.537649003
129411.9332701249
129420.63949665373
129424.9576432218
129509.50056506981
129512.04577881194
129556.42264753193
129597.42634302402
129641.26086035102
129648.72143972226
129664.57291315206
129679.78133264525
129702.84330275997
129704.25803121307
129744.29572005174
129819.52150261405
129847.20019528316
129877.6599541391
129907.55141626677
129920.84130249516
129933.00124440121
129966.90759015837
129981.85845134033
129984.68364122837
130083.83570732313
130105.23064864203
130115.34031024246
130147.51652321575
130162.21649664282
130217.96713364415
130253.28637952254
130280.9206626227
130286.34115293177
130338.85620903014
130357.6447831179
130396.78995759207
130404.72679164613
130431.75560144713
130456.54943044845
130481.4067290276
130496.2368469398
130514.67320703155
130520.95176724638
130525.26476650525
130540.45977723776
130541.37322652404
130549.7002883596
130550.14853386756
130562.89411229179
130569.04572504871
130595.54236702147
130630.72131316617
130707.04863009989
130726.85816583382
130759.81499632013
130762.32306868621
130768.62290402869
130776.91227592225
130812.83852738209
130883.22647632998
130916.70333880027
130923.50551194066
130936.42386057618
130950.91552107722
130965.37546706613
131009.35574250846
131019.18686081396
131032.4648087559
131034.33701882226
131148.6414959295
131162.5827053308
131180.1804817954
131208.89716646788
131270.29769318944
131317.4013279446
131364.4849634171
131419.38039450988
131506.21567373842
131531.81789724846
131534.0380572688
131571.34370777462
131575.18792389764
131668.88328840907
131695.55583540446
131781.43210787952
131782.72559728764
131803.0396299226
131813.82553448708
131824.43251758278
131869.08569236996
131879.64607625653
131934.9427179281
131963.1653687857
131973.32992359553
131995.80750781123
132070.9986816272
132138.2706069579
132167.1771223339
132191.25581491672
133551.90082026928
134317.87687680125
134460.10689348518
134909.92059410643
135016.82160455608
136269.40266691666
136703.44429104985
136717.33036286716
137050.8629094527
138953.1642134637
139721.6439002094
140046.44734635408
140496.86080051205
141502.1691362888
141724.37842223904
141915.86066780792
142237.96868329105
142415.31218547685
143135.59357705983
143276.68794607057
143661.9067992743
143720.04334731604
143912.9302518916
143931.70084619103
144426.98849155387
144595.95939643175
145250.85391263102
145952.83896912422
147785.9313045361
148067.39118040365
149252.62589324138
149914.8586900777
150194.0063820625
150478.77854241323
150505.15719107183
150875.41716152453
150877.02346480428
151012.66488362118
151132.67425721613
151161.26485620285
151175.77101307167
151198.16937140527
151253.97116816815
151683.77455826497
151858.0628323592
151877.5159530332
151922.99558789108
151934.17874084652
151944.63284181803
152024.25330896917
152225.0067085534
152393.4798574727
152404.56564328738
152560.52050570538
152573.51385443195
152706.178694805
152748.42048712872
152780.75234106206
152825.1513825099
152892.48875038052
152921.6933146486
153218.05201026
153338.77429766132
153356.14185138606
153360.12689401893
153460.7535740707
153468.95674689405
153548.94063642446
153565.3162811333
153584.81364838433
153590.12260116186
153659.04744087328
153789.32153587503
153815.52982368993
153889.4457058914
153890.09343173748
154118.88881269644
154174.73622003625
154295.60926947452
154304.76354627853
154500.4619085757
154604.4467767146
154816.70225563901
154994.13983458315
155079.72531692305
155084.92374072748
155102.27841537836
155124.91468146944
155323.80629999528
155328.28882770595
155421.63268760496
155447.5685743767
155480.18924595125
155525.6512511554
155729.281123624
156051.88079623764
156073.73581391078
156203.75555345428
156243.24192573642
156320.5975346669
156326.07901462688
156491.09243398276
156797.63618393897
156805.81316193315
156875.0114178782
156981.45081176847
157045.46723249758
157069.52579931766
157222.46090855158
157274.13667262325
157425.6263375891
157865.19149974282
158055.16286171693
158228.56481758054
158299.59448057722
158400.87220467662
158427.43748740992
158513.53822589768
158575.14973293
158629.28491902235
158652.22301074257
158726.64467787938
158783.45227334526
158788.50306441094
158935.3605657551
159426.8078652782
159501.41847793234
159574.3092069442
159610.30370609259
159665.39627201596
159784.08443971805
159870.62312810335
159917.35722500694
160095.16465115978
160157.27514408054
160206.56233042374
160218.0007226002
160277.8176559601
160321.8872943099
160391.44039922574
160429.1321609532
160467.8204086606
160477.69137115811
160757.05906079046
160803.43672863283
160948.6603163621
160978.08517849084
161002.29281550297
161077.69600342197
161358.18074941955
161385.589531402
161393.2133457488
161775.58030246588
161929.10486842156
161929.224334132
162043.62856687495
162413.65738999727
163401.53409395512
163716.03977525904
163835.87628047637
163944.2724173306
164507.95312904046
164725.82882295584
164725.8874567394
165098.97034912126
165146.57106648164
165282.32280086994
165506.41889148584
165554.94576120487
165903.2639318462
166017.8419950388
166263.76707792163
167296.49210615183
167369.58508637882
168056.03576906174
168348.38744775747
168796.27371090624
168864.49322283367
169083.0995294999
169353.99892886565
169579.0562670417
170186.00435513887
170381.64123463084
170609.31176409722
170782.81147388823
170853.1795290729
171072.9827312315
172711.4565332631
172847.92521132928
173066.48440626363
173274.21461041266
173318.1292809087
173340.28549339256
173673.71725171132
173847.47424146166
174132.5001539759
174525.20838192748
174829.21834909337
175134.02025961177
175182.2700707242
175738.68335220803
176177.3293290566
176374.89988204592
176582.2195251957
176713.6310825036
177063.5509903931
177181.67825303102
177256.05329632055
177365.76471301253
177764.35831429737
177856.88006315214
178239.0259287949
178425.55664936482
178587.64646943405
178765.197928652
179036.44097843432
179073.19677864446
179103.98711327257
179185.10329530807
179277.85246402983
179298.56729596035
179334.57325674326
179414.85794536315
179434.81260365515
179587.05120467758
179759.26771910168
179866.26437735622
180072.77866323973
180208.39238697637
180500.29853997863
180713.35514304187
180773.57694074756
180845.32237616827
180975.36230261554
180989.50097169806
181052.83076181728
181086.27202417114
181159.61132301163
181437.79487359937
181624.21738135724
181634.4815317185
181649.0823405241
181693.48639146847
181707.17884611397
181824.81119171475
181996.93295976793
182076.53882766605
182083.4019051928
182359.99234526273
182410.1718878931
182412.11593200505
182559.66082583967
182599.8763968436
182711.53846574153
182839.65746801812
182845.33655367457
183116.21664706583
183116.84388567126
183189.58026188653
183223.80994437163
183265.9138190163
183334.72351865203
183364.13769001036
183449.57792100275
183473.7834862738
183541.6231932358
183673.11008195745
183702.43858907747
183767.40810264196
183826.84528786066
183912.08269345638
183916.6042481735
184034.28420346451
184214.83111543756
184485.64837697707
184675.45688794923
184771.29997387354
184875.8026649188
184912.6755774693
185010.11852724696
185107.86614928892
185148.63708703563
185244.38033865893
185267.68678784446
185580.7584030916
185709.4762075509
185745.39921196047
185783.8217925329
185797.22780744504
185863.79456027396
185991.32377085576
186041.04939185054
186112.3629973918
186136.32195064638
186225.500465095
186402.05670580914
186475.69747738636
186582.68501336436
186583.15843109274
186603.9298094777
186655.86508585716
186707.15654949535
186742.562204382
186815.10385487883
186838.1942538364
186864.48221667766
186980.30597806943
187159.56239361293
187170.09534511683
187291.68381433713
187320.71658039314
187340.89238813205
187607.84748457823
187631.99944782507
187763.45464061634
187997.7237879288
188061.82812803332
188134.24930089156
188151.0263263822
188152.01391860997
188158.31075406983
188411.24430091423
188518.38311479441
188587.7568801331
188623.21514962806
188633.7033929184
188653.0739351395
188786.6650888632
188922.2591600027
188939.42524025726
189088.25397152765
189090.92861177048
189101.53643170733
189208.9893777632
189240.07181202297
189252.9186911537
189285.64878818693
189359.82529392978
189375.7225021363
189377.63362117845
189425.88877705103
189456.22754795538
189567.27588871628
189609.47144811598
189672.93026205356
189727.49330656725
189730.36840379628
189825.26756848616
189829.68434544536
189843.69470905914
189847.59109961192
189861.1739911361
189871.42950876948
189980.2526337197
189981.15769698314
190104.82130957194
190133.28169295628
190143.91214001778
190178.65285568472
190212.8191671254
190411.70518571284
190418.38271142545
190459.25863986285
190469.33460557414
190590.21626945795
190610.86127464377
190628.9845163105
190655.91427397198
190745.39233995345
190770.628650678
190784.63061542678
190788.12874669564
190809.10849274026
190822.40990712584
190907.9686294078
190925.8358570374
190993.5141791042
191010.96440555018
191119.67005094007
191166.48742095876
191267.65902151348
191286.2343500397
191293.35200043756
191350.4534874958
191351.44599543005
191370.34729037606
191422.25510667867
191462.57009245962
191522.25551353008
191605.98575591057
191610.19529287514
191705.68372973413
191731.131598489
191781.30021878486
191781.4601665268
191786.26720299033
191808.8005792725
191835.97420856316
191854.99693932914
191885.89948974948
191935.0454811483
191989.87570230238
192031.51252194587
192038.43914911064
192058.209278124
192069.78112358678
192107.20424865728
192134.81829703387
192156.42964717917
192248.63493852064
192343.97956262864
192412.9373311665
192509.94720239425
192510.94087346838
192511.82992841784
192532.4516347858
192569.9342621729
192596.8222378123
192619.2298685792
192706.37584146945
192719.91812213016
192723.89574510968
192797.55450751967
192808.47740177205
192828.651815343
192913.96490228648
192928.27187350413
192938.76024699686
192941.35828203234
192950.92746883223
192956.94517954675
192963.08858725717
192973.40504882662
193010.43041378297
193011.68786602744
193128.27531147585
193177.8689815216
193198.4689210465
193234.38111771026
193260.99894415628
193406.87488465887
193409.72145631985
193413.0305292214
193555.7488752864
193620.72745180794
193626.10916374082
193673.3193955822
193695.2332722106
193745.79089897498
193800.44442584066
193817.98283136848
193828.22128381956
193936.7722338439
193936.8816608903
193982.6708105054
194022.31641970493
194061.59926244564
194254.2784004651
194298.95432217358
194349.10965155234
194363.69183391155
194383.85335538737
194427.4746160097
194569.3317597388
194589.1809309762
194663.77963713385
194664.06104796677
194705.042258152
194760.0120826742
194762.66219160485
194777.17179293974
194786.3136548484
194812.60137326518
194825.99299510077
194842.58702196102
194910.88285950027
194921.83384105857
194924.28507729765
194945.7042883861
194954.47839172327
195048.50458310588
195054.42833815046
195058.97528761995
195070.20073391384
195098.1475632369
195105.82612676785
195125.0460890702
195129.49593015717
195193.08048772553
195202.49520908223
195219.34705329943
195234.0754861369
195237.35820864033
195278.70915703246
195366.3430990323
195397.4867003649
195403.86194854538
195418.0850034516
195425.7604139999
195426.98046954093
195478.52439239863
195501.20606977565
195599.44580948848
195615.42165696077
195632.89466388666
195673.94230321952
195760.42897746686
195762.38342228977
195794.69462838958
195820.6140451329
195826.82024911433
195881.81873927618
195888.68095839806
195892.15838073165
195912.47250181818
195929.463491586
195943.40699100163
195960.5523963492
195992.31176910404
196006.06437336173
196080.92613036523
196141.16676967463
196150.21216946506
196164.2105683114
196185.77147368755
196254.74423643303
196263.84816552504
196338.90993511994
196380.8771536238
196449.1779429228
196462.28556150311
196506.39481109977
196522.193856035
196567.67873510005
196602.19202464377
196625.1765280356
196635.53302627473
196640.88482780004
196680.31232401036
196719.2265084859
196722.82197250478
196755.65267241411
196762.60794818815
196771.1937000848
196775.648906393
196822.8928407616
196854.4797652014
196910.77825055414
196943.95576192584
197010.52664924992
197016.35148495264
197076.23402182068
197079.96785529313
197083.63393995716
197083.793875391
197084.44112298964
197093.8968752126
197104.6047824638
197105.4153872829
197116.9133690896
197137.8762440168
197138.67424169392
197139.35298364036
197143.45767489058
197145.0620050753
197153.6936463331
197170.94341645588
197179.2953300844
197206.73078362967
197218.0629981034
197218.62296657334
197258.60348842014
197295.94266682072
197312.4411530954
197337.70224345895
197354.74371443258
197367.56946299368
197367.62516254536
197368.6016558447
197370.25008472046
197374.53473488434
197376.24884036346
197391.00877536403
197395.21752209542
197402.81492193477
197403.87072320053
197426.36179275607
197438.94234025024
197440.46312036013
197445.39982172492
197457.3816582382
197463.1246258641
197464.0252249577
197471.71434284476
197505.269192785
197508.47285312763
197514.98672050878
197516.05284100084
197520.0097829285
197558.8890261144
197581.46824699704
197592.2469052431
197603.5072621878
197618.98851923377
197620.81326077066
197637.52607655857
197638.373947952
197638.63574944643
197643.84194734207
197686.79106789437
197775.7128531335
197810.7909154006
197866.58206595696
198134.54173387264
199540.4653931726
199736.89563056547
199892.50048954992
199929.96023476197
200489.74762211443
200845.7640401843
201376.62177467704
201598.50689287813
202348.32445149467
202828.66108048824
202883.33121876497
202888.30312217242
203210.60696929376
203567.32578563367
203857.9173143884
204433.5262986901
204468.5925181889
204525.1668603814
204685.38700125448
204713.839546066
204824.08948120388
204990.40516935286
205212.33296921695
205229.10903041012
205344.1478475299
205374.11051517946
205722.62803083655
206236.37480040416
206644.53838928876
206775.4561819994
206897.30550895407
207063.21886045992
207109.50088850106
207186.589746348
208286.91261522536
208367.9352593186
208474.57791935658
208995.0599116626
209446.47801854688
209641.13880864237
209752.1591599043
210015.99065487232
210581.76104068602
210717.35574762218
212065.30961734088
212306.1817944612
212591.62912359321
212606.35140053308
212829.498990761
212836.0495711862
212924.61773940604
212924.61946444504
212932.75163266054
212960.7094688766
212975.83700723056
212979.9265098464
213004.25482552842
213012.42063370565
213040.13800334794
213053.10314677964
213098.66277593683
213133.84814300406
213217.8597883982
213261.6905860999
213285.5482394375
213294.62702372257
213305.39638170472
213320.18961680983
213352.34344027203
213366.75442458474
213373.85030707956
213383.36510135618
213389.88233988138
213394.14950256876
213408.84284799668
213420.41318257054
213425.20871244592
213425.34668537625
213425.6118998122
213437.3692690595
213464.4893916123
213473.540103852
213495.47399111377
213645.5237059817
213659.79153338989
213662.68319393005
213713.18391546916
213734.10309238435
213754.01397589673
213757.75736853541
213758.81359617153
213763.36659376655
213766.68189287232
213789.62958340454
213834.61108389715
213837.3154953891
213878.02661246673
213888.89562626992
213894.81688707153
213912.74861001762
213926.32718377325
213975.7842394554
214011.10733389822
214033.8806143835
214040.95064453364
214051.7943409622
214057.85588967634
214089.81472556182
214126.9369473235
214153.97746245202
214160.6623358672
214188.48617458917
214191.95700250927
214201.14747789782
214210.47968843754
214274.19151545607
214277.45894037213
214279.17610311625
214292.6466961243
214315.6100674555
214384.2797098388
214393.197128493
214483.26472545383
214487.58051258276
214537.30461240298
214538.48811965104
214546.68957184957
214549.2037309496
214569.48094166038
214641.29574256728
214660.1107985584
214687.51479530532
214706.95151706188
214715.5219669423
214746.96979624202
214764.4385501997
214774.6644604204
214774.69925796875
214780.0034844212
214835.9681871597
214906.26171575335
214912.58121813714
214915.1163654009
214943.5011985781
214991.98738976446
214992.2932362273
215053.10412919702
215067.30287203757
215085.01496398504
215127.58890876514
215157.46323586605
215175.87056293606
215221.4656676738
215310.0401540529
215310.60734622396
215324.73201966827
215326.66000362713
215339.72565236362
215376.6503657926
215443.92001901535
215478.93228536553
215491.35550334904
215493.7995380774
215504.81882161266
215550.50733615295
215584.99594318672
215634.10539538367
215653.0275202354
215674.53049479375
215676.47278410438
215679.54031837435
215683.14467247244
215709.90427877844
215709.90904675436
215752.0846190068
215771.20105529853
215796.4480829791
215879.06445506506
215896.76509172894
215916.94176408532
215953.32061050006
216011.77932502245
216041.1504603498
216055.34385096977
216108.59741772257
216129.74055167087
216154.94482749433
216178.1770891752
216184.49954314003
216191.11290072117
216196.5469273961
216213.61682902978
216230.16036331252
216245.2252654642
216252.74042854313
216255.76912091294
216262.59573028007
216286.06071702894
216316.28673987428
216331.968834383
216490.93977491983
216513.64857731533
216543.85457745986
216558.17670109298
216575.19190171984
216603.47211702127
216603.81095643464
216627.40073471045
216647.20762820245
216666.61439813807
216686.90236866334
216693.16800446145
216714.75888169566
216722.83412702734
216764.28566013282
216781.52183235588
216803.58517905563
216829.64538782384
216846.45522781464
216849.6843918018
216882.99315682825
216971.61438941976
216991.21153236786
217015.32547153407
217052.88251377334
217089.23676647697
217156.05281723553
217205.89187734766
217213.63443682255
217277.7664214154
217279.54504433705
217339.59576424974
217364.83112680662
217367.1750070071
217387.32028766192
217418.23677081068
217430.90310749743
217467.09405864467
217469.12835721098
217558.17971904343
217558.97526424387
217567.9104304167
217583.61805334117
217602.48533843498
217653.4890540182
217659.96877817222
217692.73847085802
217803.63726593886
217870.17971830102
217926.2150917448
217952.89505305112
217992.3729543871
218021.3380133729
218023.55933961144
218078.81657811918
218135.2610877493
218139.03123656774
218139.65511626378
218220.05665160334
218256.15289759036
218263.5748525057
218288.22681216744
218293.67408954626
218300.77889900983
218310.3256381303
218324.53008073298
218339.8151488798
218380.1963649005
218393.48282439634
218395.72446564844
218411.29127291817
218438.86376026113
218439.69028637707
218444.16919305886
218465.01095499436
218465.31375798635
218520.35629128525
218537.10490340926
218556.40296043374
218565.66909576298
218570.7763370187
218598.24031667822
218601.66161073043
218965.12835656165
219335.6115130081
219535.02658997983
219970.37600711078
220391.04533387613
220661.38155456356
220705.1205627853
220980.86357013884
221161.4366141676
221216.46910688584
221529.97872714853
221607.08812480816
222701.82334293844
222711.3379689324
223389.60379864424
223764.37009737515
223892.48258731357
224114.58796241734
224200.11303443834
224254.5570657196
225126.88735326537
225177.05667559383
226061.34228394562
227071.53293435028
227332.9698939693
227382.44811184896
228262.40828114614
228599.55656624603
229029.53148429404
229253.29866573052
229488.74817473072
230052.94300395733
230061.6020835514
231000.03218576434
231030.15915519482
231243.7099125734
231484.25383800195
231608.4748156864
232301.80424794077
232449.89172392135
232460.8120569572
233500.55404584654
236017.86379590974
236487.29398595
237378.6464423188
237486.2489527013
237547.20329701254
237550.67199571634
237565.8320465209
237590.3151380111
237685.61309814727
237924.59600961593
238035.43060761192
238099.41796793157
238141.06048159703
238330.4500998982
238465.76347182144
238558.64184128758
238688.1049624791
238726.08308365959
238894.08920330065
238945.32621107862
238958.49468509157
239069.0286793369
239094.4286380572
239147.16967320078
239207.65613161068
239287.89376892283
239302.97348030205
239452.61995983726
239522.5776248442
239743.75744849996
239784.44396008455
239851.45881432516
239881.6166075164
239955.52740809345
239964.77104677653
239987.72783911158
240021.08173042996
240071.5609918395
240126.7409049775
240142.08534430998
240248.87504893632
240292.20437625286
240501.13491358663
240558.41497213196
240592.18371443858
240624.26215541613
240679.03356462735
240707.58306962572
240770.06370705034
240861.827895018
240929.4419238819
241072.1617111853
241154.06610500702
241199.166444026
241232.96332410292
241253.84616248586
241278.74354917544
241300.5526623773
241300.7378807752
241338.4556991048
241419.98944993486
241538.96632429038
241588.78827680973
241661.77103886823
241688.6197410498
241955.87384768034
242088.1359863548
242096.31527251744
242181.4042330873
242226.96542212955
242320.77944411663
242810.2927463052
242820.8242971776
243040.90288921585
243195.0190965829
243195.27721156023
243223.26625899924
243229.2715609552
243246.51975635128
243375.87715536065
243397.83961768023
243440.3982283158
243638.3529156184
243767.74840663176
243802.41700888274
243835.80486509658
244096.6658092343
244210.31545327994
244355.22159270925
244355.6310352963
244381.28331924064
244417.34110238485
244437.43350190306
244490.36711551808
244506.89349066012
244536.15238438017
244625.4485114403
244657.9019170358
244712.779143898
244734.42213570722
244879.4950444735
244961.64587219848
245170.01780222188
245186.7019799382
245348.46262162994
245424.0101815047
245520.0252091043
245706.75040202192
245793.57238681422
245804.62093714747
245901.66387712027
245916.32693601516
245967.84924323455
245998.614294504
246263.00548628968
246320.10466112144
246406.30019950954
246466.466148474
246512.7304144642
246637.4175173462
246643.79116259044
246712.2283905815
246732.01852635236
246740.3055397693
246744.42107577337
246833.24963801238
247029.08180702364
247072.4998968011
247080.70580989093
247088.41104405455
247091.20777235363
247202.27650514385
247263.57098857904
247296.4986467634
247316.593429029
247529.27360907162
247673.92836687109
247899.99658913433
248007.70099681162
248136.79349692306
248289.12654399348
248387.48437765593
249162.1967175451
249221.5033844813
249362.38540423004
250116.71051746997
250128.01913587708
250431.16448223047
250504.4281650878
250547.30812653722
250611.22428205394
250732.78136215283
251003.84559667972
251146.63706763875
251459.79528108734
251528.10937220976
251586.59938766347
251871.0485673396
252231.02217121457
252260.2048805369
253558.41725960543
253898.05673051922
254142.38933140144
254509.3602045225
254618.9407375169
254684.11853710457
254711.53888597887
255250.20403035538
255579.71538214738
255797.28705155177
255886.12791034844
256250.2246816456
256371.26152711984
256616.06827671477
256675.91778871117
256870.9446464639
257240.44929468902
257604.59722384962
257619.82690654893
257974.82176531036
257997.82576819087
258051.57684158318
258469.24368404207
258605.0624617139
259096.472735402
