210.68144306289787
222.0455595049872
231.6753850098733
268.69542983000247
286.57340028207915
359.7299079874793
380.3304887352144
427.6672512232467
498.5048334906248
611.7445032714159
659.9787709428616
704.1898215354285
705.8332774375444
730.7513157074582
763.9482858261806
764.3261008704005
798.6860195798639
820.7002918137898
830.7893367890553
838.6303796088048
964.8274161441403
1107.0299985946303
1128.441500853118
1143.7313830690807
1148.7506118592457
1171.2332792140057
1248.6538051733626
1260.0237314814315
1273.075403215392
1303.0603698319592
1410.01389459981
1425.5028378186364
1450.1102292711598
1523.531609861124
1525.8935173723899
1581.8161907108888
1649.9840107605046
1659.8241340177826
1728.405649314355
1744.408747702547
1859.012338240177
1880.9210574022113
1912.2052199587554
1918.5848513451983
1951.030943707699
1965.0570894235243
2019.7761250501023
2058.8417836569693
2063.499769703617
2068.0842625028945
2137.785556954461
2155.9923492064895
2212.047046084283
2254.1722308582307
2319.343384082394
2320.525711227919
2323.244466977561
2338.2657639885647
2406.573981537782
2406.814577827607
2477.0928181438017
2583.977927691919
2594.9675386689023
2819.656555877506
2903.1018021267196
2981.273272439251
2984.317323287835
2997.556418405221
3040.7949916779135
3142.7057476134514
3198.582613824074
3244.537374454048
3264.1785277594586
3323.506210286008
3332.044305211103
3448.7453758901315
3487.4988760809056
3491.4201455822476
3513.769759603364
3583.8791708196745
3627.661869418583
3759.285654898958
3765.5046689295405
3781.875340942535
3821.07537993701
3827.1041369444833
3876.3568655550084
3888.2177321301033
3891.9672514749836
3931.5136629353487
3947.650108095384
4068.6506781729727
4086.58811610522
4131.623588140205
4135.848762363417
4161.098924035141
4161.8736433472695
4166.497120127271
4170.48892463136
4175.5358294528805
4179.196232033419
4202.574385270242
4218.814597429699
4229.985399775683
4236.541575907891
4281.113672849573
4285.842871594917
4321.25580772262
4344.985604301447
5279.478184775579
5499.504556206107
5756.266601453009
6249.409846948122
6498.503467823863
6654.7292711045
7274.673229680747
7291.687451694995
7372.779992164303
7589.8044642011255
7631.415440879042
8129.158938734473
8301.421221303117
9274.655349127188
9494.816766983957
10044.750473849674
10073.94138496687
10318.109300795792
10355.84984751607
10597.727859119694
10768.879143436641
11030.41846199614
12420.615012466527
12558.932292598749
12715.59875324759
12855.519385370295
13165.214671195687
13359.504735231047
13405.586701041382
13419.85959009958
13432.098664052193
13474.831085510037
13477.325404139367
13481.238642364333
13498.820000537793
13526.27672641557
13527.305446060065
13544.732372692079
13551.042193272691
13559.948940440498
13583.150595413086
13585.435576950453
13599.969851426044
13619.850368096962
13641.386321919921
13642.62792278875
13665.5442140169
13682.723664776182
13698.056773761342
13711.3419150856
13718.549277812677
13729.846466201405
13749.77952544559
13759.51975841894
13760.749250156407
13774.555602401022
13781.876654503156
13782.330178551372
13792.799301977457
13811.67319873982
13822.577117619625
13825.706656988075
13830.416824390279
13835.378273039405
13849.276884869982
13849.640681791772
13850.270261560903
13866.096540793662
13878.283044185951
13881.138515523091
13881.197265709789
13888.164125078714
13889.34344154758
13904.393439792391
13914.224844201788
13928.048289741388
13950.322939895315
13952.258437419345
13960.760985601186
13960.8932433023
13965.600839435698
13971.92708098403
13971.975583436635
13996.71769997158
14038.56798453279
14040.557937790061
14045.414896836926
14059.950879707554
14119.385499666923
14122.920816770304
14127.728322979687
14134.677184845783
14134.952574865822
14139.43759942239
14161.691555421297
14166.497244133427
14170.288031977083
14172.541569982028
14185.830074128473
14199.623225870424
14206.021284262226
14216.09023387979
14247.605123614485
14254.05307376349
14261.197657339608
14262.854976785422
14266.019256717516
14271.80879315234
14273.498614397267
14276.562355774493
14280.365234323579
14288.672427064483
14293.510727223036
14296.92746635391
14299.552781906108
14301.195113559828
14310.935676554041
14322.558248832267
14331.224778288399
14335.246423972221
14335.81317584454
14339.665805578268
14341.051473277823
14349.31206694662
14361.387252971399
14374.829583111235
14392.167801787484
14392.361953573305
14392.973692722037
14394.179657043569
14404.095709490597
14404.990999515958
14405.329828071262
14406.12480732839
14432.582965271156
14435.333446004519
14453.342839262854
14456.084696765036
14459.99990626386
14464.61660029112
14479.914506608378
14482.563107992282
14505.75012047611
14514.413779602237
14535.015422257256
14548.582169990867
14550.222820796253
14551.756846841126
14561.060050892329
14567.552950371602
14571.588863850224
14572.949974479723
14577.209980666743
14581.996839418633
14595.500886573967
14612.160861165501
14647.684926770324
14651.86632741611
14659.100941643648
14668.531097814674
14671.679099692426
14674.188768440437
14684.858566765468
14686.814830866082
14690.59875201002
14703.529307827226
14730.04662599948
14730.568527554413
14747.117570400467
14747.529624548477
14747.796022004623
14756.507739024351
14777.606172040221
14816.195839587748
14832.227107536683
14843.436925472293
14845.47149241283
14895.129382142295
14899.071975031644
14927.561152660832
14927.778291180472
14943.357285995417
14964.922714139222
14964.94706913808
14965.280385922126
14967.97198386058
14972.545734121251
14976.459062057833
14985.275612515083
14989.66622493484
15011.988915477757
15023.695155474528
15028.085578087155
15028.24736038158
15034.171016737528
15049.015240765153
15054.630988746449
15093.714691283514
15098.207481832456
15101.829903207363
15102.318783625802
15104.933457269677
15106.165930336512
15376.738089260578
16169.049051620697
16698.815547026195
17761.807747273757
18209.26924893689
18286.28143606576
18586.19948090123
18887.21844886436
18929.278401738768
18989.163320403164
19319.72526239477
19471.887545165704
20792.220161103964
23173.642887379403
23328.190178887737
23482.985951874027
23583.212744368928
24623.546599415946
24673.26043938949
25589.291853738363
25604.409560636475
25798.71126693194
25890.317997456696
26300.45808375447
26405.60042764759
26717.401600334175
28844.321178314898
29320.68647330031
29455.629539207508
31408.70829109703
31748.267383719074
32569.698177211354
33568.48170569
33807.56205603733
34965.8387925046
35009.79364409512
36358.569346807366
36384.13239205395
40379.19394492374
42192.98082483998
42282.226592387284
43003.293686553916
43159.310994510306
43828.527608141994
44622.96817676122
46031.84081295167
46138.47872251559
47113.862038193176
48035.90716011649
48048.336291595464
48066.49384783628
48129.157585426845
49444.0615910189
50015.605152482465
50983.78764919182
51567.116742922226
51703.36431914606
53365.846378449976
55016.64956885036
55055.39761560933
55066.647332811976
55084.72237481986
55094.273776176065
55095.4746006967
55098.32129792236
55107.80193987029
55118.02833567087
55118.62520823847
55120.55367337622
55122.37479265062
55125.83607043786
55139.84980818985
55141.88627999794
55146.58572370669
55152.89098658412
55157.14401961245
55164.9821992451
55169.082773609545
55169.168538086036
55169.27364705061
55169.37162107427
55169.39058356794
55169.50076810696
55176.09709762605
55178.37876253269
55182.14713676416
55182.90328494478
55191.121609473004
55191.5723260652
55192.16313756457
55197.30384865907
55198.28581456046
55210.03287548751
55224.514577232396
55236.57703267872
55241.10275154708
55246.8270324965
55255.21226050761
55262.29933924666
55264.257919958625
55264.86245709163
55272.35949646828
55299.746568671755
55316.71963365662
55324.35678286398
55333.8456342872
55335.3670343969
55335.7469483108
55336.422167590215
55340.60588939577
55343.890113838475
55358.41992213588
55371.426075515235
55375.21231719534
55379.496298160964
55383.80616541047
55395.37418926364
55403.585974134665
55408.358550278834
55411.21164446313
55419.188003486335
55427.05760001324
55427.636063760314
55427.76743921014
55441.04472690585
55443.30994631953
55483.69594544925
55492.16986093127
55492.84892100702
55499.04564053338
55503.77471245605
55505.80152478979
55507.414358204405
55512.43394458089
55519.64572073327
55526.40341938571
55530.05524417388
55531.37024437758
55537.528178215354
55550.97371854971
55555.678723204925
55579.5232516167
55580.81135866155
55583.72240511933
55588.74884096713
55589.320985786726
55593.79612519175
55600.70753308017
55603.49676089278
55603.68049229688
55604.75652165481
55605.35273375386
55610.98785078132
55623.579337344396
55629.16934050701
55632.96493094705
55633.944715093545
55640.16241303177
55653.76003378443
55656.2968356076
55661.843170901615
55662.52856277649
55666.04299839881
55670.35586428183
55672.3431802912
55680.05575898346
55688.377788632846
55693.004144702085
55695.28836354955
55706.64055540472
55709.94920967653
55718.09011998476
55721.0499481003
55724.23979432165
55737.580490400025
55739.87078744176
55742.47971191402
55746.94089378322
55752.845325788556
55755.59978450552
55759.98594002275
55760.90233109576
55770.113652832464
55772.352421950636
55778.55512668251
55779.22015203523
55792.89310630152
55807.3455701883
55814.585097655996
55816.87887707937
55817.520039977375
55825.62458350062
55843.326383524414
55847.50245944314
55857.29068328464
55857.707889146994
55859.93426180104
55866.81204775279
55868.605777436125
55877.66832980864
55878.13525756048
55879.8789595549
55885.58788146596
55895.385488680426
55901.90611641299
55922.262223149744
55925.16999719296
55931.46423604299
55933.50200524821
55934.677826140934
55936.331969762556
55944.53753950867
55945.544330198136
55969.98585462148
55979.26966165094
55992.004934991695
55996.658438817896
55998.68261797061
56011.11084368103
56014.740986580364
56017.10454945877
56020.107012131586
56025.90048998362
56026.02487107832
56028.00333474496
56028.569959688575
56032.49958853227
56037.49287434481
56043.96948858727
56054.79148420353
56055.32037307806
56056.24394033164
56058.10860443126
56060.98201309287
56069.42312828366
56071.642812204176
56078.26096493773
56080.455264010896
56080.83963611458
56089.30686148868
56107.2609275644
56111.237003123715
56114.94168628749
56115.515540806504
56126.672405007586
56127.50495395265
56128.873200595255
56144.369202346534
56147.688410705996
56157.89438437537
56161.67148264587
56175.02117350854
56181.946230804664
56184.353492084905
56193.12928746504
56203.77057922263
56209.29928215123
56218.89238166401
56240.4721435299
56242.52492241594
56243.385744544925
56247.43719485688
56256.30924732509
56270.718222180425
56284.718080851344
56294.27658043411
56294.74681136648
56296.4092490671
56312.63185980304
56316.37113442604
56344.28962143392
56345.54874071381
56347.30837233183
56357.8985112241
56362.70295123367
56365.75746783963
56371.49618259104
56377.12291332333
56384.40048554307
56397.73365345385
56403.526007817105
56415.69313202944
56431.13271257548
56432.75723919802
56435.49328657187
56458.25287747465
56465.14641814935
56465.17235496826
56474.94555223736
56485.35290325429
56487.03510677941
56490.42017821755
56510.19560888496
56516.1759714693
56524.40005602337
56530.725359776254
56543.441840407
56559.14507543539
56567.95292434837
56571.700101021524
56580.46764065506
56597.59077172958
56603.6992838469
56605.466006250754
56609.96013555441
56609.989655353944
56619.15755336029
56621.448103164366
56633.66955519022
56637.28630935637
56647.30337549852
56654.564098652336
56659.93594595007
56662.27472783758
56675.6450707744
56677.66209142546
56678.72205415031
56679.97123655246
56680.19094369267
56688.21458222092
56692.16356578766
56698.177650099184
56704.02323431456
56710.80562516524
56724.14981046045
56740.95914046948
56751.33934914783
56752.939855519195
56762.82135451846
56763.05506190658
56802.83477295908
56811.289844950305
56820.690142583095
56824.29006113018
56842.265618823614
56862.32504674622
56865.0726241511
56867.26568291706
56880.42571021939
56897.47774319662
56910.87874521405
56913.676353243456
56918.11459170221
56920.54286882036
56922.30459691381
56925.028672665096
56939.23040021862
56943.906589543934
56947.5715478164
56952.34729703737
56967.66273566577
56970.9246315188
56971.001535432326
56972.774600074896
56975.4634801948
56975.68962614112
56976.506333514946
56985.45623526358
56987.2711528462
56997.08440496816
56997.21482842458
57006.870391377444
57009.08120779797
57015.421240427946
57023.76149087604
57064.47993770806
57068.93268091587
57084.21336049875
57086.4030801217
57089.62391539795
57097.20707562929
57106.65791054112
57108.26074182338
57112.98901039478
57115.979636708216
57116.677472066454
57133.22496387953
57143.8967730624
57147.923882906514
57341.76061720174
57368.47214274663
57419.97733531074
57585.27496616226
57648.1873085758
57666.15209641334
57912.813184199294
58098.60613411158
58111.264208904715
58121.23121612647
58195.012321541166
58805.88763627873
58825.76240847645
58961.783350216705
58979.53362649586
58998.30488134246
59243.12969888607
59415.98080146281
59448.59797059193
59659.59373884785
59780.335036150456
60049.169396596044
60071.577182541434
60083.37588213717
60261.00841206053
60444.773729394554
60636.254082321444
61120.50955184602
61441.0942074911
61618.22702083006
61716.18154916839
61746.98193899008
61865.40234079358
61902.537833803144
61949.35796012448
62371.734447530725
62750.83120233416
62812.29360851599
62853.21448375293
62964.50735804716
63044.033572138585
63133.199855452534
63461.49588055784
63924.77547673072
63950.608842757894
63994.70872814553
64152.52553223099
64271.896385318614
64303.01671654092
64938.74730494208
65121.19992542929
65442.39776446054
65451.75328932377
65537.13918918099
65779.85386711125
65808.03699220823
65866.77395821894
65925.95379599991
66073.84260705089
66329.45552294198
66371.33787543744
66405.24457930993
66405.66103552887
66530.92011334407
66649.15119596219
66674.84777874006
66678.79687185993
66750.13793548121
66964.37511931341
67157.53856650063
67315.54580973578
67400.62636527883
67510.0592309842
67894.5512326783
67917.91958864781
67966.07720627365
67997.50736412693
68061.43092351385
68102.29240745504
68180.81862610263
68218.90351552989
68301.8723646953
68336.55094044923
68428.67241799689
68663.41878138634
68734.93189915452
68975.12096423522
69318.77653417947
69427.90160770682
69506.77175944459
69551.70805268029
70383.07999227017
70504.25284689813
70505.50990524178
70584.73210423028
71187.79123522581
71964.42456228458
71971.9847397936
72054.03717355682
72298.4897478912
72323.75343583625
72379.58549732942
72380.61158207472
72390.05462921565
72489.7438395854
72732.06070702146
72759.28403187126
72797.96625244277
72802.99240380741
72916.3330915264
72982.49539384202
73190.73396604425
73240.86695589495
73302.5618357786
73381.44449248422
73641.44445479977
73911.22638980257
74148.00285752557
74315.96437273579
74717.460947461
74871.44086046627
74951.19751733882
74956.15078603938
74982.45204047975
75006.05856364133
75034.74364702268
75360.82744143282
75454.5805054831
75458.93864574336
75656.70728520655
75972.18742933717
76101.5730638756
76226.83294210951
76423.57722066631
76516.52298744136
76686.36921097903
76990.33619880617
77101.75669272915
77119.05438301731
77205.67099418548
77221.70523601313
77389.35277360388
77441.13907424439
78207.3555790429
78414.90415504063
78710.9173537696
78786.5395914206
78794.59150382245
78828.56737291062
78862.45615354503
78927.27779902572
79302.08745404464
79338.5086319663
79495.13206637283
79622.47422755377
79721.63048184733
79802.94710920821
79898.19763733134
79910.33369091019
79953.6968481383
79960.12026135228
80015.7500751867
80251.51148971956
80255.22973185603
80276.4546266802
80302.9441365615
80541.02475166449
80725.74147684759
80918.66906036486
80932.9914487413
81027.00111088765
81075.0055796955
81287.12840602614
81311.5912332017
81326.70392847537
81434.72802070653
81594.92223695359
81622.61061940884
81723.56372612486
81790.82532451936
82223.39617711605
82251.79401979332
82505.86849059608
82518.6455657068
82526.46098225618
82539.67598800665
82606.77740119319
82640.42038105942
82657.45453400152
82670.69586695009
82698.79667376097
82705.78169994986
82771.80606325522
82778.68909141148
82803.37645022183
82989.18042078413
83066.78609648043
83128.77988661923
83249.6431488242
83418.75392691973
83509.08401025302
83619.21417972958
83626.49206422387
83707.24743133296
83799.23977215031
83861.69030425654
83880.42301969342
84070.66105915696
84089.41581640668
84270.83495323239
84286.05342804252
84303.60668931165
84473.92385036693
84503.32416621687
84616.27071986922
84641.5259831458
84689.91400345114
84757.51465544784
84811.18287648194
84843.45130846612
84917.37191567438
84942.29290901363
84980.39848068853
84989.74397143805
85519.52888138076
85550.47606581262
85686.92456593474
85728.84715664736
85805.89016285606
85919.45590732094
85925.69640559606
85940.36059400374
85945.17767266295
85950.30640492258
85987.31286993255
86093.89578885204
86161.9942182435
86317.51897227154
86340.06400534784
86448.7815213687
86498.09192282359
86525.26321686264
86546.62619034885
86555.17520173782
86577.81622693603
86608.34738756233
86629.93419478701
86630.7163761676
86643.71855240635
86688.35759336226
86724.7437158283
86770.61534819135
86808.00939018941
86824.3716230938
86891.86661898771
86930.79786251714
87003.76932663826
87060.42880918723
87062.91105923505
87127.4939124561
87129.61587823709
87154.44316837227
87166.70365570496
87182.6759539836
87224.20319361836
87296.54054027934
87370.79712450701
87389.29875965521
87463.8681689457
87477.57899971909
87523.30461449194
87668.24629296084
87672.93834852961
87685.95755772186
87693.4234695998
87716.53628835548
87749.85421808159
87754.88470740619
87755.96979657891
87867.82355351304
87981.38538209662
87989.55557341363
88010.49527265794
88020.41449516977
88027.80287991001
88045.29696273014
88152.18517810584
88168.90093883433
88189.78890696616
88257.7887857868
88277.91043778855
88307.71199547766
88319.09310681162
88349.78385739178
88380.20565947932
88510.49530795922
88519.44093113238
88543.8480347976
88570.66903195706
88570.9157958455
88577.71393366755
88589.57684625158
88618.28648735938
88666.45008638527
88666.63984947713
88690.49630988725
88740.5459142511
88883.3910712574
88977.70127204392
89017.17087824235
89018.3257155193
89091.64214567778
89143.13849670417
89185.06841928743
89218.45585147502
89243.28140431464
89272.69983258321
89296.47404620465
89309.06628535595
89310.065109162
89333.62459283147
89398.11385152389
89410.80993726313
89510.78931389732
89521.48097652815
89537.21860530708
89557.0620385898
89590.17559717645
89663.51758451152
89676.85418233978
89716.30757891497
89765.8264135684
89798.62512135666
90043.14494832534
90062.8503935104
90090.08390878268
90093.10389789674
90105.50460666255
90108.84466133882
90111.27308762271
90234.11150086636
90247.61627921843
90256.22674120896
90306.20569225159
90367.80513529539
90403.91972635625
90415.74980839128
90427.67532837366
90430.95672898513
90490.19463546298
90501.1004550494
90714.8183076825
90722.1576835972
90983.48843333885
91377.75565795103
91854.50704775519
92051.36976516098
92244.74262085595
92263.37988781522
92455.8540030541
92598.40923660394
92735.04043499335
93157.66858164602
93328.86850226633
93752.62736232327
93908.32229934177
94114.63763040796
94651.46071158277
95096.65940475046
95189.24057502249
95266.24110141635
95364.99672708908
95786.00534892891
96359.72809230833
96868.16249726346
97829.45411675284
98445.67300624798
98488.2091503914
98911.83624382781
99146.96710061334
99400.86890450101
99760.12891218517
99782.23103401592
99787.65906481986
99821.22376984902
99851.67209567747
99857.23631403029
99871.4139220868
99879.22545584096
99879.61649373201
99885.62544874092
99888.92972767264
99912.4898905052
99916.1764482689
99925.4261975249
99928.08960197445
99931.56644228433
99931.84761272365
99949.19510379506
99951.91688054032
99962.74315672173
100011.65406184949
100018.08562189621
100030.2019479507
100042.05511594724
100047.90758489218
100048.34002282258
100058.94726300005
100075.354105417
100091.98087453506
100094.02615603711
100109.5413088162
100110.5584330935
100114.380718676
100117.93647739699
100130.25420056772
100134.36664684079
100152.9683040213
100171.61936004157
100176.75850000807
100177.34009895904
100201.66315109968
100215.83021275178
100225.36678974336
100230.44881230399
100280.82920158016
100295.16012810603
100295.38608910947
100311.79485398918
100316.61383383875
100321.36123816782
100335.50011435161
100359.30740412112
100370.5672324873
100381.26420849074
100401.2151425459
100462.67031118934
100467.8374941398
100468.12914654237
100491.73623928487
100504.46892896155
100507.35522776555
100515.00357916714
100522.4888968146
100523.4242871828
100532.494023017
100533.37443907985
100542.7783416205
100544.9110253699
100555.47932500442
100561.23369755618
100562.41439048541
100594.14542288765
100606.11990110045
100632.7153990576
100661.36567721565
100662.49948465395
100699.56980283484
100705.96395042824
100707.55987241172
100716.9376597574
100771.69799568456
100782.2341820708
100787.52862340318
100794.05462887156
100800.34872503916
100807.26897841487
100810.58765655504
100817.32058378792
100818.45561955776
100838.1534105228
100839.14757206602
100847.31400373773
100856.26780752488
100879.9765263416
100889.29147861419
100940.41701351143
100945.3338123417
100961.79414214302
100972.39076371063
100995.54469821733
101000.11327434941
101003.10539656997
101006.14660861067
101009.50276004481
101054.94513320128
101056.6505388932
101075.13141169086
101086.27031714856
101100.72448942842
101111.94975704965
101112.02997534748
101113.86008918678
101115.42671676495
101121.9694554025
101130.82075406834
101154.54317966274
101158.69261385166
101163.59893094779
101189.5681223748
101191.6783124931
101218.67507213092
101219.13999769988
101220.61328451164
101233.00801051088
101233.30401401891
101248.41597351765
101248.83509081524
101264.2347172586
101270.87638874193
101279.34707076667
101285.11518659593
101288.39554270529
101290.68825596057
101332.58085402453
101336.66213727083
101346.57960692533
101378.16854046604
101387.43031933483
101402.3588684116
101410.29250865891
101430.9722136835
101437.0594308772
101441.49596251817
101445.90257832814
101464.29395266745
101464.85709783825
101465.94489015303
101467.45852786824
101478.25943901995
101479.06529538248
101483.12759146364
101485.95917686625
101505.12429612305
101518.72629049927
101650.31484569988
101686.89115364182
101965.09173806556
103078.74263004553
104070.9230463815
104108.85811361103
104470.60369190325
104560.52645324831
105047.51415700646
106140.49843453783
106241.66264589506
106721.22805894155
106758.03163859507
107006.12967068475
107148.88304909464
107447.99103012706
107558.98366501299
108844.26587527001
109338.50795691537
109408.70347752521
109760.26999169085
110132.30961977247
110451.15491545945
111107.83722514816
111640.57688578984
112075.44692279176
112316.71448759403
112485.90728496965
112884.47584024597
112915.44608139452
113136.26363090405
113572.04412841075
114923.93272733885
115224.73115624383
115421.37551774058
115659.67541199719
116440.42694085176
116520.29183299144
116839.96438696803
116859.68566920017
117188.44993915487
117895.49380443385
117917.96446357344
118075.16437912174
119454.99640654724
120399.67957346184
120768.84518395958
122203.67061844995
122984.84594819855
123107.49615404103
124721.90862727139
125239.38744805616
127860.01215372529
129327.12801461748
130479.62070980837
131516.18740419872
132211.37020048156
133224.20381180118
133550.0034159729
134214.05636462342
134319.8883131964
134829.1527235722
135672.99235953385
135696.2014921867
138737.98091961368
140064.52058820834
140708.24761853632
141448.82135574485
141452.82407313993
141458.05749184417
141458.09396459087
141463.28496514706
141467.723790258
141474.60164063133
141478.24672636818
141492.43428108149
141494.27682227356
141499.89807871048
141506.23716295423
141507.39296950452
141514.303850247
141516.54430435068
141519.91958600582
141523.43125741745
141526.15326339146
141533.856047709
141536.96502457897
141541.9427901132
141558.69268828002
141563.79409692797
141585.92398678442
141588.73432133032
141591.24923621485
141598.77853440848
141608.1279891177
141608.90483175096
141618.24372391132
141642.20592635905
141647.15542045908
141648.4493498363
141659.32226540978
141667.1596955737
141675.26085350476
141680.00478042086
141686.47899139716
141709.09282889476
141715.5059032057
141719.2288795613
141719.8535278101
141720.6814640623
141724.40922929574
141730.1392843152
141738.66059749096
141742.2292323786
141750.84706097693
141754.3862193164
141754.71432866956
141765.90738809935
141776.10014557984
141782.04619700808
141794.53735108185
141796.18490318937
141798.00684889415
141806.33786210272
141812.85269949067
141823.69564167951
141828.0450245323
141831.43201241974
141855.22013656475
141857.5145673684
141858.15400225512
141862.6249846447
141864.04180727515
141869.04289654392
141870.7441108339
141878.0469065968
141878.6530432555
141899.30627016933
141903.9887338071
141906.296298654
141913.18750309217
141914.5337491741
141918.6981396259
141925.21548261348
141926.29977340694
141931.3662377525
141932.44165859936
141933.9539341089
141939.7236922186
141950.31069984834
141954.06673427508
141955.69727966542
141970.01558229837
141987.55112678919
141994.23365721022
141995.10872059193
142001.1858619863
142002.41323914565
142003.44780966378
142009.9411507594
142012.47194290403
142013.611961733
142015.3114333618
142024.84634337755
142030.62886057742
142039.8467958041
142042.6245151929
142043.59344865102
142050.8698627833
142054.76823401614
142056.40149117916
142063.53166671479
142076.68910023104
142080.03541079286
142084.4489753087
142096.83602990725
142100.56025373357
142105.45369424764
142115.78341162635
142137.61416204637
142139.121324448
142149.49755819142
142149.69406312832
142150.4766692229
142152.71976125924
142153.02935223296
142172.16091515773
142182.6783644111
142198.54094717553
142206.74621676764
142217.53120994594
142223.6821108635
142224.09732173395
142230.7949131776
142245.7021646413
142246.0576546371
142251.62786270128
142269.070967823
142278.48667398092
142290.425058066
142291.6110914882
142294.7708386518
142300.774122598
142310.30394704535
142316.2851075396
142317.2647938514
142346.29163383032
142373.02143309137
142400.51879229327
142401.630313461
142402.38525450972
142406.656615261
142416.77251830348
142421.1771235767
142423.4845456876
142424.4459110776
142427.7934695335
142430.21916188803
142437.27158928418
142438.97875794617
142440.53655812136
142462.6268084199
142465.40896121378
142470.36753722758
142478.03920670255
142481.8166774243
142485.08466549483
142490.59401709252
142494.11560930248
142497.4810214871
142500.94294887566
142512.09424015004
142513.89525432122
142516.3202705107
142520.03805314674
142521.23713969317
142528.81713663746
142544.43868171668
142557.5155359768
142577.145540274
142579.0207733836
142586.0074057887
142592.89124688064
142597.47252029157
142612.6482850209
142623.09409249458
142629.70876448485
142649.92035400882
142650.9141559098
142656.07543013655
142659.33295895008
142664.00950375095
142666.4959863539
142678.94383039593
142681.3874350404
142684.81989242003
142686.86235243012
142707.124396018
142717.7804156844
142723.95338956983
142726.87979506416
142729.13777657493
142731.776707083
142733.47800821046
142739.808484503
142745.01753622168
142748.18363200716
142756.12637576065
142757.1250135654
142760.0536114382
142760.24314250643
142765.2223187554
142776.04003781042
142791.5783220414
142795.43033339438
142803.2965923431
142803.6860705404
142811.58979135778
142812.8182640415
142817.31920457183
142825.55483659537
142830.23795332763
142838.75006136348
142887.70477898262
142894.57953490538
142914.02258145277
142914.320425493
142917.7555766543
142945.16380296362
142960.99124193084
142969.22167256442
142982.0023629801
142989.61979276413
142990.3227520132
142997.9642171426
143001.41937440532
143001.77854372314
143009.4585599673
143011.86275358527
143018.40691238825
143019.04679683052
143024.43884518615
143025.6532874824
143038.23211844685
143056.16113155114
143058.61282399695
143060.7556708586
143063.40898026704
143070.64168643905
143075.98551191317
143085.97607718967
143099.99832836946
143136.1464987393
143147.32344904292
143155.10407573695
143157.58385833644
143159.07528812683
143172.1854329815
143174.29629287627
143175.22717534855
143179.70100044546
143179.82537122618
143200.6441734754
143204.34428176362
143214.37284658878
143215.24145300582
143219.43390866937
143230.86178188393
143235.59942170023
143240.2386529722
143247.56952320613
143248.11471929372
143257.98831116324
143261.4797449835
143277.10340720144
143279.06641672368
143292.40993488103
143297.89694216882
143299.86029232058
143307.35777636286
143312.14241982266
143320.80871677317
143335.8467328722
143342.66303078656
143344.4819999212
143377.29291167296
143386.97501910248
143390.15736382257
143404.40182021295
143405.71931042185
143405.7637222786
143406.55534333762
143407.4637889266
143409.32127242867
143410.69728441932
143411.6603639086
143412.3092062771
143414.75455668665
143417.89910458415
143419.74280766278
143423.9384858001
143427.35861081615
143433.6157510457
143441.8134725717
143455.27948077774
143465.91985379244
143470.2812473316
143474.2969682109
143483.1235231732
143493.06944890635
143493.56927624217
143497.24735644818
143502.16575165943
143509.96653059666
143519.14864980808
143700.22306283104
143775.49956314446
143778.37006387656
143806.53148253082
143814.4967831407
143826.58397456215
144027.3856130772
144173.2636745851
144181.00413538958
144214.37198111144
144295.53490670587
144591.63050917344
145001.1014388266
145028.42809881433
145092.4316373898
145104.570186752
146346.53002235037
146570.22455926012
146608.43117407634
146979.20954467036
147030.99917230682
147066.08444587368
147144.35065021383
147269.46310632364
147473.62539131904
147796.56926638706
147964.12730964326
148019.7741158121
148085.0293010032
148228.0966708816
148253.12327473416
148906.4991907899
149131.14061544798
149135.93915316538
149207.94507374684
149510.310789577
149589.2126035464
149703.31521583544
150128.4774195558
150247.0440084922
150266.3427285243
150310.25713794297
150618.41904199478
150710.98966911936
150779.28904441462
151292.45082858612
151467.01797755418
151744.94383189164
151953.56444123544
152325.69750161323
152649.7783413229
153146.32195017627
153275.60458787685
153470.92208999128
153938.58113670896
153964.61859594355
154138.04113184343
154330.5940850822
154372.9138107128
154392.35265548507
154835.60083297838
154860.2018071873
154918.03245472495
155394.01413384196
155611.75121279754
155796.43798167666
155827.4538221533
155846.87663157613
156353.0755148225
156534.46822487476
156608.99067465682
156651.22142381477
156930.79277773312
156997.59675347453
157039.32443856157
157040.2514913016
157180.07645308995
157230.71842889802
157844.16255965462
158393.1335360349
158507.88284101387
158831.0394248286
158866.65918045334
159204.5585270409
159229.30227104353
159441.40372914076
159538.27136812464
159609.72231108558
159611.59574226927
159658.27885092242
159882.65556115413
159910.3951772696
160075.58873543417
160157.91722262016
160173.81976364943
160577.24282115858
160595.5107421146
160911.5495388381
161327.52840616138
161346.9478372829
161347.70137531956
161431.329806715
161440.6267410291
161590.5542031426
161632.63523798157
161722.24426990942
162046.51904156915
162536.32510555722
162949.3266545308
163331.63949766802
163394.9398004206
163436.01166752924
163600.7259502288
163634.89999439882
163738.11232330964
164011.06496942817
164029.9039764121
164121.74196719256
164123.56454215897
164164.05677220208
164293.29987704637
164520.6604955937
164540.47762078093
164809.6709812691
164884.7889795926
164949.25354271798
165010.83261875348
165062.41111111542
165390.2947200603
166029.56736826728
166054.40429900755
166095.3682894063
166445.67006637173
166832.597050312
167032.719967623
167152.04282708617
167452.51312331154
167497.29220019278
167588.91343116353
167609.22040730325
167680.20370391634
167708.1652041864
167768.69321639344
167953.18891325683
167960.81292209285
168096.9027480979
168157.1443440201
168200.44939077226
168332.71570124387
168435.60929895044
168443.03038217052
168470.65446634562
168484.18739825796
168493.0381207092
168660.2277766529
168679.1099591343
168703.50308695523
168823.53194089312
169223.85507097177
169341.3593337341
169453.6952114929
169478.7400493279
169539.53578810662
169584.2384900906
169595.8181466746
169636.73743808398
169720.98719933562
169726.7543654999
169933.76542257587
170148.26891324497
170377.24937780324
170402.43399313616
170637.69066129578
170686.0760752855
170829.19445140328
170875.59152251758
170989.74480979348
171045.27872472536
171247.48074074142
171312.43500753536
171321.86028355887
171534.5022623152
171615.4643749029
171747.9164790391
171826.46985128568
171908.09630505758
172056.55580291408
172074.2057324291
172111.73083998082
172285.47390704323
172286.2552085602
172296.48164724064
172356.08882232365
172392.706234377
172439.25364031183
172480.9396898541
172521.1421546496
172558.88916342455
172570.239370792
172749.6729700578
172753.91858483112
172798.1614447472
172885.87227197053
172903.91091049035
172946.73963166284
173141.9738473212
173196.3466720544
173229.5589544714
173271.44598977602
173371.85397530755
173375.85149713358
173399.07715318957
173416.41016683792
173470.6257333411
173477.88031423424
173511.68348536
173607.3069246425
173663.29614396574
173695.16006875798
173735.98570714577
173811.51071922362
173821.029721505
173874.02000353407
173940.097136434
174071.53585608216
174071.5542235452
174088.26366229012
174102.203937911
174155.24081847136
174318.67534500247
174409.3295049986
174422.62865999172
174490.4592577127
174508.29998611988
174529.3639844412
174597.98664675636
174655.47249036597
174726.8096348187
174745.31814393564
174766.93706456228
174785.945935171
174809.8221915367
174811.64271790136
174926.21986055328
174936.36553776782
174942.04429201985
174950.46427495204
174965.13437980867
174977.22801205495
174983.45578015735
175071.867495146
175073.5384282489
175080.0940708451
175114.40899158933
175120.58366736938
175162.6007417972
175184.26967891905
175251.5801875301
175287.19860015137
175313.6680836212
175386.37088956856
175423.1637423134
175423.53811219698
175449.10422268824
175524.91808510115
175578.19264264405
175717.9989365794
175748.28756668168
175831.36525616253
175842.7056413707
176094.2220022
176103.3154198387
176116.47918672036
176130.44562793386
176179.95651415936
176201.99495692388
176215.1004407223
176256.32050605296
176258.43144849918
176258.7981801349
176269.3328551004
176283.04193827577
176296.61916506747
176314.1031894779
176460.9135371974
176511.204341185
176581.03814706276
176594.10024865606
176622.98364219282
176688.0915669915
176699.1517822941
176733.73370295836
176797.35475952178
176860.0828703894
176885.87665055538
176926.80266355706
176937.9828286854
176972.0748756292
177015.1682934738
177027.92515812328
177037.14845743997
177045.39689432862
177130.530505084
177232.4535976589
177345.69774573768
177453.69438550822
177864.97618832949
178265.3831861168
179372.5382996909
179485.4039072611
179715.5886498749
180126.31382600893
180395.53684188245
180412.0356461525
180524.28998897667
180846.61598125804
181027.939622638
181034.25560004113
181224.05360885564
181270.8991207704
181650.8881818838
181823.42536852605
182456.2374708794
183357.17628531295
183554.50756280345
183581.10953834237
183708.275997199
183813.85224202214
184231.19606122008
184446.58740401658
185136.58734097506
185841.15194831297
186112.7550120396
186198.45144278652
186254.88365247345
186281.96076410075
186302.88892908394
186305.17538789255
186324.50625337337
186328.88184938492
186352.6469020397
186368.21754853273
186390.29840992708
186393.23950294626
186409.80979492798
186437.30552151822
186437.32289445482
186449.62449337085
186452.92409712906
186458.848850415
186475.0727644967
186476.15244957202
186477.025917522
186477.81635037754
186481.86921795103
186489.46163122042
186490.9254023305
186503.05198549162
186512.2051869635
186524.57374874107
186544.15026539247
186552.13325222218
186569.161778484
186576.76276124734
186592.03701974408
186594.84498043597
186598.66547249662
186616.037933337
186623.94154693338
186673.54245997604
186693.69155026446
186711.30536597682
186711.82989055535
186715.44864353092
186733.81011358803
186751.88275444054
186780.0210669969
186789.9152906182
186794.6551936125
186800.34827479313
186801.87844562906
186820.54899839728
186850.57551143525
186890.5455963461
186921.66629129287
186923.6317490527
186924.870951518
186929.84934475788
186957.23315016416
186979.1563146478
187003.14174121074
187010.0106359853
187048.5161620697
187074.81653939022
187096.86168650183
187097.65437445283
187107.07362459897
187108.3407287115
187108.44088574016
187132.2802183857
187140.52073400246
187146.78096547342
187173.93811663846
187187.1589029022
187200.78922669575
187219.71233903666
187229.18126884746
187234.8677846761
187245.19875770158
187252.66056393273
187280.25918474107
187298.5799658188
187303.2862491266
187310.2767244342
187312.87457128352
187319.54000493197
187323.95424265353
187327.5117552949
187330.82393214898
187341.69230795687
187345.412136871
187349.20015230286
187352.45787057257
187355.0997352133
187357.16803923322
187361.84558358617
187368.57225460125
187432.6690770909
187442.2974791816
187446.55135079165
187447.18475065424
187451.118165272
187474.0967929644
187485.21822370446
187498.712794633
187508.7913266442
187521.3082461536
187527.02586464866
187542.78361249104
187543.93607849936
187550.75025183172
187552.53527531264
187573.76978386333
187589.0139812964
187599.26994303009
187606.20353918883
187608.60933410874
187612.8513555786
187620.42940994687
187628.36488868907
187646.50934939185
187691.71123721308
187693.1153970011
187699.1508874181
187699.64482222454
187700.8816997906
187701.6408108443
187716.19664119542
187735.68508874107
187755.14236654618
187758.3132067223
187759.22917767364
187784.68497715512
187790.90894326146
187819.01705937547
187823.15966860607
187849.27524513312
187865.1479709944
187866.13577309414
187886.8933178561
187891.57637727528
187916.64819735047
190135.46821737045
191101.78743131683
191110.53478621328
191151.71103383895
191196.48971866403
191279.77623037816
191592.83413866733
192082.31523404646
192216.00711273358
192876.33176239618
193583.91718120818
194046.85395694026
194270.9088616786
194688.44607425423
195321.07109117592
196310.8285522517
196573.33562482343
196853.81108279264
197062.2984976574
197135.54508872709
197435.72956975552
197618.2069689519
197915.2436384744
198853.2579705148
199505.45131147784
199651.82997353145
199671.4651247449
199803.77143356562
201272.03522138743
201471.8251825659
201546.11956086816
201695.76438327905
201856.07528734577
203426.5643112826
203751.179994927
204620.68229926695
204666.97346249848
205505.0691613489
213965.89591492416
214433.63730542792
215391.29082449232
215964.1563995045
216222.4536105008
217580.3265278533
220879.40768916515
221601.0450310152
222953.51253603047
222995.28538177544
223940.02244098904
224839.90445584114
224885.4345232649
226805.10781441187
227802.2763692055
227848.4821276556
227850.15752680684
227851.28436706943
227852.32358476362
227853.35438811278
227860.81218704666
227880.8024060853
227914.1562239741
227914.4231658255
227914.42856325334
227916.92709238624
227922.44069072336
227932.14500039988
227932.52747513654
227942.69536199595
227945.49697252864
227950.55870731678
227954.46957750627
227957.80916993466
227960.85053041545
227966.7263839114
227971.60859889246
227990.1855831006
227991.20280547003
227994.88847178646
228003.54647691592
228025.02370901837
228028.89662694177
228046.50308038807
228046.98231064813
228066.51569762925
228069.3173218742
228077.15199360435
228077.48279627197
228078.55013287073
228081.36469301747
228082.3091365086
228083.45190029178
228092.1522733661
228094.62008475806
228096.0271863186
228098.8363256058
228099.99902369984
228136.47622151044
228146.7400273332
228150.34228541792
228152.36242700362
228154.4415177886
228157.10554746827
228158.24363362291
228163.76076951262
228167.0144789757
228180.3848325173
228188.54766761253
228190.28230459077
228198.59780133696
228200.1575416375
228221.46738516493
228233.94736547783
228235.7037677489
228238.95239878164
228241.8378015
228267.71126317367
228271.67785123148
228273.59987326694
228277.78552294808
228289.74483346162
228291.0499884143
228297.19077120884
228299.46388110027
228300.26105073208
228302.0186401326
228303.52048154554
228312.26077011845
228316.19915965223
228319.40531352433
228321.7718354364
228322.67791696833
228322.9804243651
228327.98453575437
228342.67928674028
228354.42197539192
228358.85785727995
228360.67423906882
228376.7997741451
228381.75306783084
228402.53141119154
228411.32421288412
228412.5256013822
228413.18278048804
228420.57661399886
228429.75097389484
228433.99466177681
228435.93001676264
228445.71259997226
228454.6713626386
228458.79210036912
228460.1312973398
228460.68494810537
228461.11537428497
228467.7380112487
228475.18247668995
228476.31569133338
228486.9802777756
228487.07140001538
228487.92478023627
228491.93241593806
228493.94126964512
228498.33101259873
228500.20381341485
228509.06945736706
228509.34221672858
228510.33666362637
228517.293134555
228517.77217589182
228526.42895044695
228533.898774119
228535.92717092278
228539.07486129156
228545.30700717936
228548.78752695656
228558.84293658877
228562.5523544716
228566.30650382422
228569.85108748396
228572.5593348771
228577.21628565065
228580.6252298833
228581.75966606883
228584.0317296838
228584.76913395594
228587.90551327923
228589.6171733436
228590.67384415146
228592.17517221574
228593.7968102008
228605.58626125316
228606.85897191684
228607.54685434068
228609.15128918667
228612.68050845905
228615.54952813094
228624.89826613627
228639.51625867304
228640.49392982599
228640.4967691289
228658.02110068954
228662.14123606816
228676.09248533688
228679.1511270493
228680.40370333873
228690.23551824933
228690.90744606094
228694.7677735505
228695.37508844023
228701.24919147952
228710.86583524424
228715.8847931496
228718.3253397478
228728.93229709571
228730.13044548297
228730.30782489176
228740.87829904023
228740.969727816
228751.98575529296
228753.01906842075
228770.00892846988
228774.6800335518
228775.27830814812
228777.72214511395
228799.7116830655
228804.05034498664
228808.06500169504
228810.60322063701
228812.44469591245
228820.040505742
228824.89622958357
228827.3678905418
228832.2288652773
228838.24515212205
228859.84127785498
228875.98269692162
228882.1459063465
228885.7147746758
228894.89196899597
228895.12917811802
228907.7196006733
228907.98086693452
228909.40674257526
228910.96777805302
228911.42991088057
228914.24077808735
228935.51193541224
228943.46462098268
228946.89691117522
228953.74221322848
228961.93866430357
228963.6288770889
228964.71375797165
228964.8896092253
228965.83521790698
228974.0222907401
228990.44026817114
228998.29446781086
229016.38662816965
229017.08317462876
229031.54797569683
229047.0232798769
229069.57616884413
229072.6596018006
229088.9437412431
229095.6258846316
229107.5785300868
229111.98630354356
229112.61092511413
229139.7231077703
229158.37998693073
229162.7635804763
229185.25584768975
229188.22606206872
229196.72163895972
229201.69544452667
229211.17903721402
229222.25491796352
229226.0992335268
229227.71996974328
229228.02800133443
229230.938032329
229237.2080339281
229242.00381074104
229244.94176522898
229248.67671535653
229258.68781845688
229263.91932519837
229267.03210824198
229270.1336958291
229301.3651228046
229312.04632211343
229320.52295249337
229326.4183615601
229335.42534363607
229348.04862910262
229351.43846456552
229377.2974263184
229402.86839818722
229410.78547285844
229414.20051775358
229421.39602892403
229422.05435726687
229428.19017507206
229429.25608971357
229430.23893131025
229430.90432716577
229441.48641231286
229447.45531340546
229448.98544379027
229460.829041359
229475.22747799268
229477.0000505976
229484.50589601175
229493.23894182418
229496.73983077315
229519.13793522402
229523.22733086717
229528.17941637625
229528.92602539898
229545.0500618486
229547.21389523847
229549.29721785992
229581.94915917335
229584.6225056117
229597.94902546334
229619.35574855626
229626.09178171091
229649.53544356936
229650.80774761148
229652.75523037845
229657.23867677044
229700.79498892208
229705.46528105528
229711.9652829813
229717.3264547724
229717.84069404984
229735.35715831275
229755.564591875
229761.83251729768
229764.35454089602
229795.18373021486
229801.74819170815
229801.9085867708
229803.6741587225
229810.55045424728
229816.01564022596
229845.02601695142
229847.89023125393
229855.10752784775
229860.31282001646
229862.86187060009
229863.52282445267
229874.11118944696
229878.33374843348
229879.9589796022
229884.3476069936
229892.1878465323
229893.567454627
229900.35527965045
229918.98579236312
229919.27458553202
229919.4537075151
230134.6070027036
230145.14339235268
230308.60168275575
230366.49809949705
230515.6303580356
230734.50115981005
230982.332842967
231349.38447108958
231467.03472201413
231729.34153019753
231785.77220675116
231870.4850608454
232010.0079848877
232170.46645385658
232245.19487557752
232773.15679451628
232906.38508052565
233141.05558737507
233269.338810858
233375.93272938833
233507.69633105007
233582.53823766758
233608.65138677222
233704.5560775375
234140.16267444438
234190.32505225073
234290.65100230454
234323.54194882518
234527.2196140341
234694.92700246238
234914.7881934808
235114.48047883535
235170.18582208754
235174.7150767576
235197.65291319764
235210.88171636788
235240.043984569
235292.80211065407
235399.18824533935
235551.35975535866
235618.0748084469
235639.7099099969
235646.33953191113
235670.17419044368
236002.4847804944
236137.19437314197
236235.3745543292
236294.32633528643
236394.34269883722
236637.220693157
236819.76028441484
236841.26657564766
236988.18629436163
237038.3228343463
237295.84371393116
237533.85851520154
237682.9662922243
237723.32552045197
237816.9675122613
237825.0921119628
237934.76573843593
238093.95341714966
238210.3438119246
238290.68676447103
238369.75949179873
238471.77692833438
238726.13024118246
238869.8931977761
239346.07172139018
239452.51994769953
239831.0710009155
239979.49929671278
240225.4648117912
240305.16467132556
240381.39544877014
240424.05664755526
240666.47287164762
240804.87958111343
240890.55564750958
240971.55068425566
241109.0388562514
241179.6904726188
241269.3758445803
241368.08771633595
241432.8143073938
241500.28364648548
241727.50911170515
241743.65970281942
241956.95738774896
242133.57888279646
242326.54806036945
242632.08886814886
242837.63219291202
243472.43518855647
243997.77795785366
244243.7565421693
244432.42913828802
244434.2554659808
244533.7528303581
244539.8950402556
244587.7605733248
244897.19673453912
245284.4638808995
245552.86224403526
245656.2127252024
245872.04689909337
246072.41209350372
246171.8343708383
246227.6232137216
246239.1827013153
246252.8882835768
246316.6695862346
246320.0818985701
246338.93386916304
246371.40699506373
246722.57506903715
246745.65166161233
246769.7987440707
246931.00681018952
247088.59920915257
247114.65814049097
247124.7870579942
247178.22059950442
247234.59892183688
247497.19248198916
247631.36839944345
247668.50798834735
247713.69723566013
247752.12507819856
248200.28768226024
248361.76986201055
248497.98880421085
248809.85295952484
249107.36627439497
249480.4637496026
249481.99267375824
249530.94612749154
249547.7492158739
249600.17409329137
249753.95516079926
250105.5994920117
250289.60786929514
250341.04706324497
250558.50815723068
250723.70251711778
251078.37364591495
251134.95613267872
251178.26465180106
251338.39007816568
251354.55895801808
251357.08561424434
251419.8170495123
251656.82805671322
251946.99334139208
252041.69942211147
252306.5137934208
252314.28335368232
252371.20015813803
252833.4408312252
253219.44629367907
253364.62452572136
253442.0113557263
253442.36322671355
253537.36214374987
253724.28177128796
253788.64965714206
254194.58458228118
254480.13855981437
254675.32864091086
254675.82952267688
254835.76901814167
254944.77857271666
255130.96051050402
255139.0858597813
255147.49327969927
255212.1495178827
255331.86701940827
255345.04882381277
255365.14786122832
255372.4149542011
255399.88862749765
255505.0502735398
255581.81742866623
255597.29961900465
255779.40714176017
255998.50274702674
256007.67832035606
256024.92908685392
256160.03497212025
256163.61008758054
256164.25487222022
256322.29185251246
256587.01111055387
256729.9108032225
256766.3012908498
256892.85776555308
256894.73080359076
256996.7153045592
257278.95152597275
257281.68890816503
257321.76943327044
257540.4177508473
257612.47200098392
257702.5928985065
257823.47995685146
257829.81678311224
257935.20482774213
258045.66594868744
258050.67238527955
258109.74069309555
258169.2293614173
258262.9443007165
258379.92468047663
258457.05314632694
258539.32710904145
258578.69324215752
258597.8334252744
258627.0188224442
258785.3868931493
258805.59903449222
258827.257356546
258863.5259373862
258875.8238333637
258904.2388837929
258915.87284876558
258950.33835320245
258963.416700911
258968.6798297105
258982.13218796672
259120.04535948683
