99.61210675018243
101.81585627479896
231.72456542696463
419.71231268709255
529.3037345127999
720.4942915366363
969.7430717027937
1141.7991942496144
1368.0025828835453
1384.7009295566654
1452.0474115366228
1461.0892855131003
1637.1683212833243
1682.5411083052381
1701.3294189913859
1731.2562065107106
1806.749625771203
2357.570667782005
2733.5978016075114
2910.8053523249773
3124.224129878716
3159.7171925994094
3504.019799005918
3592.09978079669
3885.643020295083
4039.245006447557
4058.4355555772254
4194.647436362323
4206.2404987767395
4243.850249377036
4584.243237137772
5396.120155109533
5431.215156240581
5485.170457820515
5503.13855483254
6194.258301506955
6197.5862312404215
6285.97126308196
6468.740972156189
7126.225367048331
7363.699935515752
7393.130413382019
7604.725532747207
8845.406913352641
9118.982519848425
9196.227646503476
9393.347474638467
9447.860994864146
9462.340092648168
9512.034387423708
10134.392207936231
10148.768002899193
10365.744975359083
10374.516830631024
10580.286167738219
11097.788762322314
11545.478659723694
11757.404175709387
11777.8570101941
11796.427245671053
11801.926875897008
11853.958032866027
11938.175863627783
11948.247206084883
12098.71712807006
12235.786289562908
12265.657310846078
12267.77693533915
12291.488520360788
12330.982716462095
12379.57393327373
12472.731530269895
12491.50913167055
12517.078572658364
12524.237955181274
12547.886666309327
12552.995273953657
12574.035993278401
12615.120360680976
12620.029091796185
12621.809620829765
12751.042281258215
12752.169750784049
12788.189497643601
12838.41663413814
12891.662374017167
12897.263556290283
13038.775368963861
13090.102802555853
13141.418060954196
13164.424255210552
13387.62140758625
13404.937285373944
13460.30568589475
13559.557489221226
13622.43856244392
13635.546181605601
13639.804087219616
13757.145627691789
13763.731691892322
13786.072104711864
13892.82070028815
14002.88547185891
14047.548786893973
14059.267127934534
14156.590929088155
14187.886796856565
14315.446693308188
14319.62782874412
14339.883026695961
14462.041496083328
14465.710491954267
14734.938650984244
14758.568034732416
14847.416812297393
15169.00457244791
15337.898770348464
15439.47112492523
15481.674235955863
15624.214066384471
15678.589799580293
15739.983645346058
15820.096721024094
15899.878392045925
15974.520338762479
15986.001171464364
16006.252400966909
16115.652324372604
16248.763859742267
16259.017251565008
16271.786288072137
16273.818007609969
16293.920868233423
16310.834157507723
16529.732582129873
16608.09176423811
16800.102236889685
16833.75584645234
16903.58890918277
16908.868065233964
16922.878557942524
16968.393741425174
17054.31404289002
17070.321157058755
17118.033339168975
17120.277969136052
17208.280983165107
17350.064460202022
17407.677891093066
17435.233252117738
17450.400907621235
17477.697300195654
17537.399368948114
17648.69875353429
17656.960560215055
17690.66303289842
17729.67052819417
17817.390858568066
17962.938377018654
18324.620799883214
18595.778419502283
18741.59392353985
18795.03160699154
18921.78606768435
19249.234833957606
19400.132535248827
19459.500402160196
19810.90730073903
19833.826927416227
19990.645949585512
20368.662210873288
20636.012939543252
20722.872482859246
20745.858603859313
21153.83995790299
21736.048086561957
21908.333607297478
22421.603569499384
23056.51042111028
23155.042206551407
23279.514591463372
23738.280980265423
24024.98788123396
24407.40999293132
24725.207497062802
24891.163503776188
24928.56001332168
25189.486551334536
25215.450902409397
25315.500066412453
25383.573282508998
25515.04653714503
25736.54327415781
26566.48407590369
26660.76014331436
26995.599311325703
27064.179647405923
28125.478986076512
28219.17135248857
28384.454260064515
28734.59622134361
28857.278522287368
29053.02546664854
29065.11803915222
29114.59963375307
29507.071743015124
29698.40245983476
29992.988177701132
30190.737732168578
30365.220096856163
30692.799120138694
30854.42796204155
31221.43790488276
31574.303958508735
31678.825374443237
31683.093349055995
31802.964871796205
31820.411155296726
32384.605620506016
33520.65845144092
33791.30814531341
34086.91523367719
34300.74685944235
34321.05227939484
34549.11853918479
34627.86799593937
35077.083310326874
35081.14388638484
35179.92485425916
35185.84518017103
35336.21728815672
35968.27703472912
36496.94190589442
36674.4451822888
36937.34378897123
36950.84598310914
36983.764567655824
36993.576208039805
37032.04244329343
37116.886318227465
37174.80363235124
37178.152311948295
37181.66323325635
37342.043840140155
37358.04281188247
37466.0054910797
37543.268576035895
37562.19904515746
37609.92792576392
37867.4636230958
37982.24331863944
37983.55512987433
38149.226124097106
38407.014712667085
38484.4879483981
38536.504370878756
38587.52230198142
38666.36805254077
38698.459920626876
38736.43553791985
38758.08760806074
38758.63543050514
38773.024216898484
38802.27473341199
38807.57363211597
38852.492288413836
38865.27266336147
38897.07566126538
39039.64114833935
39047.12977090223
39059.689671557375
39065.07243077565
39173.1388681717
39306.61706275821
39313.36079543497
39331.07897257862
39411.84904833963
39485.15174067544
39503.13852689051
39534.62956749413
39601.28254581007
39626.0016643555
39673.003351856074
39719.756279200396
39760.01441181555
39760.241310872756
40008.6473422917
40055.622669476856
40090.82208627984
40177.420957085065
40270.46690641034
40364.73262321142
40476.430845137394
40481.2484167692
40490.27324631069
40516.06509991613
40572.739444535895
40665.637342119844
40667.06170266798
40688.47775505266
40728.0077902754
40795.69440340399
40892.30253526546
41191.301156544454
41192.29729746737
41232.15823642143
41249.32451419869
41279.22325943915
41328.82875393945
41336.57357893141
41366.623904746055
41490.40103036808
41517.41263276314
41548.524313582406
41774.09813668123
41789.793747329146
41820.83604555134
41886.39969827617
41890.74840734932
41925.970466138126
42015.397735409
42064.35072088255
42175.0720135866
42285.89756813437
42291.05116050025
42390.78297592718
42504.18598332162
42647.29751377911
42703.7097809847
42743.10336385576
42775.11623301231
42787.84650590426
42822.19820400703
42853.32647198763
42910.677902127856
42994.025405669905
43070.40127455988
43252.83012563805
43331.36905809346
43386.911932141775
43390.13841960684
43481.63407933637
43559.08148174678
43600.55241493975
43617.2356900184
43812.01109283851
43827.13479020772
43855.21194743342
44040.178889183546
44044.08916048375
44089.27697202431
44115.907342112434
44116.454546039204
44192.82851214803
44339.61973089284
44367.42948792376
44378.2530738355
44467.80073116033
44472.122343930045
44541.891573280154
44571.18632250206
44691.716486740224
44725.96057677887
44734.57267523816
44745.265936308315
44747.12632387204
44788.408461111474
44848.83598378379
44875.3596091017
44917.379345865054
44945.11716212826
44945.792289550634
44995.65037114857
45022.43860181086
45049.846516327154
45241.28286154111
45388.03018911164
45390.10845664365
45427.864130165915
45437.474349563476
45484.041630728745
45489.16265286102
45497.088331486906
45519.18148328943
45543.091804455726
45790.72845160144
45834.7546668186
45926.04241164839
45942.64752975678
45944.355474177
45952.75237838333
45972.35999083138
46041.77368941011
46138.83333981033
46170.580273959364
46216.56884204833
46344.85040673192
46521.97303645856
46668.79765325494
46703.87591600796
46729.51604442882
46760.597310932426
46769.47389516921
46818.716141794015
46821.15255775034
46837.15530762523
46850.34239879013
46854.493796641684
46888.964195501205
46894.26146714708
47067.32460207147
47068.815685850524
47113.01130536488
47242.98543984864
47359.517406297804
47407.99406975111
47508.01182061298
47537.72597583088
47539.167327059564
47616.31866900671
47905.18860069173
48065.26589159842
48083.58969545069
48102.37004154873
48102.86565390573
48189.04949358979
48215.558492762364
48299.73760658801
48300.345064666304
48330.0866212724
48335.716649233
48389.12641517013
48591.24645326992
48650.0648547895
48670.40154563598
48684.977518840074
48766.55026657406
48890.76976821741
49008.857952488775
49072.0423406342
49161.556457706705
49175.64789518275
49198.69677593281
49204.88912690778
49326.824556615626
49423.066882850246
49543.417660221385
49546.7141481815
49565.39895384436
49699.71680720249
49726.00941805822
49774.89197672915
49866.16976397621
49898.59157124543
49978.49887347754
49985.939826868016
49995.88675090892
50060.873418148716
50073.650943905086
50117.53078009857
50141.139170754985
50162.42024108788
50245.7623086838
50431.322932941766
50439.44141386941
50538.106118787844
50546.23539551851
50647.18480531364
50654.297537932405
50708.7848687174
50919.25326131146
50997.510237618015
51063.57517227465
51100.26943549706
51100.30139841535
51153.06550769506
51156.263543147856
51210.550723632405
51234.497894103566
51253.72492224984
51293.80675470269
51359.17908725107
51420.06666414658
51477.128508774884
51488.545713432744
51507.27722902081
51533.68783087507
51561.98522664868
51574.5106865353
51622.10500747717
51666.21333208068
51670.83210227767
51722.56325703564
51877.56936769961
51959.124749102055
51985.135524206176
51999.51826601571
52024.649673269414
52109.82257252288
52118.61295675063
52144.68154533507
52265.19119252984
52445.38639352703
52471.323448483614
52515.98966083396
52637.74395462006
52670.541310937646
52703.4462421754
52793.58919859145
52887.47259116169
52913.4591052713
52954.935370703344
53052.82453392001
53093.343759534204
53096.734503627675
53182.47388231981
53202.47982119359
53213.932900042775
53266.733999840406
53357.79937670879
53360.57213931112
53423.096086539736
53457.34590155668
53466.4346029483
53678.06776133958
53782.32671462191
53843.51810684934
53860.6722929144
53917.29901033087
53968.59911702775
54014.56582066974
54029.37382032471
54109.19231781661
54113.54458994192
54170.43805442997
54202.865973667984
54225.715367501376
54261.72469523959
54263.28476293567
54295.248780525
54389.76366837364
54406.00615714138
54441.14776778657
54449.77012818255
54751.51009013391
54888.05431883616
54958.71790988067
55070.13129490348
55087.56346307036
55097.157192558734
55111.53108302083
55164.59110049441
55257.867045401574
55262.23477695693
55342.08288121812
55403.38324004617
55433.98077709563
55608.23996943341
55612.99522658657
55736.698527346365
55756.62064970969
55799.50057137326
55818.85808769414
55819.104541411405
55878.76177486744
55911.44606811046
56017.501934824875
56188.28454004589
56233.06157096485
56258.33160476574
56291.43522774768
56330.082760946425
56456.688028888624
56636.38222729549
56650.88851835891
56651.757480780514
56772.154173317766
56863.28307645222
57096.65762312794
57120.92019822313
57137.87522931299
57147.13109102
57287.185742000554
57379.0937908101
57675.958012663956
57711.193901819555
57739.67225394135
57747.75933428165
57886.41977301788
57955.78129689653
58028.537517197205
58090.77044120795
58107.36219840691
58274.94505681179
58274.97847807001
58293.01778967491
58674.813232838394
58712.79285369912
58716.37626221397
58725.31848547477
58928.15539677294
58989.97458296534
59021.47925325513
59126.59264491119
59167.584755436576
59510.696987774354
59523.23535804212
59954.81920241542
59971.60048341065
60213.01161816984
60326.3719472781
60539.80219272079
60607.94336110139
61472.179035292436
61483.610639283674
61839.63524558371
62287.57244758891
62371.333469044774
62816.08333050288
62858.23353947419
63347.206352142784
63421.02032601933
63535.29815161693
64197.53847276827
65113.358598275896
65454.943111335226
65610.09095527836
65614.28360702826
65750.04239758031
65889.67116733265
65986.17686185372
66066.67376825729
66137.62617917021
66269.99125321473
66317.5293320785
66321.3518171379
66625.46782591504
67365.47184244909
67409.77101500795
67430.58253128319
67634.52982518611
67753.09138351138
68007.63000948771
68422.18626052463
68486.41400427582
68738.58096628843
68798.5819208314
69105.45816087499
69229.8748919002
69333.94846513165
69718.52698866898
69788.53373368051
69878.54728858246
70066.68013315239
70075.75110919075
70248.32566368637
70265.11943581673
71022.9613763309
71084.59114908757
71210.50592767092
71590.31714504636
71605.84614269329
71612.38652974406
71616.8452885604
71640.89609873694
71653.68913518846
71658.22704921316
71658.45002693284
71662.11789110354
71675.35440245178
71676.93511053777
71680.47577636453
71687.07033064321
71687.48170788524
71706.15456764333
71708.15325061383
71714.40822228341
71730.3493341339
71741.47506587033
71750.92211949137
71752.26480361099
71756.47083186862
71760.54981474101
71773.25462792412
71781.0056921898
71782.79593945605
71807.17370867962
71826.29352349072
71827.18459941396
71858.713554465
71876.43516563275
71884.3658878999
71888.410677021
71888.50915012026
71892.33640318211
71918.06061085014
71947.12024327223
71953.00402602556
71980.2731705241
71996.12256403848
72008.21358472599
72012.46379886457
72018.7439110584
72026.95855062931
72032.93821535909
72038.29322650464
72046.77312816233
72051.47722524642
72054.57017994177
72055.97672592763
72075.03399466634
72090.37317478216
72093.73415428278
72094.85229894139
72113.43809387927
72118.15762140845
72127.09274732682
72132.07106321372
72147.3009526498
72149.69914259488
72150.84353538814
72175.7242152427
72182.0950149112
72200.12225309716
72205.64726784368
72248.51703350132
72254.27502644942
72255.83663260548
72259.85808571213
72271.17311019257
72276.05143937978
72279.91825043646
72292.25783316289
72297.7684762641
72299.47516591121
72299.6267884816
72301.50457012317
72303.72363279971
72304.65555188475
72310.46918218011
72341.60688432801
72352.1529718403
72356.33391154632
72357.32596436975
72358.20361683959
72370.8605114123
72391.74899877235
72394.39710748882
72436.84199116999
72448.09010972921
72456.06184331507
72465.18365771779
72472.43190878478
72499.3557596707
72499.5118334441
72500.00411488816
72501.77287895922
72512.42064870575
72513.81549736173
72516.49149975104
72519.36722404373
72524.97642409265
72540.7132154844
72553.40299835126
72556.35456021794
72557.11720413074
72571.46799432182
72572.29379383274
72584.49931438635
72585.84006275251
72587.02548897083
72591.92501396881
72599.94293169417
72602.79821600122
72605.84488153747
72621.82524556457
72622.63186025826
72626.93933039578
72642.8883971671
72652.54335655081
72665.1727876627
72668.02284400882
72671.010258417
72684.0264641377
72698.44739916957
72698.85800580238
72698.96177427909
72699.37786419397
72712.17880710127
72713.35748958081
72720.7873099129
74228.26714368854
74656.58773275395
75596.32943034392
75967.24806148866
76624.99139829703
76819.54846096408
77288.01526565674
77656.95613058636
77933.93579175934
78923.13880386198
81326.01662184557
82243.3127904525
82378.5481307514
82613.03775144805
82614.11026542854
82619.26301103948
82620.10286911373
82628.37188122836
82629.86073253851
82633.15962750408
82634.0910324457
82634.42876056586
82635.20508939627
82637.78817670241
82639.23319080342
82642.83701940402
82642.95997773424
82644.37377578848
82646.23222878091
82647.27423344573
82650.5080057857
82663.00455561886
82664.39771224724
82666.07192380111
82666.61109529865
82668.69849569158
82672.50422075632
82673.61032224375
82675.37590329885
82677.50899841727
82678.72360353988
82679.78913039455
82682.76625742266
82683.06232814172
82683.88990309482
82684.15321281122
82872.79533278795
83016.154737585
83043.83683467808
83187.4218175738
83259.33241186119
83371.13166926561
83506.13576957745
83805.84340535128
84026.18732974521
84060.85576735642
84410.45927216984
84894.06805436194
84916.19554999469
84936.33577303145
84990.71521700885
85263.29922681411
85441.5191701679
85679.7679671868
85861.47463932703
86303.8462000015
86429.89619488413
86709.05521881425
87592.77135615435
88458.02805218834
88828.73958554376
88848.20996301454
88999.4094301611
89427.989229538
89448.33213004027
89776.82903389748
90119.10687763296
90562.71558259966
90600.0617855532
90745.19246931371
91049.56852387979
91442.47240078324
91445.03212202895
91886.54113128709
91904.03079156458
92816.59933397984
94181.02535967983
94546.41458992414
94566.53034886248
96026.0018587797
96250.25626832747
96270.45904434554
96495.68733387362
96519.55904550994
96646.28412314017
96718.72580185652
96823.14870926637
96837.45669855727
96929.88008643388
97765.72123691524
97856.2936194347
98072.37990449852
98089.88104368228
98099.80021653348
98247.25906799232
98285.60535052237
98292.81879563382
98312.16940444095
98415.11817059774
98450.37698783816
98457.03666752612
98474.42749663383
98490.51795095808
98563.81766811773
98590.15339304255
98598.49440685927
98599.42691495545
98660.16899447776
98670.80636111503
98675.7694814085
98685.31425918425
98873.5521031821
98938.8350430734
98982.0823071884
98991.02836150097
99016.80232203193
99056.75417670692
99068.16684258515
99105.86845440214
99218.76639151652
99243.47941759985
99279.44704242045
99299.10132310583
99307.65682381157
99354.63290775253
99382.94006034872
99394.06425099015
99629.59689362862
99743.76548387029
99785.16693698918
100128.4241934113
100148.17697411127
100275.82346794479
100300.83590448259
100312.36464059546
100493.37781024148
100534.56865477162
100636.14406546528
100675.10643053839
100742.51650950228
100841.34279967308
100967.46795109627
100985.91555666541
101024.56444568759
101113.68012150248
101170.48762273684
101377.34746482689
101378.81100085579
101405.53682414514
101472.57371600141
101542.75632934661
101634.89598498397
101651.30320591855
101689.45455768124
101718.55782439024
101780.07445640312
101862.33716857554
101969.31622681962
102124.13765984518
102133.15367855421
102149.708783539
102189.87409449699
102452.41905433928
102477.44234041269
102534.62266881824
102654.20680930023
102678.18169616
102688.03794405825
102747.45460799613
102765.3664722789
102794.00471797392
102855.10049699593
102956.95753075984
102963.28927531248
102965.42853190977
103059.43788386462
103060.044099136
103098.8552405572
103285.44844298488
103436.71325766499
103469.08521429634
103482.31603416591
103652.99512050372
103712.00625000539
103764.65637829372
103802.31307959642
103912.54447279629
104086.42632133022
104125.8368960754
104200.71494546566
104243.99808214682
104248.91681217265
104340.82257140036
104420.41074094668
104566.96220973194
104617.87847886316
104706.81220994248
104867.78936204498
104883.9736450506
104985.55115303924
105506.23332389543
105846.87080976812
106204.78971900138
106216.83091390185
106243.8373389659
106655.18998242305
106819.38777065584
108177.06402211927
108402.1916872191
108419.90759816575
108892.13480317622
109344.38634213983
109549.99070911773
110609.90163056455
110850.61336131855
110973.87671778585
111399.94238587045
111581.09141480639
111608.26295140352
111691.96223781788
112155.26473749136
112535.05946152742
112617.90864047219
112703.51285288669
113086.83671067566
113369.1075282294
113375.9325853469
113518.70221652847
113554.7416986366
114314.01972851667
114414.4459283154
114521.78768299536
114697.4971921096
114757.03006121339
114978.45773204198
115294.07720409756
115899.74118165273
116161.69476954872
116909.72048285232
117334.31914255072
117600.1253992781
118015.64388635432
118654.51070425488
118673.48852406893
119216.39649198821
119299.98667399024
119337.26994901898
119466.3505441002
120024.88475182076
120098.54934196362
120952.01136065756
121050.41022946939
121375.78049562193
121670.1409730392
121714.90899687649
121809.4359679026
122766.09702286276
122854.7260396799
123255.61574004107
123399.07987852472
123409.40784953702
123509.73254475626
123510.12908712284
123536.49583941171
123544.41837143237
123701.50223718738
123748.14116308583
123923.86451077959
124021.0806552097
124028.72565497346
124095.90387880933
124167.43313559299
124207.1295657033
124220.71967939264
124303.80172803147
124344.50599845627
124347.52025231427
124363.35251436863
124391.78749239122
124416.69396927193
124431.9117637756
124453.12927231443
124506.1714500562
124509.27117234733
124614.1529695716
124701.52648220779
124712.30343838481
124749.80225646528
124815.83386730572
124978.08833440943
125004.15179771556
125009.79002334093
125026.38002791574
125135.85150377837
125183.40588330061
125218.59359619947
125236.81753484887
125264.40950898519
125381.28551343112
125482.53217733596
125550.69778072077
125585.87430644003
125614.55602195107
125619.05767753196
125621.59265629385
125645.35698171917
125684.5474288749
125714.71167560604
125835.03034110236
125847.11221826491
126035.29647876814
126132.21541903744
126220.71644062118
126255.70247200324
126263.77851728826
126309.59460566938
126409.914980491
126447.65998515554
126610.19366962643
126652.19991177243
126704.9507272919
126717.11669117186
126721.65665839272
126754.50637590064
126778.92430581248
126860.71300638004
126917.43167887692
126919.59008721443
127128.65930853199
127238.97069206499
127251.67700462532
127288.6309945022
127331.01973891696
127436.77995869043
127468.98200989359
127484.468762045
127542.29009741213
127672.51317557703
127723.42173449045
127814.3327884817
127882.42049727822
127947.23949966798
128015.05410061924
128073.19153286389
128099.23584586842
128191.4944603079
128200.347132586
128231.32863728082
128285.84444957068
128332.06846813961
128373.46543484798
128373.73916393385
128399.82401311552
128410.10415029807
128465.15883505218
128564.40709662708
128619.49289996951
128662.57529642529
128702.32102719157
128719.50487625676
128760.26520331635
128799.16819042678
128828.36133370813
128845.0628223221
128882.39790047701
128894.06203552097
128904.2529579183
128944.65142668877
128947.79348308146
128948.48297307201
129031.2905836367
129243.25720824389
129262.8041396742
129313.96456218399
129357.06117597528
129395.55681844421
129410.03220725323
129483.57590881275
129515.84673049829
129581.29727915087
129594.57332769239
129786.19894488383
129797.44792086264
129852.01447888209
129858.05288594481
129928.46204647503
129956.04179068864
130149.68213089365
130307.08578919614
130325.69677420772
130364.2111341075
130373.89944032999
130384.91804751218
130386.53528325965
130484.22351133614
130544.37069350379
130622.06795454072
130674.9942843295
131053.48896813448
131076.70558747536
131108.11438668394
131163.0654184443
131197.65610804848
131239.63751310334
131251.42286350508
131256.17100378464
131309.2901067663
131372.1336368506
131405.82708740234
131457.85205006017
131483.33061384383
131628.53075192627
131649.9302632492
131656.52014696956
131665.5080236867
131673.8214760722
131825.3794514749
131862.1170014612
131901.170032177
131954.9693474733
132011.8635005721
132035.75082220824
132147.9144953749
132279.42474246235
132293.46856082045
132302.8648320205
132347.840841526
132360.69705724774
132385.21094085995
132446.2722048657
132454.86808161566
132460.3716249733
132554.14563757612
132579.20573985658
132629.42712219284
132645.3191563038
132725.82000941888
132782.93858838937
132819.9206895673
132844.42587860662
132847.87731084455
132859.40519242035
133057.07132205355
133068.96544861238
133115.42930281546
133220.67840625782
133242.3159956405
133340.61336872174
133428.64142971698
133633.70826352824
133766.03733555105
133822.69007979578
133956.42959178178
133976.95571164746
134006.57202734548
134032.16939827512
134091.98662095185
134198.98337433225
134277.20835606032
134301.38305895738
134319.7609372821
134373.68656002707
134449.9863898623
134534.57073216295
134638.0519550049
134654.1539447824
134656.46364928235
134671.3877059911
134753.13230094797
134797.8052844559
134813.69322225242
134878.22795937248
134893.16473622026
134987.25799693738
135039.69485848385
135179.97489198006
135322.30134778976
135421.727972248
135425.77001922805
135513.20674585228
135575.40466284123
135595.97612280422
135693.5954879372
135801.96072281618
135967.93637932205
135983.08027419253
136127.50296599558
136144.655507613
136164.45428658172
136186.43572441718
136207.81902369857
136316.64204201163
136464.30514701514
136496.74117690464
136547.9038040802
136658.68418044207
136688.28580887493
136799.0062505821
136828.2024048619
136843.5687401045
136929.03298734012
136931.9041001627
136961.198900312
136974.31138965336
137036.69844913023
137041.62015953776
137082.26175769416
137092.47744251517
137095.21871085936
137175.79056297764
137255.20908679246
137304.5847466132
137327.23356772744
137329.8126298182
137433.68835349262
137499.21220104612
137503.75034615793
137782.94296375528
137809.45558911876
137972.07512530423
138004.3288794541
138140.41653522936
138214.19814168217
138222.04885616596
138263.13122016433
138305.85485617793
138409.5995682542
138576.5710568124
138661.9620927213
138685.89850534772
138827.51606134343
139011.3470840351
139316.91348979613
139422.28944510245
139422.7943250115
139523.87447890485
139557.48746554813
139569.78792280811
139626.8348503132
139645.734794052
139808.20829034454
139910.63416289524
139968.25347800378
140026.05575561966
140081.45585033495
140286.70146183178
140409.0858601097
140533.4010086418
140626.76571733836
140839.70489300153
140849.25987616228
140937.21066006657
140999.25152991427
141043.24251709986
141250.7146872465
141430.83061116806
141459.8163415681
141571.3172980618
141571.5029087969
141583.4031419942
141658.48085153772
141662.2832577176
141899.69147788372
141909.52910296954
142122.36174178723
142202.83199317494
142215.5286620173
142266.8523692197
142294.38433776965
142324.4814117161
142385.770229425
142419.48786272592
142587.43509065502
142618.49404426644
142801.70472908372
142873.80106718052
142919.4913876564
142943.64769839865
142960.06651478523
143207.7020416577
143299.9667553285
143317.25997060185
143351.54141964455
143415.2588429078
143484.53129773855
143527.63445670693
143533.79682132203
143615.39619125327
143668.19363558732
143893.26514887612
143897.8348908289
143933.5243067419
143934.3021956548
144098.52344160352
144126.53608907125
144158.2013656282
144262.2070199935
144292.41590440084
144376.15878743242
144521.17362786576
144532.93520334896
144543.7373470836
144816.99643373652
144912.9606442691
145005.30827066096
145194.3674760924
145271.3500556101
145304.1604206307
145331.524397795
145473.88976123475
145536.17035842282
145540.47931517704
145625.76086953987
145632.04457714356
145739.64146912447
145772.83114034007
145853.30901033003
146031.39069193206
146075.71147870272
146218.00839735384
146791.6911897163
146828.2077874289
147876.971467809
148164.17657623783
148254.68914024436
149176.75605665287
149452.7189067916
149573.2088965417
149667.11981262686
150088.51786250138
150369.43805789534
150419.53125962015
151603.55008515008
151618.1306761891
151752.00030556225
151769.07575712376
151775.61316628725
151809.716468206
151882.9860181834
152039.74620388565
152522.41996424092
152772.21857768347
153332.79529258938
153964.72740898893
154181.87941004717
154380.97608431353
154435.43512120435
155648.00955940038
155963.32295859436
156085.98436264566
156095.1517572347
156126.88863789698
157149.878009298
157151.5369930964
157351.82318589545
157500.92432163583
157876.11676468002
157982.89749685832
157985.8718953993
157991.88388053773
157995.47700620955
158000.33128242817
158002.0887625663
158002.67449316528
158019.87280593184
158020.70983138666
158036.8134110539
158055.45035584012
158068.43427047378
158073.63102446886
158089.43022293574
158097.88267313
158099.7942949655
158105.5434273803
158151.8149792169
158156.01446299723
158179.96306198346
158180.0378047257
158198.64072167303
158207.79652534274
158210.98382365343
158211.90616883233
158213.45917576022
158254.72615953462
158267.62454630702
158279.3461020076
158282.70790565427
158302.72536011448
158323.16617894033
158340.62248627542
158343.94260739235
158349.84005279755
158351.43839650459
158355.3921118768
158357.26195961295
158358.85957333312
158359.39403976483
158365.64772322914
158368.78253231326
158389.483795585
158390.21706814697
158393.30430388654
158396.46324687597
158400.8016186896
158401.2602498206
158404.2243908982
158425.2138225253
158429.04315766695
158469.21528163535
158475.70008946487
158486.96620006976
158489.42331963906
158490.14029059978
158517.63384423626
158523.45246305747
158533.28844336816
158543.2883219581
158555.98223309394
158567.32865787478
158568.0970970041
158568.85736225365
158569.2068836855
158581.25946258716
158590.12842990662
158599.44817044685
158626.801419347
158628.16431355552
158631.18320933584
158636.2191019546
158637.3287966614
158643.80997474783
158645.40777909965
158646.49683247818
158655.9657874736
158660.70529234357
158667.4745811923
158669.21426475584
158689.59447323135
158694.16853554136
158699.15674054084
158699.70830064968
158701.55033857338
158760.0608593464
158781.75251413195
158783.45144418092
158788.09531478892
158796.3191330688
158806.0520606226
158810.46798681494
158819.96873375186
158829.46436090447
158839.69410561334
158842.62974307907
158858.3233481482
158873.69768559784
158876.7314671271
158882.51293486153
158907.50178968973
158911.15050787566
158929.83979396458
158930.3293114152
158939.65742872085
158940.48919246602
158941.45944155846
158948.77316315746
158954.03465038547
158982.2055186903
159014.20926721964
159018.38158523565
159021.20774512508
159025.96202967648
159026.4600424785
159035.14203989384
159049.9281103096
159104.74850509746
159111.80533856142
159113.32262841827
159117.4519971467
159117.62900943175
159860.32427434807
162316.16288938213
162894.62811475893
162905.56492630573
163329.17077406167
163603.2295020708
163808.22674882342
163855.08576722816
164354.35009133187
164531.33977806248
164814.1906405798
165419.43502905016
166439.72931950196
167649.54430162808
167866.30987596093
169009.20118683987
169009.51763162547
169011.52443792016
169011.7381609693
169012.10506529178
169013.2862972367
169014.2562930236
169016.63500176053
169019.4071967941
169019.50031694942
169020.0904574115
169022.17869114774
169024.7990647598
169025.27409901988
169026.57333312585
169027.7560112736
169029.92529128105
169036.74580110557
169037.23691881506
169037.3774411228
169037.95338083955
169039.5282908753
169040.1862210674
169043.25622795604
169045.9745845793
169046.136468118
169047.16753530627
169051.379047454
169052.99396191607
169053.5094698447
169057.94969930837
169059.7459527703
169064.08705403557
169068.2118945254
169072.89041708238
169074.13300196585
169076.4690129393
169078.43250373792
169079.567278812
169084.69408088631
169201.62781845708
169253.74864416406
169778.8782029964
169955.1501336997
170723.55451845564
170900.59512790677
171409.09903796954
171844.22179942837
172186.87566759659
172260.45472939734
172337.59478067255
172631.85548232062
172671.48266523133
172731.288955222
173184.6065020816
173213.14537130232
173614.8628845514
173872.13699034773
173960.69356825648
173984.7486694835
174427.00229388964
174800.92873453797
174839.06690065542
174987.3556876465
175277.2125963721
175405.21918970346
175436.76706490375
175445.4476998235
175539.1072040193
175693.16973327356
175763.0840427066
175890.36736216722
176164.20917843096
176433.37297489998
176618.46123939127
177133.57054272518
177296.42124002613
177576.5649252557
177667.63157120865
177685.7574452246
178231.20945409863
178308.8725365474
179018.2321644722
179330.88277689466
179592.19174501774
179948.883080794
180555.4499574844
181079.76096129694
181279.76842097734
181620.84786257168
181775.22437570925
182091.97899190715
182269.51643929572
182406.53202839513
182833.7798878976
182943.96404693782
183226.77030145036
183276.06384205306
183767.6254052873
183809.88509745535
184103.01411214654
184462.9726377389
184551.96117156284
184578.90646253628
184628.35952172586
184649.04100275613
184778.59318337278
184819.8823145409
184836.2853857213
184898.2468667296
184920.81653949645
184961.43060228042
185045.28927025752
185150.68913291837
185218.3843909396
185244.46085270488
185290.9601233772
185304.21058533102
185353.8398493167
185354.0596507236
185369.00395282672
185370.98160172367
185397.1199976186
185403.58448366335
185431.84416329657
185439.5006804987
185570.05567525115
185575.27381396524
185585.2756495684
185615.90683272178
185618.4548965334
185660.70510358096
185742.80929133593
185939.66763975826
185974.53336632584
186077.636494426
186130.63638795327
186159.41673198465
186200.66383502464
186273.2756549726
186290.5882173852
186303.9882089458
186318.65710958512
186356.52130725278
186495.41675529553
186509.47657564085
186677.35540123345
186765.91505303592
186898.38378092207
186933.13497349952
186973.8968093431
186980.36821229642
187176.90505391388
187217.73354733287
187265.32066920155
187285.4386314794
187285.81331021286
187340.91667346135
187352.3332642738
187391.6075164278
187397.37921866265
187573.9949878405
187576.33871028
187621.76247469097
187772.36404919098
187776.23079859052
187777.93107949
187926.18760735702
187960.37972420204
187976.77175428183
188104.58159278482
188210.67933621557
188310.6008611078
188329.81994841064
188335.54764133957
188343.69732348557
188343.77113941044
188471.43239128354
188492.38390525096
188542.85515501155
188599.4854312999
188646.38635088797
188678.43091622528
188688.853844811
188700.94365754898
188753.35024833796
188756.19442030514
188773.4251109802
188812.65372494122
188933.1915590886
188973.65210969668
188982.12417938566
188998.78473563303
189188.48160713626
189248.86178731234
189263.2040658757
189394.73471589765
189401.2141558768
189494.67490375653
189563.73036801274
189764.1954208872
189897.41022918586
190148.86841646515
190304.745017313
190320.79748229962
190344.70966908976
190433.04199941788
190479.89609147975
190481.6895286111
190611.43510091113
190705.36264731415
191146.17869211332
191328.98245539877
191445.29400451866
191667.8215913489
191677.76652475176
191828.27459792775
191897.1062859287
191899.10693664485
191903.12349742145
192221.8094630164
192231.75444376527
192295.0824661728
192531.34259152127
192781.50754502008
193075.5228372186
193230.7519903924
193584.6133301886
193685.12671128
193844.21560614684
193995.7116158912
194777.44577318602
194783.29508967584
195415.79731047168
195500.15486247526
195928.30588012247
196120.49347415022
196535.06725385154
196547.44003848828
196719.7767023703
197120.57765070416
197678.0501505622
197755.23512903455
197827.50029712886
197964.15607784997
198011.49175825182
198171.93741750793
198923.69118414304
199700.50019652603
199951.82365330393
200123.97144342313
200227.22346027964
200233.70743888922
201512.27786660887
201519.48973843968
202143.30803886298
202283.9608165493
202470.87525610294
202996.707303471
203503.57834169993
203789.94451161323
204709.1807771374
205619.59432489143
205847.23627551415
206251.65406351732
206733.30652913547
206846.07993519036
207076.4361485066
207134.20777225596
207654.4899934579
207663.55523253483
207693.57847427783
207942.0519572099
208509.62305486604
208680.32681801642
209607.55387004124
209733.43879398901
209925.42658325736
209927.73929029648
209944.24442681982
210025.10555514542
210096.9217305121
210116.98120131233
210171.5566029624
210190.41225684946
210207.33148594352
210228.5676884305
210293.3804105375
210294.46221374202
210515.1794046061
210523.5172218263
210552.65261962308
210559.1484560952
210565.06507788156
210656.310407198
210680.9055927098
210692.6686349448
210702.2202072108
210839.02912540868
210932.47241209753
211023.6521150837
211039.4787384633
211052.53290538903
211159.82642081805
211193.955202755
211257.53445067687
211292.58155861226
211360.65449273563
211419.39235103436
211450.6780687086
211491.86029100913
211523.5763775017
211638.36702448002
211688.36969092488
211709.27332614403
211771.5079733644
211803.99636317347
211828.54339973463
211950.57687747566
212017.95838817887
212035.9263258717
212063.0195868791
212165.16272288613
212250.12178793194
212372.06275488823
212386.90421899676
212516.03822997326
212579.58259890566
212622.34031586588
212728.77447380824
212970.67476678864
212985.0914994256
213024.41915120606
213027.4562151038
213043.02504391636
213103.07835631052
213120.64354898757
213122.06083542106
213148.24226196107
213180.26419661526
213349.9055002833
213413.17471517206
213706.6568023039
213711.3050782058
213794.27128209206
213884.27462965116
213977.83100598003
213979.03092888527
213995.05210982088
214025.96877366764
214153.27293826995
214163.9236173029
214197.915463222
214325.02033140027
214398.18384438573
214501.88726840663
214568.5356266835
214642.39586332568
214682.35098549086
214732.84663681372
214783.5735855738
214901.12276995968
215041.57285750957
215224.5809593081
215345.91816548866
215351.19244148285
215467.65144354047
215498.73825747267
215556.11561835563
215656.57234377105
215681.6012314095
215685.76651868317
215749.6618537322
215776.87320139434
215792.08807127355
215809.83333967614
215811.77781673265
215865.99660254858
215866.91780963383
215883.74295760618
215953.57159207435
215954.31377256714
215958.01977409906
216020.50452771102
216062.53084925524
216135.52881876717
216183.369997037
216377.98278713212
216403.8846084341
216463.12832883085
216479.76081659994
216480.87419696583
216583.22000699074
216585.99873100576
216624.73886133113
216832.9444210283
216858.90653757198
216918.75590382417
216926.60765671375
216934.07709810731
217069.0009023421
217077.5903762454
217087.90777117695
217122.55343851988
217163.10465917917
217253.46941329658
217277.345955958
217352.70480722885
217377.61842272407
217602.364830876
217603.8522260296
217647.63374195178
217703.72490353894
217723.2825955768
217770.07624655293
217827.85488650438
217835.1423258867
217898.57212413035
217924.27770105624
218017.8702196554
218026.03974499935
218048.6266337528
218155.157367697
218203.72751876706
218251.06642651127
218272.07534127627
218301.5021180984
218401.10045063015
218477.8339976696
218774.9932754527
218906.1480315852
218914.87413120034
218971.9813670116
219005.87035125424
219069.8764566701
219156.26001896482
219256.89505217562
219270.4919971194
219288.62870248256
219300.20156553475
219305.47610881878
219308.16526494012
219314.20596378046
219329.3127598554
219342.13274655226
219364.44614216572
219379.4809954516
219441.45055148666
219531.97041081815
219645.03432633984
219653.98045221047
219699.93578571372
219707.79764918901
219732.0457213241
219863.22333494603
219902.6290786993
220003.2467923819
220026.04386002824
220081.91534650367
220085.71788940064
220116.03620182828
220136.9082040355
220157.9040662704
220170.89042029402
220191.59218396497
220347.33433638353
220350.7602915826
220415.70899687955
220428.9313924483
220437.3044321205
220461.03911680396
220467.97008859878
220469.15197724887
220519.63740895328
220606.56093438738
220662.93548411355
220771.54378025772
220780.08758321215
220790.46784085166
220814.17691345655
220815.5791480473
220853.88487281342
220935.4872529455
220961.47707831708
220963.01372732167
220985.74591374098
221062.98710138758
221190.5878324014
221226.3935321173
221233.0828952302
221400.036144887
221403.22355128513
221466.78443608858
221475.01547804076
221513.51735901294
221587.27810221975
221621.3590543989
221683.70307921807
221726.75927950308
221730.58889731462
221791.82238281658
221827.07585287056
221830.78302103662
221832.60418362613
221923.75204634544
222060.7066704136
222224.13371455792
222259.55865272688
222271.65426901152
222288.34624289413
222295.9311189456
222297.76618442623
222365.00153912074
222386.61326363956
222389.55199932068
222534.70784249337
222566.95785270963
222682.59913954808
222689.3166685534
222807.53288402982
222975.09933832457
223044.6122139095
223057.5195696445
223081.96350742498
223146.828276404
223174.34215553448
223192.1960998083
223240.07554219893
223526.39231769912
223551.37559898815
223568.8956313413
223586.39207939256
223612.68160860072
223646.2739509201
223709.95412122208
223847.5975327702
223896.36479436507
223945.93915918894
223952.33334363942
223973.8084772667
224091.57942527783
224143.1908640883
224241.82996912274
224353.00137869376
224432.04242357405
224612.67406350104
224681.7690895725
224734.5310161049
224809.63536658575
224822.78774334464
224961.32892769302
225018.97007213623
225038.92632508613
225170.536060361
225207.39216671215
225241.04648096682
225298.93448416272
225353.2247453654
225423.70876047263
225429.58439029826
225551.3265689951
225554.91121575597
225643.99545510148
225652.45307688543
225712.02486866096
225797.40555401306
225836.39375204424
225920.04099633291
225934.10599220783
225975.16906269136
226027.47755623687
226031.69052669412
226250.7746183155
226281.74075958825
226330.51416860224
226343.17253377152
226392.2411375255
226441.40595827665
226455.93693336126
226592.59582612908
226746.77248027176
226890.73931191742
227057.16311222277
227081.06745390585
227187.4198806608
227277.93607930682
227305.40270154865
227327.1431659519
227340.46160388627
227345.10807950958
227350.2466815758
227375.60646566242
227473.10683078287
227490.15436724655
227529.76370628877
227535.7227904963
227554.22013622947
227580.98189115478
227592.53525515742
227621.01622431315
227669.71464465986
227687.06691560987
227701.58371537618
227870.33288512754
227949.7065428666
227985.45904237588
228053.9389748516
228081.1408375643
228321.56563476785
228348.55850221985
228359.7193427249
228403.82781652396
228429.30382301743
228443.78260172647
228616.0740403984
228785.10010803508
228788.08582941108
228906.8942498098
228952.63257525413
229028.12704977393
229077.59166334913
229248.13774846218
229268.15238253723
229380.78478717915
229473.20301039732
229491.05075072596
229518.26476849048
229562.41826317477
229636.25451208453
229674.08409397636
229698.6892584226
229704.15715250387
229722.47504580114
229854.41334642732
229917.24469283596
229951.49113489222
230094.54309792884
230161.08655393982
230184.9801409396
230207.65453866363
230274.64754848063
230426.21038441907
230428.08903494067
230451.72651345874
230455.1416955338
230519.19541250422
230567.81673033634
230614.9866810161
230659.61861908447
230735.46422084194
230930.18445517405
231045.63291339777
231061.36289458457
231111.06968148393
231298.14410975782
231335.97551726713
231355.59129630896
231407.8585893704
231454.6962798438
231488.08107775688
231708.62560777873
231712.01675699552
231770.0413740929
231829.17136371016
231845.65765120948
231932.63930221475
232009.33566059067
232078.94343157945
232102.01554855908
232282.75717695898
232578.2217448095
233084.9199545737
233126.994388799
233146.5643020857
233198.42131004317
233446.36259935203
234200.92857898294
234319.4447200965
234502.89646343488
235551.36770448028
235560.2282800469
235663.29173070838
235679.8598256277
235693.87694931435
235750.80276740025
235968.86990606753
236101.9064362895
236168.13967558192
236206.36187230094
237451.79097142653
238144.92102511652
238583.58218140266
238746.1490697859
239442.87835324596
240083.4822673709
240122.67263717414
240130.8148333617
240778.08047044923
240872.07221917246
241260.50655227702
241276.0221467622
241491.48202275814
241956.63815281403
241969.78596407815
242387.2348827243
242815.13529673044
243079.20612256502
243308.8051050937
243652.22453351086
243736.1906673978
243889.09761602155
244159.19623817637
244311.08382124282
244387.36701260452
244397.15553430267
244399.96095250978
244411.04876476259
244412.88999510586
244417.8419899813
244418.69860942755
244442.64301722898
244448.73269622526
244455.15216877504
244458.6058874303
244463.17178638987
244465.35476569654
244481.3042111582
244508.82433431287
244515.9921619446
244527.3007471182
244529.2522325942
244535.52115818817
244551.5191509009
244559.56495138403
244592.76901783666
244598.8072702294
244604.336817762
244614.74835603157
244621.7077779641
244626.7378885732
244628.31969946594
244634.12226547147
244640.4288834781
244641.23311423883
244670.00936039264
244694.75220908792
244713.09988975
244721.9531289204
244724.02168940718
244725.782448132
244726.09802907926
244734.54975107254
244744.46273323166
244755.90081708587
244758.1229069395
244777.44641887062
244779.5770619957
244785.26318443337
244786.4850720019
244790.3768713853
244808.9691753686
244815.996467716
244816.23716726416
244818.62011787307
244821.83231890053
244823.47975042352
244827.60646234665
244840.34642887334
244840.78484167787
244854.03236617724
244856.4574715645
244875.3439737176
244876.12489793118
244879.19104346278
244880.721703195
244903.1039530145
244908.59653794777
244916.3446763053
244920.65513649798
244946.92670712527
244950.16484594985
244956.73145876816
244960.75057803612
244989.7643163868
244996.74423038706
244998.0905459554
244998.28317185113
245001.60829001636
245012.07505726127
245014.97716960782
245036.83999928948
245040.03948347404
245051.65450318248
245070.71082674863
245095.9120159754
245099.45954021416
245103.17193822016
245103.43665962567
245117.60459180322
245129.91972005984
245155.34463672613
245165.03200375993
245184.9429041938
245186.59610444625
245187.986851532
245195.558645337
245216.15542342857
245218.2648033653
245235.15915381786
245267.8116615928
245276.95796059252
245285.68810526055
245287.8726235206
245290.6762142747
245292.51410386187
245322.83198097214
245325.23562121054
245332.0933621617
245340.0304979686
245345.87562246068
245350.58267976888
245360.7442180289
245363.21122040172
245366.35156792286
245367.0289899457
245372.96459286084
245385.4810500825
245394.91851864604
245395.9478578154
245396.9418611789
245408.92278186034
245413.49276788358
245415.62247239478
245418.33165112048
245428.90451770002
245429.17909327807
245430.6642626084
245441.7319419067
245459.3918782656
245470.28888234473
245508.76340038353
245510.56260834204
245515.88127945052
248016.3795999927
249658.80069945048
250073.79954981175
250205.40066695394
250621.19295295284
250678.46799971204
251632.25668491249
252552.79362344777
253738.1515996699
254248.4741199971
255410.09337012208
255410.17934857134
255412.19829489605
255417.17678170817
255417.3327426872
255425.2911296565
255427.72095938047
255430.091630891
255430.482631405
255434.39745221398
255436.44621010197
255437.17371996047
255444.90462322265
255445.44879602594
255449.7489719921
255452.24032512726
255452.3403792808
255452.3644434729
255456.10408957003
255458.95951002536
255461.51191104727
255461.92749753222
255464.1894765221
255467.78268489765
255469.02625322694
255474.94839540252
255477.57551321606
255477.80811991644
255478.78147340356
255478.9419337075
255479.8833572358
255482.1213554099
255484.1142393761
255484.1354375602
255609.5402925759
255616.85638487688
255806.21419887527
255856.45335208872
255865.62245280662
256359.09610152838
256501.15945564525
256640.25613036932
257066.34678379292
257084.87955736025
257639.57754710765
257879.31139337254
257895.97687991516
257930.3325826375
258015.73779685996
258710.8404191478
258717.94932120555
258808.80722239605
