96.46916512418896
199.65544170675412
404.84105828960065
537.7276086298715
604.7290781571888
678.9653747641414
888.2462395877682
951.4828121437412
1294.2710760818472
1374.6792617349565
1435.338703910729
1471.939129884665
1473.1379332804565
1482.3077001611712
1583.0510008058352
1707.5229211007334
1750.569833117876
1897.2345955449812
1916.834485999476
1978.6841843632067
2139.917006877793
2456.3017222159774
2636.7927730790066
2766.46703906642
2807.8716345914545
2820.0175079312376
2858.319586434121
2936.5104518142157
2978.1126393656427
3001.419446886175
3074.743384820089
3143.798897387851
3146.3437478626615
3151.8056984901646
3174.014376218863
3195.531221516593
3200.9852522367
3375.537582426378
3496.3624678911424
3598.2095717778493
3610.0726457948813
3659.061707323848
3659.0717987439025
3671.5080738923884
3699.947560513028
3718.1080031978895
3797.385000528762
3798.8973608125575
3868.0379520606566
3899.1948477173614
3973.517293922947
3989.273495426399
3989.839682372064
4113.169345279125
4177.707078490699
4186.743624084748
4360.361465438221
4372.380499674699
4421.67498687771
4463.280248516326
4515.870081809807
4572.923728696573
4606.541078741494
4663.395791238133
4682.377464403748
4694.932271981944
4835.354155565389
4889.2186061848715
4895.796459972168
4947.4011444847065
5005.4478889220045
5126.867235431103
5127.010282281506
5146.556621606486
5244.423033228749
5314.822065637266
5354.049545256858
5514.933719268917
5515.447532319332
5737.107374608238
5786.1762846216025
5939.022017049911
6104.767887591854
6180.475468993317
6267.65150990234
6270.807730639829
6282.5720625625145
6298.5479418432615
6319.699105806971
6336.70402673225
6384.285616043627
6413.837307549407
6419.253872536942
6499.435824443995
6590.295791544047
6637.290493482714
6645.759692569071
6667.3567729234965
6692.181544802323
6698.853332262083
6819.080476874717
6833.39635280024
7021.456199071756
7140.876976759857
7207.855353198772
7239.269667793289
7271.534494791286
7286.061576925676
7455.614798968091
7511.116324324193
7593.72655550334
7700.11906676143
7729.5723316476215
7816.975292677692
7855.801892458721
7856.160020442926
7887.149258313326
7940.390406219231
7995.261666890509
8006.0690229854945
8029.245709984486
8056.767604080683
8152.661144907139
8459.450358824617
8555.152791165574
8599.650139584168
8617.860660694985
8864.386262504757
8880.532052115663
8947.656085961746
8985.767773265552
9104.913691640084
9199.457428945607
9217.689976488438
9264.301911040837
9333.593713734941
9346.578161881573
9388.328705617407
9525.649467626816
9750.676005616771
9768.207531457187
9813.897335214277
9913.644099489342
9923.10400369752
9948.463575825037
10050.559584761992
10105.811445850919
10159.606077460776
10188.055412070174
10365.09994121764
10366.103538267715
10383.314750485706
10424.391833503152
10452.822486366238
10535.250896737183
10752.551807696032
10933.849160843602
11126.346911815417
11136.37653345808
11287.411265377008
11327.466851850173
11387.749999981253
11423.582896296046
11512.776038516848
11521.527056639232
11555.93201638315
11589.175379395618
11590.02967313925
11593.82564935709
11612.579845574557
11621.49714714356
11675.76198820994
11714.23458332905
11799.925116961516
11809.873109214866
11882.533516153646
11901.110564838635
11906.887661796403
11960.083383417628
12100.412249626368
12277.2620843599
12287.946739007133
12441.396993256652
12592.207752437529
12601.1920759547
12619.51010394943
12638.212545087694
12657.78089391552
12738.494734123107
12751.22328744423
12810.306894382722
12844.825547189148
12875.141329908532
12933.300529576236
12969.641913727168
13071.783860953687
13072.525675510384
13124.982626995525
13154.645606032029
13265.998260307915
13558.997926098695
13561.60117590159
13573.676618862548
13622.871634120826
13667.078798020064
13703.65120943182
13760.350221642588
13858.8387438844
13864.021018566165
13959.554145846483
14037.240635888133
14347.93249799611
14407.37667748929
14409.026316725485
14444.514017007945
14480.459236158955
14517.45668924201
14542.096842353805
14575.459182535402
14711.392057540626
14776.37550647678
14834.68573232108
14913.682319705624
14936.059297823555
14943.300706316408
15082.641737850032
15122.429901608517
15210.162152335175
15257.35025609158
15309.801830628583
15315.7202116605
15659.755982362482
15672.559204579906
15696.877798850624
15739.461868948316
15873.754344585435
15955.49878651022
16018.524172872698
16068.549840057814
16103.194794829264
16130.289331874503
16342.403227030856
16389.639943119462
16451.200525092623
16569.376946297078
16677.063879670673
16682.81032714508
16696.166902891935
16721.601325957894
16888.754747492723
16987.75104685696
17025.4586222347
17182.002525938475
17250.835074621056
17260.001991932844
17411.174373119262
17540.18909525671
17579.578913705438
17732.748893926102
17794.01146798413
17901.276529045692
18113.70019058576
18125.97818029514
18312.62119907271
18373.53915212345
18374.191337578945
18394.86835704425
18397.45668868699
18484.501043060667
19148.87810791102
19412.23107916514
20479.732246719872
20693.81960535218
20943.75253091747
21967.05289529697
22959.44625008358
23025.289423544535
23582.3054854522
24618.80414419769
25172.866589875917
26112.915647482216
27077.388938008615
29315.47817149659
30245.995941675228
31470.69402306466
31815.91970372683
31822.39667881481
31824.37281172918
31824.98327267493
31825.74143118543
31845.356873042343
31847.64968178968
31854.302293351502
31857.050710931686
31858.952844985346
31860.867479772398
31882.41284031827
31887.677882296673
31891.751972359656
31892.826119878322
31894.84954964692
31899.882325059694
31931.309760573047
31934.272428863067
31947.106865659734
31962.254543820596
31962.678808577126
31995.133750289253
31995.460054409134
31999.451917064758
32001.30923198025
32012.37326863092
32027.15896481263
32040.438163038376
32045.999304314257
32068.651348360447
32085.933477143764
32092.233911724084
32093.563625445324
32094.326023540663
32104.326855248855
32112.893931399594
32115.107807431777
32115.675752625557
32120.0890595924
32120.411651683025
32129.51669777982
32133.358806905602
32136.825331343887
32152.338477285877
32155.899055288293
32160.552127258758
32185.817638028075
32196.555028766536
32221.69303592821
32226.284576538987
32233.2182462226
32241.32009285971
32241.92217497515
32251.66051056225
32274.26662103214
32276.195371103484
32281.166180280212
32285.803671347614
32292.024620160835
32298.62566591613
32302.353758933103
32303.09735882899
32306.49821779808
32306.974957987095
32307.58833944846
32340.52690198597
32394.442362946167
32395.085207429755
32398.76097692706
32402.3985101956
32406.781909370708
32414.445773283027
32414.750539527267
32417.64368416781
32425.43046693955
32426.80683007417
32427.174151468556
32430.895587643136
32434.279290968865
32450.029708597132
32473.411384108957
32477.042005550695
32481.125104497794
32486.878860748115
32493.714573505986
32494.84993567178
32497.95351768719
32508.70087218881
32525.46125122425
32554.176850971493
32560.69068647042
32581.42965808168
32603.125675019393
32605.876385443375
32609.58336496356
32619.20644753073
32655.160576496117
32669.115733292678
32677.44796576491
32689.620084230817
32690.066409604216
32690.199329005478
32694.458688800358
32703.851096148555
32707.8302187153
32708.34865152061
32709.276308451757
32728.669411184586
32741.350381129523
32746.630725290037
32772.585375261624
32773.03389378873
32787.284677252625
32797.99397474071
32812.93218035708
32824.061814144625
32841.214186573285
32843.35221756878
32865.63134999894
32869.25368696424
32875.4045563289
32884.255159344066
32909.63818498704
32918.396500147435
32927.945987215455
32942.81810751676
32947.2058008585
32953.49728791527
32997.96020408588
33024.73104798075
33026.18435503169
33033.13375179178
33040.70546357264
33048.11357019502
33052.265936835305
33058.685440741276
33065.21743654144
33077.7598276574
33079.30349245061
33080.20906208036
33093.5744680596
33109.723881505975
33111.06925130083
33112.08711292048
33113.67580376352
33118.02868998596
33145.37401918734
33154.5427701207
33161.514879137954
33162.59981183038
33171.891238613796
33177.14100639512
33185.37470622621
33213.369823568006
33222.62072566364
33230.90552025684
33264.400623745394
33269.42496431967
33281.392583308596
33284.56413060019
33296.44331534078
33305.722649232695
33307.98689054826
33316.77323923544
33321.288088623536
33337.899227279624
33355.15161076504
33363.18440125886
33369.994363683305
33376.01422138403
33379.326628347
33386.999453022036
33422.115793692734
33441.68118327874
33443.74106700719
33444.12151138198
33472.842877400246
33487.63388065181
33488.71351037394
33494.836937184155
33512.502477115115
33527.87302633946
33532.541896205206
33618.13163761383
33645.428905725916
33656.11978888189
33656.605011859705
33659.8396104286
33750.968168715444
33756.300175935445
33801.15522802218
33810.513730145496
33830.16047493482
33840.77106286006
33880.91827722289
33914.037639347036
33915.72461111086
33933.8762946116
33974.115451969476
33977.685288812005
33981.60726851262
34047.93868912103
34146.31614767653
34150.5936217336
34173.165566883734
34216.157143992656
34254.036845013274
34303.06980422204
34303.502429905595
34320.62024145645
34325.37026205883
34341.501787832225
34377.05506018902
34379.75710905237
34386.48369747935
34399.030880838094
34444.19403989397
34456.95088560356
34463.142013223915
34491.11677439407
34504.695039700506
34518.31367177652
34523.40592831603
34538.30860479493
34546.17451716404
34555.26281677426
34586.01237086343
34586.677299133575
34591.106886745634
34645.15954554144
34731.02632812309
34732.02121345054
34744.04054590415
34762.55255141152
34779.0225897804
34833.452148047916
34859.51790580172
34895.4406438208
34895.91776893056
34941.97844627013
34958.90231441915
34963.58417646807
34974.16594601082
34998.75827694534
35004.19776526581
35030.840226157
35081.45900436236
35082.48389950683
35138.3471922649
35160.50206421563
35161.95201533633
35163.5403789564
35191.45752465737
35229.27090560941
35239.85188765827
35247.76498263907
35279.22548722082
35289.72650514894
35296.30202244175
35311.152510619744
35377.085135509085
35440.34509134563
35456.69671417657
35493.10611745938
35541.18882414036
35551.7387371075
35553.33754510358
35588.154182036196
35668.50494555563
35678.899794909215
35710.787152590136
35728.18324544608
35729.40977476513
35730.89777070871
35731.950837574215
35745.25572540779
35761.393935384425
35779.65215958292
35792.5025080857
35817.41493007105
35933.84673946548
35942.291871278074
36031.42062512614
36046.3853836666
36091.21546018446
36153.239272012535
36169.0749901679
36178.36763390945
36195.039699209294
36198.7657387709
36295.976590226266
36301.20351107644
36307.90669504115
36312.218604812515
36334.02346307001
36365.764179340935
36371.14075308604
36388.99421414908
36403.13892791189
36438.741949948766
36513.9519640467
36519.91484472383
36538.400334514256
36546.55153288975
36568.641413754
36629.86119661026
36673.08163661067
36679.87077639748
36682.70444534078
36684.0227662105
36687.96821555222
36702.21166426844
36734.28877232286
36738.258734619245
36789.654181938226
36803.944633314924
36842.206986424186
36861.47420928481
36913.507848524365
36913.658158292055
36926.631759214266
36943.828633419886
36948.75249344633
36957.12518575227
36984.73244151413
36994.4972445082
37080.76980193358
37456.9773162735
38986.89451624788
39341.18927971576
40051.58870736934
40335.5120771038
40900.13564950193
41969.74835603138
42217.59932439935
43505.211542878875
43976.87345043866
44100.84663750215
45988.220430692396
47402.81503237531
47797.66057419717
48182.81636761724
48207.675293667766
48225.317363845184
48241.39088355545
48331.31224461122
48360.347527168546
48852.55887866892
49088.68894723977
49183.73275514485
49221.62478325065
49382.51461426898
49424.93211393432
49547.378280980876
49581.38124946733
49618.795965629666
49720.22231896271
49778.07971716945
49799.733857070154
49926.71423007893
49930.63977425104
49932.18619895504
50279.55922848244
50301.22855830134
50585.54831216606
50752.577195200596
50783.29067437192
50796.14584445654
50845.212483117786
50891.37824899912
50920.783383782604
51243.41502798628
51300.23640360485
51317.994615740594
51439.0999780775
51717.157913339805
51746.160456683596
52221.25186301943
52267.878362295785
52297.75108947574
52341.77496217454
52350.95844353459
52553.80530504005
52582.13233484556
52666.585254687656
52797.804353611114
53084.76638053329
53556.55945176238
53685.3302974109
54224.733168592575
54924.858798757654
55275.833221216926
55567.23265904319
55688.18090581412
55825.47392572939
55980.21693003165
56096.09127717352
56700.010333130514
56864.4086183796
56890.75194724736
57105.460263404944
58434.109888853476
58733.72245287846
60090.48159621004
60094.93185895724
60774.31401180486
61187.436424084306
62214.46595918209
63221.926528448705
63435.72075361363
63446.82332061169
63546.384967743994
63707.4384892444
63739.68102366815
63740.98347964727
63791.62983971997
63827.15977527991
63938.99758463365
63951.60555687049
64045.38450327774
64045.87941268379
64075.47552671581
64113.35630425116
64140.45451219412
64236.34192841707
64253.886870850794
64354.96769796865
64404.93708131616
64435.36919366957
64544.11673804811
64574.64244134209
64665.11974091452
64680.48383853238
64887.42187020113
64896.0283336614
65201.76022748696
65249.53603471202
65280.71875064005
65329.74436574443
65546.84781218196
65596.87492305557
65712.59867436341
65866.2560007513
65877.67908082003
66056.44121116768
66127.29700095249
66187.91723635851
66222.59438462526
66428.09347736552
66457.64425348728
66523.78553806708
66565.45872948895
66839.31176162302
67026.37606948346
67178.59263708185
67300.08562322533
67507.78753726733
67519.50146853033
67529.42109844132
67606.67183519101
67614.71374765481
67645.03975310532
67794.53142971547
67861.29844734854
67971.59939643966
68039.6005756077
68049.92083386699
68061.37144761707
68293.20822887344
68297.09473842132
68409.42714435405
68466.1554960355
68669.79552606432
68824.52871558494
68877.7542037419
68983.84489773007
68997.85858118076
69028.61007213712
69084.18017665205
69099.44725730897
69224.80778443888
69226.78311229066
69252.10856613616
69264.13228933378
69271.57795575273
69446.97344107887
69468.37340539278
69792.1927278721
69859.918957546
69918.80702571826
69964.90746917922
70114.75569900498
70126.7987350003
70202.18321654559
70295.18210303552
70333.05284478946
70337.75262441837
70441.95484657525
70531.09889076019
70545.929446431
70651.4410758098
70671.90235578599
70811.04876558375
70846.03114207322
70851.53040435999
70919.60783307698
70989.76882463477
71254.2097968775
71548.45751820272
71617.26796505427
71619.41336100975
71646.87632306956
71726.50116483394
71848.90281380826
71921.60046894108
71946.30085959949
72005.37580175954
72085.71082437277
72153.23096270769
72158.94429253832
72181.3094094289
72237.84698664035
72483.08726965265
72495.65688525392
72640.05835261056
72655.8317176775
72662.81124162088
72790.44848612767
73085.49012855826
73545.68622235462
73570.85114363953
73684.38623109313
73890.41097406235
73935.17440277277
73959.01063876717
74529.17078849455
74749.74635351764
74837.97512889082
75265.51613554821
75404.43173855223
75509.11056487849
75738.47439065341
75811.53635699619
75875.34442987328
76179.6351378682
76197.69573996881
76378.22094869071
76429.58733163614
77141.72454512773
77150.75471805311
77504.53070904949
77953.64930157053
78316.78293324851
78633.66623016997
78669.93630690883
78774.99297826586
79240.98786990222
79433.11832236234
79640.73037590532
79794.79608107275
80487.72637456635
81128.79737605329
81173.36194555392
81218.15999005435
81336.30989125161
81511.58949408613
81717.31635673543
81902.93876468082
82045.32333580758
82197.30802917226
82255.74924547714
82283.49931693416
82527.84207060207
82602.05333557182
82775.15440533958
82889.12898668373
83080.30552367981
83157.8160017175
83383.05189050811
83618.04252064177
83757.26912718138
83973.50257030493
84223.33695684705
84594.08671092449
84642.63575621795
84681.62316342458
85040.70929938492
85335.47042262062
85363.81546016235
85365.11867115577
85408.06519668612
85414.32388401056
85580.46725954376
85645.94391556339
85910.9355144042
86308.24349177892
86327.47008629066
86339.64231920897
86410.06180148752
86499.09761322949
86638.72522301305
86819.2197489957
86843.84644184582
87440.29403387356
87444.11168744667
87637.86673923681
87785.11833295837
87797.9804356182
87897.76165946767
87997.57984199598
88185.72149324004
88255.94016181407
88320.79990120734
88391.1108157829
88412.25224276476
88439.02340287996
88492.11093244543
88634.08199567988
88825.42223368914
88830.83496498241
88837.2033901201
88868.39695429357
89018.31394398768
89187.95148188148
89203.88053846188
89227.88652491191
89228.83221570544
89236.7239142523
89302.92415492544
89306.70280320119
89321.79665519486
89341.1854802439
89352.58853436401
89407.01873640704
89452.89596574256
89496.36940459062
89567.46091443076
89599.04000086898
89626.28817170479
89654.93419923198
89686.8648952109
89718.35445034898
89769.0511928178
89832.03059000186
89876.87761145481
90211.35612840085
90212.30332194731
90243.59245560467
90245.51716681872
90333.75691402248
90360.11418328926
90480.20590543906
90509.7108152349
90545.62938740599
90559.42536865604
90697.76361585832
90738.81752004697
90834.96487131777
90837.56959976182
90992.96303036722
91133.68113712371
91235.75379811761
91262.67558965144
91307.67160843525
91333.27321000684
91350.32368556927
91523.99200595624
91543.71168431324
91607.67865639088
91688.98672898149
91750.6578626297
91755.55977762939
91865.36781563857
91934.70880301116
91966.58066713298
92143.46046408887
92171.91878369561
92179.55982906022
92276.42098873593
92361.81071295438
92485.83372172745
92556.22038578193
92578.53726153249
92632.47187158086
92707.65709124856
92820.41216486701
92840.59015829356
92892.3645527196
92899.04860270648
92932.78504224928
93039.30896090127
93056.08460787019
93131.88384984333
93149.68066793711
93157.77782998103
93227.26909229804
93242.99263530232
93322.63973832685
93413.76550913951
93417.76665349488
93441.09553428084
93463.27578407945
93465.39634621154
93481.7527082158
93505.53587622698
93701.99198228952
93762.22984997244
93791.19007191388
93991.92976200697
94098.44007547514
94123.93056272146
94158.76936660826
94221.91539247286
94311.02794500503
94344.87747867274
94442.34182726487
94473.08813817125
94527.51616542407
94548.66364896612
94569.46311230038
94607.38863588317
94755.06961988163
94817.59568118761
94973.23498128884
95039.35631160936
95045.91881374875
95047.77345425409
95076.89935658411
95094.2499429897
95127.04188349278
95182.91220406252
95316.10131410704
95425.39835728324
95489.63372389555
95529.99489191337
95591.0002946248
95699.74691621294
95748.562577493
95841.24060050148
95887.59841234495
96031.93806378002
96066.65137713873
96087.0150758372
96090.5545386669
96146.47567267531
96248.41369679941
96270.99418528343
96382.54983274038
96505.00996198785
96530.70179445624
96540.48670677627
96581.91099089367
96594.15185375612
96730.45281778605
96795.9987942183
96808.37670750538
96916.32452693778
96981.87361416662
96998.95196014577
97033.05738826857
97070.92258868183
97129.24570748833
97201.11144575282
97330.20008481009
97353.78404808423
97418.03103514474
97422.5583688274
97486.02667998445
97499.90823269724
97593.44805210092
97653.08726407883
97874.84768052642
97920.79904996009
98006.61983003523
98090.6865484586
98177.1811348294
98223.65011890163
98267.54893588691
98297.81955232755
98376.71734261552
98389.6902826421
98421.92985629743
98479.38958569469
98523.86479253715
98569.27968112665
98584.4011621005
98689.97967020173
98692.18386377789
98709.15541549945
98726.68394761265
98773.07838439247
98779.84893656975
98809.74207238524
98890.5733011003
98935.78424596081
98999.5298582315
99056.31385123506
99215.7778508507
99230.46125633578
99383.50581919395
99383.85450873425
99551.09211741241
99561.12955586126
99595.71786434573
99597.88570910059
99617.85088985486
99630.73034471022
99636.78969474908
99671.3939392829
99694.7989801119
99715.55446692898
99795.8070062737
99809.10617056226
99909.13947256026
99934.35602906343
100040.13835221832
100064.50372921466
100065.00302884045
100127.51162999033
100139.20330924945
100143.56876966251
100312.83739057694
100406.75088199847
100554.26335115971
100771.35938735364
100997.01771560703
101068.41860544642
101111.17454297259
101124.10756479565
101257.3608955491
101314.17527746902
101390.45088791543
101490.52309508152
101559.25369336105
101642.52700438137
101930.91701731556
101968.94883163452
101989.46332007137
102267.34033249997
102346.44945940532
102378.64214276767
102392.24476257144
102767.14377674209
103144.55854124889
103157.56510153986
103170.2723725439
103205.12318530158
103376.89165665956
103384.39443078541
103395.88249314672
103537.9497828742
103599.95658841041
103610.54865762724
103932.05284878946
104185.32639664915
104186.59016951748
104627.40529911201
104754.50772459804
104836.60064995344
104968.38803263672
107471.79020301026
108019.17564468444
108228.47532113723
108345.35554466762
108411.3405640285
108447.22502632524
108596.0296739992
108989.86088534036
109189.63206792486
110434.60337353841
112162.90593941159
113872.1311249409
114099.47262964124
115806.02258626664
116131.55515508214
116625.67294601507
118085.43214422601
118226.97254604253
118240.56494143716
118254.47959474521
118256.50946505684
118272.43098237776
118287.78374220977
118298.47270209467
118302.33537563332
118322.26637634265
118322.96154198125
118328.98664993765
118331.5277208587
118332.25262540027
118340.10787533267
118341.96361044206
118351.83906042695
118360.17818418116
118360.18993620541
118382.72477052623
118386.60044822918
118387.96498210433
118392.38530850266
118412.81953915824
118413.48925339617
118418.58265098251
118424.7146446246
118425.10445429035
118436.82989965986
118437.19320589364
118464.35334705892
118466.67886640163
118485.79409607188
118486.90912255418
118495.53195394353
118505.59861579025
118511.87191232266
118512.6045637257
118529.03810047112
118566.77766097133
118577.11173073585
118583.03677310623
118583.18692572834
118601.73134765634
118610.17159318058
118614.66981331169
118640.92959889364
118644.06664663862
118645.41621363194
118647.95196338011
118669.5056200339
118683.87102177425
118696.694340646
118702.75555440587
118712.46977971838
118715.01655329799
118728.80674133383
118735.44765453659
118737.58800109325
118740.55536323554
118743.65126647285
118749.31298665765
118762.37981393948
118763.42538300203
118765.27801860412
118820.41603468229
118827.34163910704
118828.18526633985
118836.35114498237
118844.06503919166
118851.21414286712
118868.26333090372
118890.02693055746
118896.91324438623
118907.83960568378
118917.84414175636
118927.92595462594
118943.9162564752
118947.87155645108
118950.32765170332
118962.23570826289
118980.34052677895
118982.14918502251
118982.21743095179
119003.09638762087
119010.55991408635
119017.32839205475
119023.53450075467
119029.08463781854
119031.30015463955
119036.27309128853
119050.63799269983
119065.92110544656
119090.16299780032
119142.27511034228
119148.30609343751
119154.04741624165
119163.3423260457
119165.56520966408
119170.77305073442
119171.24582593562
119182.10067033555
119182.67714026614
119183.78573397112
119184.69961877959
119193.5820459505
119202.72600015417
119211.3683202131
119221.9398109474
119225.58717306837
119230.88148250495
119239.79905391656
119256.86352071392
119264.11389099862
119270.34860376056
119291.57728231314
119301.60077449973
119312.83407805907
119326.3154788797
119329.54203690629
119357.71581644789
119361.4383483446
119372.72975090727
119397.42808044716
119398.0696072872
119419.47955125145
119423.5410760453
119441.20252739736
119463.79498744648
119470.80137675158
119501.1250031224
119505.7817324191
119511.4714748722
119530.71245254463
119553.69950702717
119555.17696752497
119555.46919540463
119566.66211777186
119572.05134658028
119580.07175776002
119592.79753707044
119603.90622656145
119606.98964111996
119607.5119836407
119608.48261672072
119609.38240505902
119610.53877210963
119612.06000552239
119613.67096300426
119622.17702344008
119624.41883109786
119650.85090520048
119654.3241877075
119675.64632308789
119675.78604397169
119677.85168989623
119687.45266291246
119707.1486784608
119733.61138445884
119748.32808673076
119776.168693769
119782.79369361221
119791.74819138931
119793.62153520936
119816.46877729913
119837.29581251102
119878.6285422237
119893.98613347067
119900.94204990214
119956.82606914756
119962.1416661415
119970.9526462727
120007.04903142177
120054.0436919462
120141.58039941255
120214.59073240019
120261.13027357592
120265.65804901897
120302.49372771429
120321.89749367454
120410.47077588718
120425.6846904073
120441.35896691834
120456.54720043659
120490.23766884246
120521.58671519803
120523.97554459632
120536.35074444779
120609.48239619829
120627.95461623823
120634.24479815163
120659.90693325177
120714.68933664425
120776.78147842379
120835.2078571215
120838.13530243779
120874.78404998283
120920.86210762992
120956.60485901473
120961.63998967598
120982.41079782
120991.058335663
121087.53680347643
121123.38838644294
121130.66515320257
121167.8824643093
121228.62252268154
121247.78341616773
121267.24861607235
121269.88502086664
121279.38028393032
121296.13939724045
121361.19051642274
121387.4870328407
121435.1636563938
121438.17410113417
121476.59369911047
121570.1492468316
121600.341285058
121626.87293029562
121793.46298821832
121809.11623061795
121881.59949577937
121911.45800676243
121957.40084055482
121972.4280566918
122002.23924530379
122029.61564637642
122032.51415371805
122038.7348698068
122062.16977469955
122072.95933671333
122141.11686191213
122194.4067609153
122194.71105155602
122262.23093761208
122269.06602698818
122270.09173062103
122283.94625560942
122326.77684721042
122365.89119257985
122380.5205417712
122396.32155636832
122402.13799633669
122414.10965317104
122422.75431765219
122426.57001817157
122502.04649692954
122594.20790316653
122596.53843352574
122659.8660467776
122674.20675460825
122758.12802036495
122783.67148916014
122797.60322603502
122797.6398214217
122813.63056342525
122832.98208738194
122847.30299187219
122851.64858224813
122852.76107582888
122932.49421797365
122974.74736479498
122992.85059836894
123046.18636417866
123054.23513388145
123061.75868406898
123065.29733956399
123066.53169719237
123086.41944208954
123098.66838282309
123103.0884202089
123108.01574129476
123114.60191898169
123149.05233661523
123152.25260982756
123169.55177304444
123175.94047127481
123198.49388944464
123222.77443036897
123256.84043279977
123262.66753531681
123287.45873169946
123338.40586158028
123363.45812085274
123483.924587466
123660.47359418735
124189.75531252817
126008.96276648689
126430.77510145627
126892.3666661195
127533.44537250734
127919.79180106935
129249.43727778623
129355.23354088521
129439.92551571014
129687.26702121377
130883.04503673677
130898.00721348463
132066.9239126793
132647.1632943553
133629.08243859783
133634.55531863714
133693.69678663881
134744.14847657186
134754.81786713644
134782.24983775296
134810.57933852563
134891.59300926578
135027.0701049058
135083.87137783773
135312.52267983707
135359.68946859112
135426.53994476335
135479.0232582733
135729.57995295126
135834.04487385167
136251.9778266263
136688.57424214046
137066.11400723225
137073.30369992956
137316.2824286776
137360.5888360754
137576.5614588476
137630.280352609
137647.10997915315
137664.41349515918
137722.6881738981
137762.32508147895
137813.5801282043
138000.05276115742
138020.53667680168
138073.46352604398
138222.8044257221
138372.41327870492
138431.79878574394
138936.7582062073
139326.17561789567
139574.02670486743
139731.82806410495
139815.058318481
139829.99122267618
140401.04035292304
141869.96273384133
142240.9624364723
142241.510746099
143059.9536736096
143551.74739509798
143867.23370458346
144949.77977012208
145172.31581926683
145544.01250446416
146008.22125812114
146193.5797509666
146324.8055921512
146491.89554429683
146753.87713833927
147055.4329993067
147340.54372100782
148068.8999189139
148289.5921227293
148748.40034900603
148845.65775635414
149791.7001466271
149963.99710050906
150015.49686951895
150123.04989605062
150169.49580429555
150296.09892494133
150449.74112746402
150505.76164868317
150892.71037433803
150920.1529706588
150923.38914767336
151141.37454243196
151234.7767158808
151334.65993948214
151385.9850241111
151420.31364719124
151426.85065876937
151755.52990598485
151789.76605987945
151804.339033119
151809.7921181937
151812.97482906154
151872.89690463044
152106.92207209906
152212.3001930679
152223.5723490233
152336.72028974333
152445.68350089673
152464.4405323868
152628.0899667759
152642.10518618528
152682.4692321299
152748.6023031414
152764.8702904657
152890.58526910865
152922.07921418417
153070.27920747938
153119.91942054217
153295.69225089074
153295.8866320265
153312.56890384568
153621.07134436443
153622.38288912806
153681.33400582513
153750.8812218627
153941.74248527986
153982.9287171382
154034.58064532644
154053.09137279063
154132.01247024207
154158.51072342144
154181.63572809816
154199.62925247496
154224.57984460302
154284.27310383227
154292.1161539243
154313.00459333172
154858.85160613788
155021.47606594343
155052.0554342816
155376.3720966776
155405.10893013817
155416.0438629856
155620.94460510864
155657.46137145834
155767.1095595404
156116.29538546642
156170.31183247225
156384.32839486035
156595.38010924135
156652.65716668734
156670.56961077906
156699.95302359172
156768.82359370537
156851.49904653057
156864.5107941777
156868.7138241686
156881.39756819283
156896.04294303147
157274.28959620092
157288.78196249425
157632.31446100248
157700.00133889052
157751.04056276777
157780.23422736744
157792.72832628377
157896.76448433584
158138.76376124565
158251.04719212584
158338.48446438974
158354.43737784453
158383.87093040693
158453.24079411785
158628.4346413516
158734.8342556029
158746.53422187216
158878.16268515176
159140.12873470713
159213.43816007546
159214.2243276894
159282.78569614777
159356.0739008166
159359.7310304984
159751.41690029012
159855.95242666017
159870.9276497724
160019.3205957683
160027.45831390828
160404.67274220678
160791.26067459607
161079.33104674565
161285.74775663344
161292.0603002577
161434.99793732617
161470.34690477862
161884.60509877978
162108.9985414301
162577.72811465594
162920.39184209227
163484.5466772374
163550.72591020504
163622.74886013134
163720.50217279507
164117.69943784096
164441.46207200745
164811.46170713892
164953.48911844383
165095.24579714797
165111.86870402942
165146.5150457475
165387.49885421916
165491.03452270682
165670.53280617984
165875.71819982486
165890.33135968476
166174.16988862102
167179.7817616553
167223.20207510708
167455.7463463627
167705.658356932
168055.94256287537
168111.025397283
168145.8705929774
168193.4485738202
168247.86621707928
168552.5180331108
168572.64834397662
168794.43799498247
168968.13445970137
169010.47306320735
169093.38189710438
169389.7778879804
169858.7946044915
169991.4432424123
170474.08164342467
170492.66573215325
170651.0367978324
170717.3146512456
171106.20123463904
171220.8998531665
171325.88610716868
171380.98914608356
171383.20398384088
171445.09879531304
171504.69958215638
171772.5577576437
171909.53471794882
172001.92601790023
172244.48709238967
172354.934144589
172458.0211895996
172600.18036876488
172676.0803542799
172777.20936976053
173264.12705335405
173298.0506756438
173489.3065380953
173744.74219552128
173866.59753356996
173898.25405478987
174349.16203009375
174479.73989834063
174623.03655642676
174705.8946326371
174729.18320508758
174729.26534269936
174737.4700658809
174792.1804926679
174864.9341923623
174885.29339843788
174942.28296914138
174974.37803505702
175161.06931477468
175178.18575754305
175221.2022484256
175236.4566566784
175264.380138789
175287.6520321356
175346.62755516908
175447.34674432292
175638.18376163347
175644.12464562978
175789.1508084947
175823.21481964886
175834.01309431842
175911.49577818648
175937.7931160081
175983.8702938131
176007.2869123136
176063.511207056
176064.6913716336
176091.29511323007
176147.04576975948
176148.12770822708
176224.23964808503
176226.85546117742
176296.07116728756
176306.24159052604
176412.90614949752
176587.76215943124
176597.89547873213
176717.42033857317
176880.27322255328
177086.62555003847
177156.05453253316
177165.34413768357
177311.51740380007
177337.1015893624
177389.5782191308
177436.7329271941
177506.83876102327
177769.82083398517
177943.44796413864
177961.52619038036
178035.46803173498
178052.9357817792
178244.6757502925
178291.8627089808
178302.9376511947
178307.534504292
178311.1392318237
178570.96922776473
178841.64524445846
178855.54676665837
178867.1524119086
178885.08820587554
178923.92761995457
179012.09877087866
179035.7197006831
179074.07675707655
179097.1813434912
179243.8548034404
179254.10271959266
179343.0307621117
179370.59882625812
179387.2525711406
179440.16899986388
179479.4053178451
179660.76208082645
179669.07426644873
179715.26247377804
179749.0375097984
179762.95192663575
179813.97074586846
179816.2732618213
179844.05100438875
179935.9543192269
179954.83603318274
179957.1933872545
179960.01645052072
180007.12356771916
180054.4377196726
180261.85180608043
180325.86212425423
180410.7999117121
180436.45305767984
180573.53180035207
180615.89762681464
180673.58651573857
180710.34358255082
180757.53262232535
180818.93141154543
180942.29474335766
180971.53527504465
181011.89756590253
181086.75488102905
181261.01202894974
181307.01283298843
181314.46721183645
181348.6352396574
181420.66774117807
181457.4285231772
181474.00592237822
181499.55032596673
181605.66326714712
181658.6232628228
181752.1396740278
181763.32043515556
181789.3569649052
181884.98195210684
181886.58602422677
181958.16857587983
182055.21990802806
182107.62100308866
182142.02363867653
182155.32501797946
182204.23597016095
182207.34487360733
182269.76242752935
182317.72835378433
182369.75492325283
182388.3333161116
182393.35508645995
182431.03211741694
182501.1496742598
182523.21550264186
182551.67741234985
182623.61153162445
182706.04117525855
182719.4559139411
182872.73756195535
182930.40141496973
182930.7693807592
182940.76344177953
182946.0378930776
183083.1546811448
183101.85082071152
183128.71946707947
183146.4577552113
183151.20080097517
183427.9080587326
183519.5614218666
183562.8249967497
183816.3552222285
183870.1170993882
183891.80323961444
183914.06276425716
183961.77302749432
184046.39605286432
184084.47581803714
184156.54166487447
184169.59687558986
184209.04588802386
184262.5446416685
184521.8127578215
184545.0563235042
184664.87090682783
184673.00755905855
184677.47634549535
184800.7713095911
184832.30300186234
185012.9678148245
185034.643579115
185050.62385189734
185166.79684852783
185241.39365974747
185364.57270843894
185538.9658398857
185649.92295823575
185693.73546170956
185883.45516293365
185936.66527052142
185955.0658000859
185958.63353649946
185980.99256898585
186012.3831376157
186013.80156095675
186078.94014649297
186205.9804107171
186274.08055884403
186349.76042108456
186373.68925783076
186410.2397100582
186545.70212121177
186750.29056813422
186862.76680450462
186894.4736533657
186919.90372258174
186921.2144021277
186943.03319766404
187046.19761966623
187052.52929417897
187153.5668974778
187154.05753349286
187295.4928873056
187325.90519706358
187335.47615925252
187378.35162513374
187417.49480204086
187469.86703764973
187519.1920958897
187730.6098016783
187742.74942395027
187759.46939810237
187784.9292842852
187896.18559253242
187916.97550074087
187990.33776817462
188100.3850544874
188175.9360296936
188195.96758611684
188234.82486900565
188421.45313829163
188426.51376947292
188567.22733997955
188914.0293335142
189003.9126528907
189130.22310126363
189158.41351319218
189237.34949125044
189284.31485206995
189332.67794676675
189424.67249997228
189526.44190547266
189561.5358747846
189610.52058664095
189628.743761441
189889.04942212813
189997.3717901239
190050.24011864845
190110.3524286811
190545.94191655397
190630.5421000076
190741.32849613414
190868.55482513033
190870.677312397
190909.8106750338
190991.93624547837
191080.52214358543
191136.32462040763
191194.4676399997
192186.96176429535
194300.56586856043
194716.41807599203
194814.8600281318
195664.75595648057
196317.3702372546
197105.3881253019
197907.0431516902
199008.91842269158
200249.8925284654
200817.121128441
201184.3769270945
201391.49833793993
201953.52588663815
202743.82464776002
202754.9516781628
202863.71564033674
203881.7465810748
204377.74181813683
204618.9954209513
204621.20413687138
204628.93214834871
204632.16260524836
204651.43500716472
204651.5673306596
204661.03941511924
204673.02949138914
204676.36308269575
204681.92404694247
204682.75822544086
204692.8538129661
204699.26335037273
204700.49260983308
204710.04894719037
204717.19798102652
204721.69362352617
204732.3324817565
204735.94293539957
204739.12915915358
204745.93148977627
204750.30996004454
204781.6565823971
204787.37822072327
204799.15420984113
204834.71974806805
204838.71826425355
204839.49478685277
204848.61361265363
204848.96133652155
204883.47178535516
204884.8705101299
204889.73599705557
204890.6728048076
204901.29806557862
204906.70534573492
204908.35233129602
204932.55593230503
204952.59712851778
204964.21364282677
204980.29781213438
204980.56262210917
204990.30337989025
205006.63781099103
205017.63881055795
205023.92930649643
205032.50301361253
205035.1485490722
205063.70934122193
205067.44909029995
205091.73628243766
205100.65296035807
205121.52970498352
205124.82984160268
205148.44720539197
205150.57062745062
205161.06499156082
205163.09134297512
205178.5761865428
205190.18430177454
205194.85202697787
205198.5666175221
205211.28657286713
205219.97415451246
205226.78929472607
205239.38889257653
205246.6845626394
205251.57555246475
205255.03935805857
205267.92987527355
205269.24092377463
205271.28428262714
205271.50653334433
205292.05209641485
205303.15092332134
205306.17443012117
205314.83334144135
205323.34250846514
205357.81696988197
205363.47827717243
205367.85995046914
205370.81088494882
205372.38605646376
205398.70360973335
205399.77538341616
205414.5967894032
205447.02335316956
205483.5881233314
205491.4878079015
205492.03618455853
205496.85997991898
205537.57363936564
205547.2491612033
205547.758800622
205549.79970439355
205568.31084035963
205581.67672409723
205593.5605012732
205597.78048201752
205600.0907989735
205602.87550953872
205618.03714591963
205633.3668473312
205639.89131748534
205649.08507785288
205657.25534500476
205657.36446674936
205660.27497080405
205679.1652962985
205682.39849096845
205728.91697109083
205740.25440877408
205752.60922078596
205755.7569486939
205757.0303542585
205757.55011946528
205762.22672779753
205762.24522378616
205788.2080568971
205797.29194737875
205815.6332509105
205818.5709336136
205825.13264624914
205855.566849204
205865.5428749974
205869.6878059776
205870.65801350347
205875.30271865032
205887.94075340612
205890.2897728915
205891.52270350757
205905.72771783275
205933.87128147896
205935.6137849138
205953.74610158784
205980.45114303497
205986.35226363566
205990.42486535246
205994.6686825442
205999.14410427364
206002.03456280497
206010.06761846313
206014.63590969157
206015.31962361088
206016.62757021468
206025.84909860796
206044.39382888345
206052.1656999481
206069.4600066191
206085.22127842414
206088.72596049256
206103.87728404262
206110.5515375376
206117.2770286431
206121.41336620948
206123.49816829545
206136.1990418262
206138.399481338
206139.21656024363
206161.8729521631
206162.6653959666
206167.2297749475
206174.45486787657
206226.98744982708
206275.43833386863
206343.1710197672
206431.03536005964
206491.51817185196
206536.0305974342
206574.53026999705
206596.6432590733
206661.39230376377
206733.412045251
206735.9698055732
206775.67241224746
206797.093758462
206799.51813635076
206810.09329075046
206826.32366569556
206842.7372094741
206855.03947880463
206882.0464074628
206886.00459608476
206915.50508539646
207003.9864496414
207008.15585361654
207092.29978478243
207106.28286884562
207144.33047675568
207173.3770499494
207175.04535442733
207189.09911472874
207191.46982033795
207212.74577016523
207243.1833481748
207282.4653681813
207283.52439799736
207308.58137787366
207331.67179480597
207370.98820816237
207386.4668679134
207405.48094536303
207408.68781461878
207428.53077700996
207429.88016601442
207452.3494788812
207464.64701907785
207466.46830849865
207560.39104742627
207581.60708151467
207602.72420509777
207625.45548783534
207649.11787502113
207660.55529958132
207683.35981379548
207713.5893563861
207715.71584394062
207759.47393895563
207771.09998607446
207772.1043619426
207843.64224585236
207890.89236441342
207962.30898437503
207986.01574199097
207986.120517932
207987.18713407483
208065.0985332026
208074.10143221248
208085.6526494368
208097.67715444515
208106.61421243165
208120.50148753272
208165.50789346933
208213.05821978993
208262.31234509713
208290.50053289102
208325.68628166156
208327.42559223372
208359.71175249876
208364.830902855
208373.50467102477
208400.98628638015
208405.60475980237
208450.12099580484
208529.21517860948
208546.2026593739
208580.02415014978
208587.51323797664
208644.3335247778
208660.78260426037
208672.5075500047
208717.6334088319
208726.39522866855
208730.92105339962
208749.93347447066
208809.59762513955
208846.05528735052
208891.83529664142
208897.26752673855
208919.79057638472
208948.2813206304
208959.91136858272
209000.87087234872
209037.36007639955
209091.44278940238
209122.1503631529
209137.3858200219
209141.225097253
209154.65169239836
209213.03623724933
209282.1284751865
209364.54157579623
209410.35084361126
209426.40622005062
209489.22744706122
209494.51490717893
209532.85062157374
209544.13233554427
209567.64168681076
209569.66226313167
209581.65547770445
209644.86483028717
209649.86669965676
209688.98715377535
209703.05424507178
209785.79865252957
209944.0172997705
210082.20491026583
210106.30432521316
211692.9200798536
212342.3146409882
212451.72706898427
212525.21872587592
212923.66313202176
213017.29521639124
213695.3931400336
213976.6042802314
215825.8863129535
216491.3457083939
216886.0967716092
217335.54368673195
219616.62425835367
219711.55212708018
219936.57722642197
220193.80999565072
221059.7127073828
221332.12617130074
221347.8287133081
221516.87936057814
221763.29904997113
221808.33923475165
221879.55027795114
221979.31451045867
222029.73523493283
222124.4590416652
222440.56717718818
222715.41515386413
222731.68052765226
222816.79405160702
222889.4525735908
223002.44510084487
223116.00944434208
223450.87152570597
223679.98430540066
223824.80620087084
223828.2014332154
224018.43334534016
224170.91937097316
224572.72240387212
224723.01601573074
224764.19244929607
224905.38099946213
225049.9262776212
225243.3086347935
225257.17504877015
225939.51395970432
226586.97337787098
227237.83248870925
227244.94280079554
227438.29294370726
227745.75330017126
227984.89747276384
228350.45526698083
228387.91162558686
228425.79230294636
228576.24793115922
229358.52684539888
230573.11578074883
231357.26537755516
231436.75638966914
231595.38773093765
231706.35975327043
231768.39818975903
231937.87258539064
233024.55361733236
233441.4341808599
233726.40839773294
234118.525657531
234182.51816932822
234487.53885528055
234555.04138197092
235474.77144080348
235638.20244870923
235766.29217052128
236565.44062950654
236804.37804015545
236969.59262365632
237329.29169576103
237379.4418831562
237419.82656105317
237456.04157652147
237608.19533131196
237616.45664879988
237617.44377545497
237706.30130764394
237884.08768417817
237954.30218599882
238056.04534347524
238121.57001059863
238231.9189286949
238242.14760326082
238344.7632707024
238359.32302990044
238374.5633589607
238612.4264081071
238685.48214613058
238825.56308970583
238877.59782254405
238909.620149508
238924.61315992379
238980.450184184
239029.29950475827
239063.2820213695
239160.13590555167
239596.9569353436
239792.4428385222
239904.99537884825
239919.0897195668
239976.97525901144
240069.5817258052
240499.67714378238
240531.84724000143
240533.94347336615
240550.27817533695
240704.10086516474
240749.3741389137
240768.95234904508
240828.54130514697
240998.482021322
241024.7559622808
241336.85957479925
241548.68866770313
241595.63248835906
241602.91183038952
241847.97359510284
241855.712488584
241940.67799747986
242027.52254071645
242187.89456805767
242205.48197734784
242219.57234715196
242296.34093285777
242500.06160089566
242626.1980337269
242669.82992896056
242736.22140990023
242809.154289171
242945.0415980009
243027.5802619707
243031.48272608765
243065.07698872156
243097.1435686692
243227.73754718743
243297.07041754108
243310.20782839585
243385.0534931954
243413.0151585808
243794.79170252476
243840.07171903315
243899.75169386636
243916.87711820952
244016.2263032309
244291.26667963908
244580.40150831622
244696.24273549247
244698.880982975
244829.1713324697
244927.50331342523
245144.3140808404
245163.10672325522
245314.09528453124
245473.74927069526
245767.42974824153
245789.7058198951
246046.36085555656
246457.65265042515
246883.78086966823
247029.44222721952
247845.39689210075
247898.9412049229
248111.67396621656
248282.23121651338
248303.68377621594
248325.20037667913
248344.83999523235
248758.84697307192
249097.07544886635
249335.66375263222
249485.53652270307
249612.56837488624
249734.01608781816
249857.91840039927
249904.4726337095
250165.81365927178
250429.4012895935
250434.53691938025
250724.91336055883
250726.3967779582
250738.08644545317
250850.99231333277
250992.78757729428
251296.86609026926
251361.8555983905
251481.12244630192
251736.6285860906
251965.45936191975
252126.73936277948
252159.22135871672
252552.60785298364
252636.04803226393
252636.18338384817
252699.18054190913
253545.79906793498
253566.5208441007
254061.53608966275
254171.47710223967
254502.93633413315
254521.34691683974
254633.92916768158
254725.33819335158
254897.18935387937
254942.18096823065
255131.29797003232
255229.81458346636
255252.71852770657
255517.60644865688
255615.37509551615
255752.091609278
255991.92511898634
256292.98715640648
256382.00311270973
256425.7032099435
256430.43968545424
256599.2104650428
256635.33403944713
256745.4533796943
257024.94922387367
257093.10530984093
257946.85685331555
257977.0975739478
258221.17745332478
258353.32768916525
258377.33184854133
258746.85421667775
258983.11982892884
