530.3858968267255
1987.850653501886
3771.4374101387143
3825.473018874068
4318.340964196674
4599.759762264709
5287.291057572988
7138.513305394188
8060.939228014493
8069.168969808764
10230.946058452
10978.700104234642
11184.324472514729
11885.94605259419
12422.972026011286
13228.565963661955
14148.277626165398
14227.943855951376
14597.223048822612
16611.748932676608
17290.726005696746
17337.694456458
17915.42675681519
19207.961300547253
19514.14204623324
19559.859182371365
19769.313177788976
19807.687585374566
19840.91698055216
19849.64416789624
19883.680500643128
19891.59339223099
20084.236457203577
20103.693133194043
20352.982425569684
20400.2321794724
20602.4055566143
20687.732125784398
20879.95597095504
21131.0840264129
21151.004249291116
21284.747860702166
21307.07318949126
21535.377581127745
21652.466030972304
21750.140789467736
21802.76328937703
21804.411996815998
21823.507517318612
21829.024610940538
21861.876659154892
21899.179020130847
21977.12127695327
21987.449834311188
22041.013824154896
22114.399496244307
22362.534673444854
22586.752585879658
22624.831876616616
22805.276135436372
22888.80741149377
22995.327142586983
23083.318845882448
23117.494150710263
23148.38663812767
23234.66000334809
23253.727030563914
23279.585428377497
23305.082636833537
23311.336962671456
23373.30101217553
23454.188393286608
23564.142459263185
23656.818503667044
23660.141196593362
23720.20387387084
23925.546469577635
23988.611168529776
24005.14318390162
24075.350560333947
24172.515237543168
24229.167009948815
24273.04625961445
24323.345077992246
24378.595931397645
24501.135236705086
24542.193802075242
24619.01970424268
24857.78239563497
25263.42505086374
25411.15739845028
25456.79643617891
25844.814288612957
25871.73450448306
25935.08522023798
26140.878068054604
26144.775599657463
26154.55386503387
26485.33845079688
26517.761256962905
26551.932405916024
26600.0702325889
26853.557151803696
27266.676915029166
27276.796771890546
27345.323848061133
27442.174790979916
27671.26549359874
27693.881774534948
27771.631668710088
27921.32186878598
27927.13805316555
28003.26672063671
28432.8670964462
28438.981568747855
28530.757666379777
29209.93229033342
29340.46737067632
29648.16836005872
29777.41719772603
30331.412978563076
30451.76195446149
30515.40529922686
30578.43686974129
31022.74893969026
31027.43383689809
31027.807293944028
31097.538210611918
31108.017999151503
31152.425343415536
31300.860279553068
31638.3517716056
31707.712014097546
32221.020182987024
32434.962442640506
32469.360609297804
33027.243063962895
33113.39660286153
33196.21366842591
33212.17595464869
33231.96055216157
33328.99321777001
33693.95016855293
33772.66540834576
33863.353680834174
34149.22940142076
34200.26939836645
34224.84619091623
34359.020751380616
34402.44984019086
34486.576585747745
34516.21270359109
34576.95465391732
34587.67082000583
34778.127713832655
34945.846006447275
35069.12213088975
35085.59132018877
35188.31370879015
35299.36069189588
35305.323000519275
35442.32270017716
35562.316869700924
35675.45976753442
35715.67324874325
35854.25375111757
35944.94401607276
35963.79023378928
36276.47573136635
36347.07438205961
36369.80903482559
36473.909487807316
36507.28229442293
36725.5812228442
36763.87421987039
37688.90355204376
38073.54659412274
38140.56187615454
38312.04410015765
38441.51538430946
38474.10365881487
38532.42326884354
38656.01541338366
38931.118302162475
39053.53742513101
39222.93604852293
39249.96628501428
39342.51033511334
39524.077852724375
39911.04323322073
40004.33121282933
40057.95616404276
40247.880077941576
40411.91346251661
40462.83935707405
40469.58676469052
40675.604264368616
40756.021927920396
40893.29211685524
41013.70255566489
41056.12748453487
41103.71292939956
41198.15341872299
41297.94580378865
41429.51313394345
41586.888189547615
41626.88480500888
41666.32221585387
41758.40386652798
41824.28247379561
42012.09454494067
42056.537649186845
42109.58473694263
42174.49779232233
42341.73496000547
42399.13350055325
42464.64978247405
42477.70652472525
43008.085202017275
43030.34051110307
43089.02011800629
43114.248249174896
43125.0217463448
43281.57153156628
43612.238236934696
43693.06935507652
43697.821144597394
43917.78123934104
44088.35178859528
44091.02789893182
44168.44572580927
44333.97309890255
44355.730789720976
44373.531507557236
44475.82872212952
44515.3872126035
44539.50967212971
44612.0429748076
44619.52653235845
44695.187161940674
44750.09373155919
44807.56314864171
44894.06424228286
44907.25383775587
44945.85859069886
45044.2806239159
45116.47585600622
45169.605547870946
45280.28316884192
45303.02781228506
45326.975190370795
45520.23193679769
45603.06215698968
45877.14745679329
45884.70258407534
46018.95869705601
46064.67696519225
46130.362616064514
46153.90727253696
46243.77254901534
46373.542451568544
46458.33914795789
46575.63643275135
46584.14904939213
46604.88695686068
46663.43282339438
46687.89128050269
46691.080166283195
47028.538846215044
47081.294565165605
47153.32333954067
47163.737590058925
47261.53032208175
47393.62731405891
47418.23125203801
47445.02085453217
47445.02406198659
47566.54275107112
47761.088383753195
47828.46683820063
47830.22208399054
48066.82543095596
48125.861990097466
48278.811255033535
48322.97921388534
48378.38231093544
48422.91838430337
48436.52311722909
48661.50091386478
48684.355063822055
48800.02818681974
48894.544628163756
48973.96170270291
49014.59625905498
49065.84149058778
49280.82980284284
49281.370410607225
49403.274981162554
49497.85540435081
49699.54807592685
49827.676717092196
50008.95953111279
50101.278222419125
50230.16138844176
50334.122860172516
50394.91309631197
50453.96897686079
50518.39177317674
50697.27399526961
50785.808972929575
50791.55553779164
50903.081073788504
50938.10850227568
51004.76029106222
51034.94197545726
51137.517080647354
51197.779833185334
51217.247787592125
51225.93229286894
51313.97548311883
51369.204981145434
51505.26378628462
51692.77454536277
51738.01526732575
51982.75810068933
51986.1373963632
51995.02428573755
52077.10670649968
52190.230860890464
52260.89227387973
52520.098810576754
52659.300649332436
52821.46308652852
52920.939042609956
53129.1205759166
53196.2716854514
53236.99966275397
53300.77942771189
53391.971468023046
53453.02959217513
53478.05059750041
53518.47125444469
53856.70900946878
54614.91177775824
55113.279623559014
55878.475507314026
56102.47759137737
57464.5183529248
60417.083348254084
60677.95580342969
61573.116275343586
62732.277149896
62781.441167415345
63570.75105532831
65660.17753763049
65772.05965013406
66366.13522671619
67026.52172559653
67026.68452812915
67029.34447310049
67035.49228993617
67035.62924364436
67036.00456162023
67055.43842500237
67065.99772226454
67070.74450554767
67085.49987508898
67089.6192812508
67093.66587708409
67095.85922363446
67100.84780549927
67103.60835289203
67104.43210660854
67122.28551261961
67124.30573462712
67126.32168976241
67135.99292833435
67143.06312809236
67151.2052899598
67153.27380489242
67154.905299606
67156.82292940131
67156.84716051667
67157.27690038113
67160.69987142303
67165.97581304512
67167.1793364856
67173.68987436162
67189.73894875699
67191.53696764098
67193.29334777413
67200.7690533776
67202.41984282847
67207.45820696758
67207.7117454479
67211.097351601
67218.62365450918
67223.96684848514
67228.12867959013
67235.05796389825
67252.3562810476
67256.16548249607
67259.089301832
67259.26182164725
67272.19911270154
67309.07089646501
67311.28662714067
67333.3434506231
67334.27721083368
67340.53906543631
67361.28471608984
67362.78004040453
67397.26938833669
67402.07706939105
67402.24318963783
67409.43937097819
67415.71016134828
67416.55754643255
67418.29211430598
67419.42194270284
67427.38213219869
67428.75624346307
67433.51672707025
67443.4838672725
67447.33683972679
67452.98141780295
67456.62622482963
67460.32807805938
67478.65978080161
67483.58868615258
67490.30013077776
67496.83577106732
67497.49956191696
67506.7841987303
67507.33276839176
67507.37347108181
67507.698551435
67508.91850952532
67509.87956663375
67531.10200381206
67538.46946985064
67541.70716630947
67560.50521229026
67564.83162049593
67565.57854058502
67566.99439413102
67592.44441383622
67592.8240654395
67595.72016949326
67596.08880315597
67606.4053444554
67608.05593157184
67608.7970869509
67621.09256349069
67622.2899284003
67630.95991252695
67633.07038583844
67651.20961841362
67663.97214625457
67666.81831391287
67674.44460543792
67675.40890402047
67679.83949587357
67680.51188526303
67695.04508439914
67711.0587687759
67726.70675060138
67752.61468053886
67757.26772573768
67757.4109994895
67757.96613303789
67761.00880247087
67779.67719273418
67789.93160763782
67790.09363780772
67797.5160204061
67800.90887676808
67805.97644345774
67820.37537281294
67821.20671120842
67830.79818409006
67836.0251546306
67841.63712989967
67847.74308823574
67850.75074244483
67852.33485104873
67854.30718829336
67860.92638586884
67862.70903759154
67866.25511584447
67877.05483670556
67890.20986912493
67902.21432802011
67910.01133341754
67925.65617067294
67926.25019878845
67932.86125280503
67933.45942624586
67942.14659981805
67944.08900405226
67955.63111042397
67989.38834540118
67995.46844022542
67999.31248109642
68003.5188926384
68007.4503151221
68009.99926072324
68023.15704880565
68024.34441975383
68033.38244183667
68046.25018898539
68056.70181711952
68069.2980471551
68082.20708424448
68093.38532769997
68107.73628293896
68114.98349246527
68118.4393585054
68123.99981447625
68129.27808450823
68137.38286035162
68141.31831948417
68142.34482399745
68148.97693700131
68159.34331931223
68172.70981616146
68173.69184323729
68176.5396963054
68183.68627390495
68209.29275479614
68209.59882600527
68220.21902444979
68228.89388861092
68265.80824112901
68271.3192886976
68280.98604268213
68287.88103921448
68329.89826112914
68335.00142375927
68336.98001272071
68337.54374256582
68338.38494756009
68348.79725277891
68352.22253295226
68353.0696990057
68355.13336578608
68355.38169894935
68373.00212789433
68376.99965297317
68387.50611090564
68389.50447538827
68389.50636110824
68415.05309513058
68426.92589205263
68432.69541120582
68440.40956383744
68442.32778402054
68452.66751049753
68453.7588607961
68454.03032558909
68460.91220863727
68484.97528577891
68488.14331741778
68496.99702800238
68515.22422043676
68516.57869477708
68518.06106484307
68534.00620694282
68540.57453655891
68551.49921203793
68553.11302608106
68555.78200855825
68571.59448158162
68576.10742277105
68579.43877372473
68594.93436494448
68603.7482387602
68604.32303978702
68605.5881034842
68611.07955966095
68626.28636613445
68627.35550211585
68634.50174563714
68666.94604088068
68672.46772338836
68678.26964421348
68678.82546654558
68679.77433320074
68680.18813350199
68690.8019559519
68696.52361990254
68715.19924725665
68720.79724248593
68731.90530062866
68734.1419964663
68742.31801782684
68748.44382545464
68750.95098995374
68757.81014549451
68763.75273815182
68765.44005820663
68765.77627179267
68767.4076889373
68767.55048607703
68768.5253288485
68778.8247116966
68795.08224371116
68800.37354922754
68800.73527187732
68801.87307233483
68802.53269737127
68812.11658211936
68812.84030578076
68842.02571773813
68846.15914545262
68857.7586320192
68860.44973102685
68863.54276397922
68865.98473608623
68867.84374814555
68870.47103618055
68896.55217260777
68933.94685446793
68936.98169470049
68939.98707357992
68940.43497905687
69063.61490088276
69099.3964795887
69142.52506980386
69154.65005680625
69184.23118105676
69194.87075452914
69220.31145437098
69269.78814150726
69277.37532324885
69302.7851794634
69346.18390846801
69346.58144291388
69380.84716427239
69402.59813090888
69405.99370334233
69420.35137462906
69420.64047619181
69443.35949339734
69514.60736249428
69521.3169461031
69539.83032752093
69556.76959370633
69656.19710759826
69659.64799935189
69676.3059472482
69699.66377752961
69787.7869673065
69788.0739012071
69794.97596408216
69814.2603500249
69895.83966504192
69922.83041203003
69943.75828783678
70150.02603326556
70161.71828160378
70170.7302091221
70195.78619394916
70236.94978770794
70244.29523733965
70289.302793075
70342.82506223515
70355.85499456376
70374.51764323594
70383.1898053872
70396.39407395704
70415.81705832212
70439.34164821934
70469.06933957001
70525.89287318899
70568.62519273037
70687.47789537579
70692.1857590056
70711.85163767716
70728.7988807354
70812.07691510028
70813.9700891245
70851.4952294584
70885.52161148978
70938.66844400649
71079.62094647686
71202.39233824662
71314.74337151537
71460.41343775918
71461.32529115895
71582.14951295874
71769.44313440609
72116.34139629587
72147.19962068832
72720.85710121268
72770.81317182553
72812.28410438723
72825.1714231077
72976.97465704952
73314.6819363705
73413.64295160775
73680.40880793225
73690.90308978043
73782.16713493424
74088.04650971002
74215.11125778282
74265.0146666617
74280.99725356625
74402.36034872055
74447.08922593459
74948.48890096492
75003.57154247197
75316.78845188736
75408.83656093161
75464.2359391427
75529.17061449535
75533.09419890959
75533.9047262755
75555.0706814997
75579.88620157416
75580.19444812671
75629.32789714016
75669.25048527271
75721.46365467887
75762.82445520729
75768.59741523374
75775.8464668409
75814.65299479736
75869.68552186224
75876.30176786211
75920.05387058658
75931.49799880195
75934.79146562963
75944.1236609491
76028.811654724
76040.12782372755
76091.03206209691
76100.15547907152
76102.0497760304
76128.42031331793
76135.8813506277
76183.43077969065
76200.9348720058
76225.71134690529
76271.48821046697
76302.61560591678
76306.1445667951
76325.67044830411
76374.60171976274
76397.40081731556
76399.91423365995
76409.95765871805
76416.14525175889
76449.59777377642
76489.23237148656
76495.88474278484
76498.33335260171
76525.06318230496
76548.45816928853
76548.5795726508
76592.05622389814
76668.36871486131
76728.63406965123
76737.80748600475
76745.72732933053
76753.49983293307
76754.65759042944
76782.46743339031
76836.01623415381
76841.98884852913
76850.36595111332
76889.08239031727
76892.8627051804
76913.90335406887
76918.24201439583
76940.06617477526
77017.38124247247
77020.94875208105
77024.61034207922
77042.48609725879
77237.16397239409
77263.26144963333
77267.22265700295
77281.08826261149
77301.82428551032
77307.9131581613
77314.03132084744
77386.60246492442
77402.86866872362
77411.68241956837
77439.3821954722
77457.25674188847
77457.77135541843
77503.52836979153
77504.78726328649
77531.53663829571
77826.34626640349
78154.03505999444
79038.07961369964
79272.27424577437
79574.7681869638
79589.63322317135
79694.83848606535
79719.96852365552
79980.70645167885
80372.1775555274
80396.09112634705
80414.2898569324
80493.88671306593
80611.22665284548
80687.31895613148
80704.86308077964
81236.15547316056
81472.03476561382
81592.91110789558
81642.5422631979
82114.43538478589
83296.69573873507
83345.10724226812
83657.14851410453
84017.97886385978
84300.81752542219
84393.72785921177
84673.08742004374
84769.41043839489
84988.07318267705
85010.2631869361
85088.71477667186
85151.9370962309
85420.09070627454
85531.83881836393
85838.64092584378
86237.08459628148
87506.23830989022
87838.36986035992
88727.43145817208
89329.2441836938
92370.33669492873
93000.72581436583
93005.13814989098
93325.12202154448
93672.83759546444
94657.56197767373
95604.17451285919
96441.466341664
96565.31762986087
96849.35606602742
96884.68977117665
98108.02116417744
98424.61819243776
100785.25357734798
101546.66688837351
104098.28485121392
105131.29789214426
105416.33572152993
105416.44108125704
105959.17520003948
106001.89320252388
106019.89105505112
106064.27358160063
106260.32503808204
106444.50738673375
106543.38536779079
106623.59086413909
106634.23234783893
106729.59221926096
106743.83473599999
106776.49469062328
106823.02325232733
106996.94308526648
107015.24708137283
107048.10305666932
107266.48514577727
107347.71427570969
107519.20358412158
107539.66085322271
107561.34711092956
107733.62477915097
107939.2808559651
107972.38302896426
107987.97669891333
108060.24745962612
108129.38814407823
108240.83147956758
108258.74489424191
108393.62945367726
108416.62375841607
108433.152955366
108450.20507061649
108644.82779802021
108712.9108626988
108751.08099605147
108783.60599746583
108844.83731459263
108878.19086985315
109028.54440536062
109262.28561721029
109459.32281221566
109488.980646427
109545.66135992127
109688.9429769572
109765.03945546466
109927.44744766661
110039.40477576846
110121.12517383434
110133.95936401041
110546.94357091497
110678.81638673377
110685.60107412974
110747.7370894324
110849.50326775803
110874.94292228413
111038.0328837804
111116.52416851802
111275.98622696023
111408.9971630413
111434.26269601185
111551.92093528828
111599.13937582873
111603.12769311506
111663.67424435935
111949.11851237324
112016.15218916742
112022.59611651557
112112.5293897737
112167.8716670942
112322.0423647831
112644.65323939963
112655.53414281871
112678.53016667532
112715.60490363745
112730.01718081394
113082.74687360426
113118.87591249924
113183.85044828543
113251.69203279255
113327.83564995867
113464.76909927937
114156.14362224967
114244.77924090334
114408.97826459237
114469.9683856214
114523.54649519482
114632.97949125702
114747.42320469765
114752.54226999644
114926.70798530543
115000.16479829028
115294.2949140911
115327.93974180719
115391.76483121462
115790.00648827192
116398.78093923583
116409.40066359792
116518.9479299739
116626.722878299
117304.6743693312
117443.48470362967
117447.12332770946
117615.16358021478
117906.8142415522
117985.75706306296
118112.14453991939
118144.61471332533
118345.2831250637
118664.27763368844
118752.76055881598
119061.8047337913
119073.80982740727
119083.42834901565
119161.04627329313
119233.16067153023
119318.16937291637
119434.03117605345
119498.91095432418
119526.90164847457
119583.3430170496
119914.95842667008
119925.3531374454
119934.47493886863
119953.89531052351
120492.01651683256
121307.69668366743
121460.70638818797
121695.03909449038
121834.78866092685
122010.92326214927
122349.26054738564
122911.3340633751
123457.89782178843
123489.48391895907
123630.72575345695
123921.0888770667
123957.00882088198
124601.37871074988
124635.06042867835
124971.40227806593
125211.96939924039
125376.21911591903
125433.46982736909
125558.82588814979
125608.94220647734
125609.82777792614
125888.00771001508
126134.88647436968
126740.17021812353
126928.68028420885
126961.36362783756
127056.31397668654
127084.63814498401
127104.6183946587
127286.76132943346
127295.23683131493
127324.6799922093
127507.17275911427
127548.74094022973
127782.91721609925
127869.86814449658
127902.2335618514
128022.9785509327
128099.3189181829
128120.75746571302
128123.08017893528
128340.69875736967
128458.19434516193
128486.5849138888
128502.20461503568
128618.72549159921
128622.33189326122
128718.97904729286
128767.84244167272
128853.47661002737
129015.32703382589
129156.05874734397
129166.74522474786
129217.79235360917
129245.08230694564
129284.19455828932
129340.23543761208
129401.04586838225
129531.61057815887
129553.180494958
129606.60104311616
129653.03309820329
129692.66590714973
129708.46183557448
129708.84607146948
129739.12902343264
129785.82986615409
130057.26350918743
130185.36057819625
130288.40217772874
130310.80299930666
130328.34542800314
130331.10036072158
130337.18021250656
130410.81660983447
130463.05454175554
130560.43787118557
130606.53649950503
130746.00956141058
130956.45169213411
131055.02384862614
131073.03104573156
131110.6759045131
131360.5756172139
131363.86483848272
131386.6665545184
131392.29497399696
131398.9498605621
131422.19193650194
131544.02450170353
131570.51559824875
131582.41154352002
131656.37679080246
131783.33249105015
131852.53225848638
131909.6592446771
131936.33947904164
132338.21372455446
132360.47511118834
132636.00035644724
132761.264643181
132810.05611217013
132864.55412184546
132880.6994812458
133011.6579660128
133179.457770209
133180.21516038515
133182.22158840363
133232.69864628138
133336.72221168844
133465.33592305268
133468.78183534008
133552.46239203404
133680.1007067346
133717.85878104533
133773.84321749743
133905.84140189004
134040.9407840418
134127.1303859593
134127.86885693012
134165.35393374797
134281.9810409714
134340.03769374604
134425.71080449806
134445.78638915997
134448.4889075334
134475.52827174024
134504.75924554543
134534.87953356488
134611.30536134966
134621.96854571145
134873.43874293636
134927.72949494954
134976.87224566046
135043.65059182985
135056.89686879312
135226.96673353235
135436.17567579527
135743.7602138094
135763.26795379614
135857.84089370476
135873.25703803764
135963.12560158633
136026.92970312832
136224.68359808135
136244.9796288266
136369.78015647465
136427.56434124894
136447.74866276924
136530.38470546762
136658.99256612454
136752.63957079794
136868.9978174248
136946.98399571763
137008.12992246443
137253.1869700906
137254.72636857812
137299.1470494419
137379.0612233866
137405.95895406252
137619.00810806523
137627.05978952002
137659.19349087792
137705.15006792912
137719.74224221613
137776.20958503312
137866.26362751942
137931.63941687415
137966.20714395423
137971.48078744084
137973.3623838552
137995.55487232993
138005.64771854167
138114.94579962434
138204.49969966838
138307.69233091493
138379.2429069488
138487.9099856699
138550.9796552672
138567.4061744261
138756.46359615636
138791.34093991172
139036.6901760254
139280.19156706808
139296.89410968986
139305.36791459483
139337.88237016505
139450.97430970875
139655.29309435535
139686.51583285184
139767.82172627412
139799.09400228006
139960.6722332674
141795.3841380365
142021.98333869135
142538.56790660165
143004.5896279086
143945.98405222662
146173.9019071017
146245.01139990083
146485.33406075876
146526.3869686495
147533.92212115892
147536.94016314665
149595.3029510828
150599.1211300387
150706.03350862412
152029.07677066105
153426.92899253563
153433.25300304117
153439.16311928455
153439.27972493693
153446.6083861424
153451.9941908666
153453.61335199175
153468.99551131518
153473.6162825242
153478.2316173903
153480.70109929657
153484.4378547941
153491.0255185852
153499.10305297282
153504.58653706528
153510.9493788458
153511.5966798123
153517.91175908994
153521.40791224624
153532.21014971906
153535.9948770982
153540.4666324802
153543.8121781117
153557.30665355045
153565.82032203523
153567.89475512848
153575.7449482116
153579.6299118035
153580.38191150842
153583.31852263308
153584.3346383404
153589.5923567451
153612.21783902624
153622.26403404513
153628.91271728202
153649.90644666363
153655.53197712597
153661.3266663074
153679.74553169188
153684.30973926254
153684.5993146962
153692.73285015236
153702.10200762044
153706.77768723192
153706.95716502928
153709.3179004265
153716.86357781244
153733.6000441563
153743.28756146698
153746.8509667381
153747.84785448114
153752.31096830236
153758.05409793204
153762.0017086619
153762.9232730429
153764.36061159873
153768.3729557239
153769.78564707682
153771.30305484234
153775.67707393135
153776.960376258
153781.37102101382
153784.50990645908
153789.81145302264
153795.93463966364
153803.08406186325
153818.29005289843
153822.7440386778
153829.7399681306
153836.4557094792
153841.0309457513
153844.26205935632
153847.22767871822
153848.52400542033
153855.83042330632
153857.87461984792
153864.24496838538
153864.48405708408
153873.46613361547
153877.487717725
153887.6260533292
153894.32080552704
153897.2365407285
153901.21774473996
153912.6238251772
153921.18203321338
153931.8936713726
153938.9743923647
153966.66196188008
153977.2056419693
153989.25472535865
154006.81393500455
154028.29805253644
154048.66866638375
154058.3011401015
154061.05073522887
154061.73666828865
154075.22502427374
154079.71737429837
154093.5508633559
154097.08770212045
154104.12625379371
154105.71103596536
154120.0450103253
154132.0484688452
154134.67016928003
154157.36586760072
154174.35561029467
154189.09514004723
154214.23442157917
154215.89009128377
154222.48212060193
154224.9731254278
154225.02701306174
154227.4623784104
154239.17491704668
154251.72846457356
154276.7800833509
154284.16156881285
154302.07063176282
154307.00406115077
154334.63041587707
154339.94935687457
154339.96243682015
154347.21215210884
154365.56157076338
154380.42371144978
154402.6640825139
154407.5407824354
154414.80950336772
154415.4864935678
154436.35958114057
154453.36592286697
154471.59124240663
154477.92950465632
154481.2855814198
154486.85315746086
154491.13849713322
154499.07571104396
154504.47111004614
154507.66686342613
154514.0396604591
154518.66796265088
154524.87379823817
154530.68274026446
154552.61599641602
154558.05617474852
154573.94672253745
154586.35146953256
154587.74890904076
154588.57027360663
154594.05624043988
154602.02275478447
154602.7401154972
154621.6271930081
154631.42962471736
154638.18358852365
154644.20366978864
154667.33743172372
154667.89677924226
154673.7142994994
154689.68659677502
154697.33273961523
154703.95911366673
154704.5766644611
154705.79000560287
154706.73514729433
154710.1711362822
154711.20779384463
154717.77750345384
154719.12486992337
154719.41263060883
154731.35094288533
154732.65234752515
154732.8522038558
154734.02674823534
154739.5320101693
154739.8383955654
154746.4160342642
154760.97943534772
154780.49815118522
154782.23697392727
154802.74255605857
154802.8078699094
154805.5051829997
154813.95886497555
154815.15424629074
154821.49856120223
154825.61443580448
154826.82170937775
154830.91926907195
154834.555328094
154842.91359343275
154857.8801643632
154871.50007033313
154878.8079949359
154879.44667378176
154887.23080287117
154893.31368277915
154905.34084055125
154909.62664451206
154916.7477517558
154917.19796872023
154924.2582104965
154934.8538919773
154937.48335838923
154955.3047388816
154955.96344445494
154976.87156979524
154979.1007955119
154979.86025191506
154990.59800348364
154997.5125557282
154998.34891791345
155000.69486050674
155007.39526261413
155021.33088643942
155032.30156339184
155036.78908660624
155038.51037536236
155038.5795304574
155042.1200990192
155050.24857484456
155051.92494887783
155060.37457412668
155061.62031946122
155063.52783056232
155068.22834972927
155069.24947065715
155071.47179215052
155076.51895225124
155083.0107720105
155083.8166110046
155099.0177346047
155101.32840278515
155105.13234356075
155113.0810000231
155116.4538671084
155123.77976350219
155124.91654026124
155133.8301526652
155138.75865555045
155140.01286210143
155155.70733236324
155156.37980259757
155156.77513025556
155172.79760139628
155194.7254804349
155217.39518424176
155220.10363592207
155220.95148114875
155222.02363120427
155228.98898114153
155233.77440388303
155243.56975541054
155247.2858900433
155250.01266577706
155254.33675945882
155256.72902756394
155260.9941989395
155264.01947786816
155265.36644970835
155272.92478625488
155282.64978878162
155372.28392727376
155377.83447693556
155401.23525893787
155402.10806496267
155453.1373158369
155486.82694883805
155487.09021934262
155487.74590503695
155495.11637282124
155495.4664637993
155549.10065987922
155590.47944561538
155594.356980783
155627.45580894913
155651.96195051988
155652.2060952253
155726.78023493534
155734.13647641565
155774.69563062882
155871.30429658925
156019.25614149641
156048.50133567123
156051.501472303
156078.7168500192
156093.18635897612
156229.2476110128
156235.7717671672
156248.51186717273
156343.14983545948
156355.43483958783
156387.71579733252
156408.27211758622
156497.5407696975
156519.00257198868
156539.91751280567
156540.0080367712
156590.3054210396
156616.959493502
156656.2875612324
156658.70121960714
156677.39451213204
156698.68237379898
156714.5405085769
156732.55716137702
156740.14170583073
156818.7434814144
156828.94890231377
156831.33291249792
156863.10135207037
156906.84153356001
156942.47271870938
156950.1306428475
156952.54906544404
157053.43940288245
157092.5674287447
157094.69311890597
157099.72956435673
157102.34338932985
157120.16192527045
157147.97699014965
157170.81687119062
157245.7568255206
157268.36844397255
157302.30756120762
157316.3958120261
157488.33296710163
157901.68633318684
157918.1920478835
157934.38395759324
157983.1391573591
158040.7745592597
158218.2727569449
158232.28209527847
158266.30890216032
158381.16242757917
158514.2065831062
158822.58942475647
158942.50107170118
158979.9143945319
159121.9808719044
159251.20700232705
159359.73729467773
159458.38351115165
159552.82221399818
159703.1540113492
159800.75759339903
160355.4079070713
160420.91542315166
160650.06541422528
160657.01206236624
160762.95356800716
160890.96920462998
160976.07956300175
161517.14532772926
161715.37087228196
161885.2692066074
161917.9965421536
161921.02897235402
161959.39458291602
161982.01659662687
162003.31304547156
162016.55422697763
162036.63211059634
162045.02663135825
162070.95380078824
162073.10162369075
162090.6205327224
162096.7489180644
162097.38323341036
162105.4451264395
162105.4947168879
162134.55950149632
162157.96798417333
162195.63774555354
162251.5531113462
162291.7718646531
162308.4487509355
162385.47857332486
162463.80344572477
162467.62881343975
162469.12717150827
162498.03112137457
162516.27442495234
162530.40272429044
162577.52480385624
162582.62135077204
162604.20321731432
162623.94744020893
162642.78773381686
162657.38973755832
162706.58183778106
162712.22357174166
162718.78860136383
162728.7640907509
162757.34569718057
162787.16316688078
162877.07441179611
162881.3830404005
162897.8412511252
162998.61587972625
163016.6641826423
163143.4901858305
163162.05953686373
163165.6235763302
163176.62401777186
163183.64884352652
163217.52547735977
163239.9414332143
163241.52684221347
163251.91308987577
163290.6429855562
163322.34446626244
163347.8095819803
163400.1769658421
163421.63190539216
163427.83949767187
163442.0935653638
163444.30973337748
163472.66423000983
163575.87560924672
163610.55726943322
163612.4544055961
163641.55133970984
163642.31605167763
163663.17839742798
163702.3230305508
163768.33450252085
163775.6582801054
163829.75121585716
163863.59632426256
163901.25360386478
163907.34117523953
164195.26218188726
164271.83527138334
164289.95492917422
164364.21797938555
164368.7734744937
164684.32813978352
164716.09977136893
164757.26303450475
165238.0502779464
165581.08391661773
165829.41284925322
165954.20319607493
166160.94273164787
166228.35813000466
166312.94863195723
166366.94562505741
166756.1554192985
167164.21365568606
167206.571902717
167590.44447717935
167678.98182840837
167969.12889490923
168068.7165459675
168473.54580714134
168492.28184539673
168936.4263737821
169262.9415197461
169400.65978568688
169466.50901237736
169530.54896632017
169963.77440809069
170817.19917096305
170968.03179363156
170985.31783494272
170992.183292459
171111.05574315088
171144.28905001102
171177.20942219783
171200.94148569036
171275.7152782993
171318.08478390772
171322.42060716235
171572.46788997954
171637.1228610985
172278.1013859898
172280.53615763076
172696.65270038944
172908.6998918999
173267.59398900444
173617.47700844548
173623.66881417428
175119.1372326772
175123.65184876
175235.85557398183
176621.11689776825
177313.21581944483
178836.25871199928
179213.54102503127
180001.91599735987
180194.80307230487
180359.6565281447
180845.9266438059
182029.72561966747
182319.35331837556
182348.76398404007
183668.4893758675
184116.503165848
185477.71064766572
185951.58971553
186227.94553988578
186604.70261259988
186910.88460297894
187796.97978677857
188701.6746211807
189983.5105676909
190178.21014596196
191099.91867893585
191456.18356887123
191824.06767282358
192282.04173344717
192292.06103118122
192359.664886182
192370.93951237304
192522.05248500398
192748.15429547406
192756.03610206788
192949.24503083545
193000.58111350896
193416.7276403922
193427.8312255895
193459.6046737288
193491.82431071528
193607.71475194776
193757.49322064104
193914.76524301994
194229.92577152106
194235.07090790593
194241.15442880223
194296.95954186923
194387.91843531266
194403.85316941186
194440.86367043256
194588.03600867017
194593.17686509792
194596.93189552633
194708.00076483245
194869.05707721025
194887.92255755464
195114.06437431584
195266.84736419862
195291.343433847
195316.9938200603
195324.49717489342
195508.32232593035
195551.29031945497
195714.2483443719
195743.28414419128
195776.35454222996
195882.01266020504
196066.69552060417
196107.1240593614
196123.83154450663
196216.91765153588
196398.04203167293
196434.34001384437
196506.04007875707
196559.89052558082
196638.53559088137
196734.64377220906
196783.66801336533
196815.0897670487
196821.1662827933
196857.5716889959
197220.8292414993
197271.66196144276
197306.1145777295
197429.83307192093
197482.090617581
197498.97654125048
197560.3984831525
197562.49540745263
197973.00912133895
198077.06309903483
198092.55270433097
198097.90226673166
198136.03568500743
198232.5951044928
198325.84548979643
198580.51112578326
198666.29466496265
198698.9300729614
198726.55261208522
198932.48791778673
198938.34429537135
199163.87073055512
199228.09896228038
199479.10619608633
199523.9514474566
199785.4711112627
199874.60469399454
199933.73981706396
200183.82669264503
200323.10940823032
200410.6973290001
200509.04741394846
200550.68937160325
200571.7241160763
200686.50710122695
200692.51131091962
200971.64064524652
201783.3251440705
201849.05280946736
202077.53090359722
202365.8953917142
202379.9500967705
202499.43624101987
202523.9798644221
202809.80954218202
202945.43430533702
203047.35176423774
203084.6879585668
203615.32301961086
203777.46750983997
203960.85760040605
204493.10094990462
204684.1817742731
205352.78978433495
205565.97276422213
206513.12438914517
206812.3548348869
206917.9580880461
206927.44107602997
206938.70738908328
206961.60489274253
206995.2659981615
207425.56431603117
207525.54126828624
207577.38536728141
207657.31841629648
207856.49937306033
207938.36801091372
208404.0628879115
208408.69084705948
208527.35363315934
208617.19266236425
208720.5851515542
208798.1403763005
208823.91623660404
208834.41939941226
208860.75952046772
208874.45947043985
208935.56988477946
209178.8389435117
209216.27499636763
209235.6385489437
209253.81399745925
209312.57057661435
209454.6706593454
209463.26381257025
209490.1835660809
209556.6114286259
209775.65754208804
209788.38821558177
209790.5021853801
210165.21783961245
210179.22522259498
210481.39841270534
210508.1003921352
210811.015158048
211078.77053081838
211154.19657086034
211168.94594363772
211451.50220398768
211543.30728354334
212166.3546789678
212190.69449020713
212548.3493112283
213193.17635693445
213328.41653137075
213520.00623322895
213546.3293375493
213649.62240489962
213958.09251307364
214109.05880140373
214127.91503768926
214318.29189448254
214335.4910211623
214397.41027600336
214398.90363234145
214469.6814354093
214483.98487210087
214513.60211814762
214676.62803643075
214728.48324591608
214854.0756307513
215091.29106044667
215104.7775885954
215106.89212447952
215161.76100860978
215228.2957338563
215271.32714331796
215363.41505640955
215363.67543195834
215392.80935073495
215485.2979415705
215504.0916234388
215556.35821481573
215576.54022182262
215660.29869087163
215741.4784369146
215743.7161015712
215821.2439888757
215864.49282697056
215922.1337430682
215922.58386755228
215942.71666569242
216003.2755046049
216040.71749935436
216049.97354984534
216112.41676673823
216222.62856012912
216276.18625853618
216334.76736498805
216543.2677443523
216910.94338162715
217040.24316918058
217069.31248334015
217157.69726484639
217158.7602718145
217513.0035151085
217535.91301741824
217545.2249118129
217631.16203417978
217660.68863528498
217735.66937385435
217838.35438640794
217933.3446363727
218000.56777259542
218010.6844062219
218055.49824456032
218062.69729852135
218065.78243273785
218097.43924395723
218189.9675135326
218415.52174375227
218490.48748448695
218508.5077733098
218563.2054634309
218567.22345125285
218614.56358921772
218671.16401637314
218715.8817489934
218770.09195924233
219069.14933003992
219105.38727178937
219195.0846468996
219203.31689298202
219214.3882587095
219599.41239068526
219722.39756965305
219828.31068336734
219851.11175109097
219954.25859906213
219990.4854625118
220347.82364156365
220410.4531604422
220468.452503278
220544.43597699748
220647.59101531652
220653.41796388087
220669.65008170088
220733.5652223703
220817.94742413235
220847.98499725538
220911.44553360625
221018.17296193118
221031.6698028339
221034.23966620356
221355.64146366972
221564.62318288488
221576.09366831314
221606.85007547349
221709.03081656847
221913.42901769897
222028.18555997516
222221.59588926687
222286.32166228304
222363.77268648078
222493.99495818847
222566.21786047585
222712.40706620185
222755.95132243406
222819.80955810734
222882.6367828265
222984.45981742034
223147.15707826643
223367.21914834203
223394.84048192587
223466.3285135682
223472.86628318502
223501.72886196245
223516.43036629632
223529.8895096433
223550.24722653505
223604.39908206672
223821.06586133078
223840.84036660157
223857.75962335485
223938.92361111747
224057.44984755837
224133.12054086896
224165.9141397427
224235.56192555674
224364.13197881798
224480.2310095132
224511.33416614227
224610.50042047387
224617.13825378468
224627.63136849104
224628.6707646455
224665.37353545698
224901.93302814197
225083.45626084175
225087.19762952477
225092.08497090265
225176.8011177218
225224.47872198
225288.54754065984
225389.19749005226
225748.0077274274
225830.22633825694
225842.94324863114
225909.90251243755
225937.98509219766
225965.5672572236
225968.97237733117
225975.86777578498
226175.32464075813
226246.76963950356
226309.15499676584
226347.85499633622
226475.01362449845
226556.35960904724
226593.90712768293
226598.17882417125
226606.154761041
226711.89870043172
226799.69961524097
226867.0232688898
227499.1654676258
229638.06721172488
229772.98397025088
231962.42608446808
232122.71102193938
232144.10605662214
235687.43058381858
236773.68832709413
238315.83717155992
239195.58777305324
239847.86482164834
239850.59316896618
239852.74257160389
239853.13681924922
239859.62859610192
239859.95655864873
239872.16931693724
239872.6872456781
239877.78175132925
239878.16833523643
239924.55656300433
239924.66042717735
239935.72679568594
239957.6448931065
239959.89618415048
239968.72067445354
239974.66740988442
239978.1701779386
239978.97253935336
239983.52582569415
239984.1710924789
239986.0270596486
239996.2490137663
239999.0240387351
240000.3576198793
240007.3322053781
240010.76029285876
240031.2985940199
240052.8908782073
240054.55401921656
240060.8881865443
240063.13438816805
240073.49271633034
240088.32238081616
240098.01801886136
240113.86873457956
240123.7737133312
240125.04267357837
240129.2987918498
240133.2624813941
240139.28697114898
240142.76558614385
240166.60753937144
240176.27081847057
240179.12828391185
240180.86836598368
240195.17879992735
240202.7336379229
240207.0745402129
240207.94725511436
240210.87729778272
240225.2027740879
240231.1696747675
240231.95388298912
240239.74302417715
240261.17460530967
240263.6187741926
240271.7118401737
240277.117680374
240278.37578739342
240293.3487315745
240303.57250690364
240313.37783977832
240320.2867355735
240320.9000880268
240341.66354075834
240343.23358505784
240354.76488108662
240355.9587657142
240361.38095019275
240362.47996865408
240376.0777249618
240377.24195262042
240392.58990983354
240404.4661207042
240408.76567404944
240415.43222481586
240418.8349843566
240420.15673697725
240423.19378734427
240426.0582059519
240444.75486526926
240464.92416643497
240465.6123157873
240484.07275366553
240494.17264312902
240501.86834089854
240507.1877918762
240517.3130290255
240521.96901161285
240535.10206940048
240536.85160963103
240545.44704023626
240550.2088263622
240556.7149206349
240571.20200551112
240579.70635197795
240583.90280537173
240584.04461312504
240586.63245274138
240600.544075673
240608.50914602203
240610.83852175227
240611.26983325026
240614.22536638373
240626.99050379702
240644.14002760683
240648.00360933781
240657.89350083895
240669.1621739276
240679.52782086987
240693.91572497966
240713.65546951522
240718.63315320015
240719.92621538512
240729.68648483066
240729.9854606958
240738.4413637333
240747.44375738362
240749.947864277
240754.5483701981
240757.50288896257
240759.9317566594
240766.50114342629
240775.88714845967
240778.4627068654
240778.8278112191
240782.1917977545
240785.01524296112
240805.98322824796
240813.72010630814
240818.14592074038
240822.34271314627
240829.59767925506
240830.97172554402
240831.72673592792
240857.27976224685
240864.5862031043
240865.14046673622
240870.03457275062
240878.05572168855
240884.26804645182
240890.121198167
240902.03395263338
240922.73491220846
240934.5740186993
240935.06191663368
240937.69549756593
240938.41836556274
240941.74542545527
240948.3759296835
240951.83895776217
240959.0775858609
240961.32175798263
240969.77897788273
240978.7636910329
240979.58948569547
240988.43937541213
240991.0575727569
240997.30222244555
241000.91893478396
241003.1255116003
241007.82393040438
241008.6289073284
241011.92537851725
241014.2141599174
241018.97679388296
241024.30251463823
241027.89639616545
241032.40393884765
241043.20146244575
241048.63713592343
241053.8760613025
241055.86216677772
241058.11268725866
241059.67581617966
241076.22789621266
241076.6484605734
241080.876319843
241102.7003880968
241103.85945379594
241107.63000461145
241109.59716118366
241114.84024914828
241124.57181553484
241148.117734869
241161.37796279104
241166.6324114633
241167.15515021628
241169.17619662225
241179.3827366897
241185.44399607065
241186.1496120965
241203.66770867648
241207.70392633684
241218.29608104622
241218.96328813827
241219.02146777717
241220.40481864204
241232.11269488564
241236.91352081427
241243.46625466165
241245.58298004273
241273.78152932896
241275.31404510944
241278.65091332444
241314.02981588093
241319.84764610793
241329.7390020621
241333.52529306023
241333.89509873925
241335.15372679217
241341.97965309554
241343.20195620452
241343.76528881965
241345.7230945378
241351.57965827276
241372.22096783223
241378.62170292507
241382.10622484644
241383.08105118637
241397.22986796006
241398.00871071353
241404.76485705643
241417.09300182798
241420.24054138665
241428.37331078268
241432.7004968255
241442.28401638858
241445.56612812704
241445.71979038094
241445.73516901012
241447.7692297729
241468.11566874693
241475.3891178188
241476.66282190252
241481.0947578295
241508.26570741896
241514.79090372322
241527.6896546868
241529.9935470786
241553.74196330953
241554.59978854322
241562.4376920606
241562.986442578
241571.2522852925
241580.7785908315
241598.11440498976
241612.5478097223
241619.23807076883
241621.31413939843
241622.5470533106
241626.28622132255
241628.35914206965
241632.12093350495
241644.4133916708
241650.91408777612
241659.04805109388
241708.09506347607
241736.05091718107
241774.76826592395
241798.5748659696
241802.95931139466
241857.9159946907
241868.07570773247
241872.8713663234
241885.15018169384
241908.29099369468
241992.86025544564
242001.75697596263
242036.88009455544
242054.43041463423
242091.03118257227
242112.07084872812
242257.08647175354
242265.0067363882
242291.9180396871
242326.5884817692
242393.4928617563
242400.4034856321
242402.28057083517
242466.36815848696
242498.62223809515
242514.84152206054
242514.8688517156
242530.08912678392
242604.51836499694
242641.96400982558
242668.92502593686
242752.23754867556
242879.03045588604
242889.32905673794
242898.2558750679
242927.18620425352
242931.49584338436
242937.99667204433
242945.82482167965
243028.34012388595
243031.0790000959
243070.47121284308
243088.0510775763
243116.8237924258
243198.77214143967
243199.94702252682
243224.32436222554
243318.50370951855
243369.20648132073
243427.42524561737
243440.62884964573
243445.16983709994
243453.809174999
243480.06278208893
243499.40404864898
243518.85366510536
243603.90331953682
243635.3132452609
243663.95369407104
243696.59784395836
243730.73542397874
243810.85555829544
243837.26232376014
243936.56281555886
243939.2663038147
244479.4173426322
244608.07920535112
244852.8820728407
244855.82574913124
245151.87129949647
245208.12585993938
245592.99643728303
246172.12065425643
246422.68019193562
246437.66952119005
246513.6944725967
246747.0745663489
246905.81420135338
246962.7679145065
247030.22457110183
247047.94188817072
247072.70842421253
247309.22095865296
247493.53727699418
247557.3177421696
247670.44652880152
247952.72165676218
248143.00036279642
248205.68893127312
248218.59924190474
248400.99273971363
248426.14896371233
248526.96019685647
248568.35894589208
248579.28289209076
248591.85768158647
248627.94431784243
248651.05731056666
248666.56131243636
248679.8122201016
248683.14954514097
248725.2554700969
248748.2222497398
248762.322603314
248814.88361519098
248817.750789215
248858.04450682297
248863.88945949907
248958.30198710127
248979.6938551427
249038.78244961076
249039.93337848134
249060.54006686062
249060.62825079326
249100.359250434
249106.55898987252
249124.35016375768
249125.73540381703
249143.40431526458
249161.85191954486
249201.78904073033
249214.61450117192
249261.707187818
249333.80516109685
249365.0883790027
249428.28046080063
249476.67109394315
249492.85786297746
249533.9931090852
249555.24622377867
249584.34450033947
249588.22242704645
249607.56951861444
249622.3936042749
249631.75658974476
249672.29376763286
249710.26823043128
249721.88627609506
249742.10197511618
249745.3139937223
249751.59931806574
249784.0132241098
249794.21841996437
249917.2547759214
249935.37106836538
249957.1965028816
249968.46609349264
250008.84075055487
250011.63120515028
250011.99585154298
250031.4813256588
250033.24749322174
250099.36824002274
250100.13831715207
250121.45320573088
250152.5062915138
250154.43181196682
250167.16349974571
250184.54084804648
250217.84178640577
250227.1284133884
250230.484620238
250245.5536715021
250255.73276814318
250541.9922923781
250850.6092333963
250890.93957606237
250925.60743075408
252214.06850616145
252283.21588826316
252285.20769594616
252404.56461289205
252612.4871331674
252656.17570220082
252881.56586064905
253276.20343568217
253623.2128673215
253747.50009545725
253959.3621522952
255024.31092120655
255222.2713510944
255251.4806093683
255527.52242829965
255718.1783202379
256129.94196899288
256439.0199323423
256499.72597938954
256814.0090771317
256820.17309448082
257174.33118491436
257436.64608212397
257575.2024601851
257579.816481555
258259.67110616015
258397.31024462148
258458.42276045782
258722.7229607741
