297.1815213686934
579.1109104903595
605.6919228235839
816.3396316628439
1408.8753850098735
1417.934194787016
1429.5163761676115
1575.3121988806188
1694.2954298300028
1811.1575933622632
2199.5738473212073
2486.330488735214
2643.6093901894196
2767.9716230937943
2773.158954471388
2860.1079795354135
3256.024776166045
3757.8539753075434
4148.010166837926
4462.028809187236
5116.726100870401
5687.830379608804
5852.896143965739
6559.227416144141
6875.910719223602
7668.104614491943
7760.497136433987
8412.665737219631
8625.623731481432
8647.954223545185
8649.475403215392
8691.135856082175
8824.357557721858
8873.003937911008
9885.573324386585
9960.51022927116
10010.623553513034
10489.893517372391
10643.016190710889
10653.385382096616
10781.028659991738
10840.784010760506
10883.024134017784
11113.605649314357
11125.363984441225
11304.58890696616
11312.786646756353
11512.988785786803
11565.510437788551
11681.711995477652
11697.005219958754
11703.893106811618
11788.58385739178
11794.91814393564
12012.442717901356
12166.084262502894
12385.56553776781
12425.448034797597
12432.064274952034
12459.19234920649
12489.934379808661
12495.469031957056
12502.513933667546
12774.85008638528
12969.383667369388
13030.265763988566
13087.00074179722
13151.869678919044
13228.414577827609
13238.973981537782
13326.900453359012
13370.380187530121
13456.191071257399
13777.301272043916
13805.177927691919
13898.738112196988
14266.738496704169
14427.468419287432
14548.45655587751
14776.474046204643
14810.666285355943
14889.224592831473
14925.487566681682
15094.113851523894
15444.389313897316
15546.418605307073
15685.77559717645
15931.917584511519
15932.578527759462
16027.422002200006
16092.707578914975
16168.639081414953
16261.026413568396
16396.700440722296
16722.169759603366
16739.92814127999
17230.444661338828
17270.085654898958
17334.11150086637
17356.22674120896
17389.995814870268
17498.556728985128
17536.25067817297
17588.42358814021
17594.782828685402
17618.07487562919
17632.335829452877
17673.925158123286
17683.148457439962
17746.557683597188
17851.355657951037
17860.115143114384
17938.66660145301
17951.54262085595
17959.379887815223
17992.009236603943
17999.809846948127
18009.84043499335
18022.103467823865
18031.33829969092
18036.203907261104
18054.468581646022
18071.98864987489
18074.468502266318
18129.579992164305
18158.237630407963
18167.88998897667
18219.860711582773
18241.253608855637
18293.240575022493
18346.655349127188
18350.005348928917
18416.12809230833
18425.550473849675
18481.762497263455
18513.909538342356
18589.85411675283
18666.07300624798
18725.824704335882
18792.014671195684
18820.051442786513
18820.059064819863
18854.883652473447
18893.0139220868
18907.23108551004
18933.61649373201
18935.960764100753
18946.038642364332
19023.97538789254
19097.306253373365
19104.647612723653
19109.876726415576
19156.24219327269
19175.99510379507
19211.14315672173
19249.017548532735
19287.835576950452
19309.11471831617
19387.809794927965
19408.650368096965
19469.305521518236
19484.186321919922
19604.554105417006
19642.780874535052
19652.525402330488
19692.056773761346
19789.054200567727
19865.768304021305
19893.91975841894
19916.749250156405
19927.619360041565
19933.340098959037
19981.076654503155
19981.281169911315
19981.53017855137
20121.76678974336
20137.648812303993
20267.14245997603
20321.38608910946
20347.743441547584
20394.224844201788
20402.59485398918
20407.413833838746
20412.90536597683
20433.761238167826
20471.62687849764
20478.610113588034
20491.10011435162
20568.907404121124
20581.52708098403
20634.06420849075
20643.621066996904
20671.11769997158
20707.148274793115
20785.156846509864
20820.967984532792
20838.614896836927
20885.93149098395
20915.037494139804
20982.13623928488
21027.268928961556
21098.46629129287
21142.57443907985
21149.849344757888
21240.497244133425
21246.491555421297
21297.486000052766
21351.888810276578
21385.14174121074
21526.805123614486
21527.716162069682
21533.25307376349
21635.16523432358
21694.861686501816
21706.340728711497
21737.959872411717
21831.013175844542
21834.86580557827
21838.280218385702
21942.497995684567
21997.16931032067
22006.167801787484
22027.961953573307
22039.695709490592
22109.312339036675
22243.06780752489
22351.691478614197
22405.076724434202
22461.95424265353
22501.223932148998
22533.69230795688
22537.412136870986
22549.168039233235
22579.499735213307
22592.972254601256
22597.04558358618
22695.500886573966
22740.91502641912
22746.305396569966
22808.26907709088
22814.68317968868
22929.4505388932
22991.470317148574
23001.21822370446
23002.814830866086
23114.349757049647
23132.44662599948
23140.22586464867
23144.02075406834
23154.568527554417
23214.72962454848
23225.79602200462
23236.69261385165
23364.21398129638
23364.768122374793
23468.364888689062
23528.671492412832
23564.435090815234
23569.04916373852
23659.747070766673
23681.88825596058
23697.915186595925
23707.929382142294
23711.87197503164
23746.8408108443
23815.96115266083
23826.978291180472
23856.48508874108
23857.46213727083
23864.157285995414
23934.029177673627
23950.54706913808
23961.32271413922
24003.275612515085
24040.066224934842
24062.90894326145
24085.158868411596
24114.69250865891
24145.017059375474
24171.29515547453
24195.4594308772
24243.69150747919
24245.430988746448
24250.875245133117
24288.057097838242
24288.347970994404
24301.458527868243
24334.665295382474
24387.464296526043
24390.376377275275
24406.41128693686
24422.22990320736
24425.33345726968
24480.248197350462
24554.33387323451
24561.215547026197
24615.3230463815
24619.807747273757
24647.481436065766
24650.134786213282
24652.18743131683
24660.489718664016
24666.599480901226
24673.914157006457
24718.80711273357
24734.06264589506
24788.08304909464
24802.193902916115
24914.90795691537
24926.590178887735
24946.832860701703
24961.01108279266
25010.23722514816
25049.291853738363
25069.517997456693
25070.457970514788
25074.314487594027
25090.858083754476
25119.001600334173
25123.829973531454
25210.43522138744
25243.67528734577
25303.491832991444
25474.84993915487
26321.681705690004
26538.84518395959
26936.870618449946
27124.045948198545
27160.81215372528
27161.63730542793
27164.510994510303
27179.253610500775
27202.403415972894
27217.6615910189
27221.001492186697
27238.780919613666
27239.93351118182
27260.421355744846
27275.224073139925
27283.21218704666
27283.357526806838
27299.847332811965
27333.04672636818
27333.96758569755
27376.298078710493
27405.228335670865
27412.303850247
27417.919586005824
27425.344304350678
27431.240690723356
27432.23125741745
27450.68627999793
27456.565024578966
27479.968991383408
27483.290986584114
27498.344019612447
27521.08277360955
27521.39058356794
27523.60859889245
27559.52398678442
27564.802805470048
27568.488471786448
27570.903848659065
27572.378534408486
27574.58558310062
27596.202871932823
27604.104831750967
27616.03287548752
27635.043723911313
27684.903080388045
27685.227032496485
27685.382310648136
27696.35542045909
27722.299339246645
27724.862457091636
27747.951993604358
27763.909136508584
27765.05190029178
27802.946568671745
27808.568188965044
27812.836325605822
27829.505903205707
27833.232292952736
27838.9199701786
27872.02216759021
27882.14694831078
27908.047060976925
27911.5862193164
27918.34228541792
27946.161292329532
28047.246197008077
28121.184832517305
28366.947667612523
28870.574189263625
29026.811644463138
29555.46738516494
29574.78800348633
29846.232012419725
29904.5037677489
30203.709946319534
30274.648752275007
30558.408691347315
30811.914567368403
31253.385522948076
31351.453043255515
31783.744833461624
31982.895945449258
32056.16986093126
32235.845640533385
32467.374712456047
32589.814358204407
32672.78873380714
32944.19915965224
33005.06077011843
33122.5718354364
33142.96623775248
33465.65524417386
33997.621975391914
34134.57371854969
34278.06673427508
34531.0002696538
34636.078723204926
34790.81558229837
35689.83365721023
35827.76171954008
35955.985861986315
36131.28049229687
36141.89676089277
36172.47194290401
36260.011961732984
36268.52421288412
36462.587850781325
36535.032995069916
36632.550973894846
37347.42451519291
37361.31259997226
37496.06986278328
37743.91537428499
37927.08494810536
37972.12856277649
38056.13129733981
38540.45575898345
38785.48910023104
38901.288363549545
39028.604144702076
39033.47140001539
39200.53047033469
39230.56025373356
39359.80381341483
39494.65369424765
39834.33666362636
39863.040555404725
39936.98341162633
40131.228950446945
40790.787526956556
41151.42935223298
41164.79978450553
41280.71976125925
41345.645325788544
42147.61628565066
42192.15512668251
42341.905513279235
42511.56913395594
42586.43172968381
42752.14094717553
43300.45897191684
43491.78509765598
43512.89826613627
43544.49732173395
43568.34952813094
43689.120039977366
44208.89392982598
44244.12638352442
44430.10216464128
44493.22209556458
45051.34123606817
45088.41204775278
45572.892485336866
45629.28667398092
46035.38904605671
46099.1708386518
46203.30744606093
46274.370075248895
46732.706116412985
46807.649191479504
46843.88479314957
46876.40967519314
47017.085107539584
47174.30167938878
47220.36999719296
47334.66423604299
47411.57628633986
47560.30782489174
47672.67782614093
48255.94433019814
48744.785854621485
49581.4584388179
49752.73683596569
49889.58525450972
49929.08261797061
50045.05661526097
50078.865001695034
50279.94098658036
50286.603220637015
50411.57251830348
50482.844695912456
50652.507012131595
50777.22487107832
50796.28454568759
50801.36995968858
50822.19346953348
51013.696229583555
51145.845152122034
51209.67158928417
51334.2288652773
51900.108604431254
51961.591484203534
51994.520373078056
52001.82680841991
52032.582013092855
52117.84127785498
52673.9826969216
53049.29196899597
53731.71960067328
53796.06092756439
54387.87240500759
54487.754976011114
55096.83868171667
55193.96920234653
55399.202571787406
55766.89615955188
55783.67148264588
55895.83521790699
56466.807405788706
56581.54623080468
56633.24026817113
57062.294467810854
57206.248285020905
57523.88317462876
57633.69238166401
58130.508764484824
58230.58574454492
58283.724922415946
58422.391423205816
58637.714155909794
58664.47543013655
58731.0232798769
59316.318222180416
59410.943830395925
59698.4092490671
59891.14681136648
59913.62588463159
60130.77853008681
60205.924396018025
60373.953389569804
60426.67800821045
60443.72310777029
60492.74874071382
60526.90837233183
60563.90295123367
60593.84314250642
60642.0223187554
60697.12291332333
60809.92600781712
60840.369668238214
60842.096592343114
60871.98979135778
60929.15483659536
60974.51996974327
61007.15006136348
61025.49328657187
61075.20381074105
61097.15881811401
61129.79851004265
61156.25287747466
61195.546418149344
61197.43210824199
61332.979534905375
61347.03510677941
61442.53878176817
61467.395608884966
61484.175971469296
61533.56076135414
61542.52295249336
61561.355576654314
61764.7450754354
61828.82167256443
61880.09742631839
61986.790771729575
62042.389655353945
62056.86839818721
62087.46275358526
62148.75755336028
62149.704327165775
62150.996028924026
62164.83884518616
62176.85328748238
62295.703375498524
62317.455313405466
62340.58544379029
62352.3556708586
62404.21282399696
62416.24168643905
62464.02747799268
62479.57123655246
62499.92205415031
62557.63894182419
62558.98887382081
62607.59832836946
62776.17941637626
62805.746498739325
62870.8138952385
62928.939349147826
62965.104075736934
62967.58385833643
62983.62135451847
63016.69629287627
63036.087210349906
63040.01829654637
63050.02717534855
63099.94915917337
63218.03477295909
63223.949025463335
63241.144281763634
63262.8414530058
63302.0898449503
63310.155748556244
63333.0901425831
63364.23390866938
63451.86561882362
63482.00774761151
63606.46568291707
63780.39498892208
63790.26029232058
63903.82942327774
63951.342868820364
63963.90459691382
64059.86303078655
64171.26273566578
64230.374600074894
64234.89291167297
64239.40153543232
64255.706333514936
64276.2634801948
64312.55736382259
64330.97501910248
64342.071152846205
64378.14819170815
64434.074158722484
64453.50920627709
64469.3553433376
64470.2637889266
64479.31931042183
64499.15455668664
64499.821240427955
64532.74603873716
64637.42601695144
64666.61347257169
64701.50752784775
64798.71985379245
64828.69696821089
64839.31118944697
64844.932680915874
64886.73374843348
64902.32352317323
64903.41336049875
64938.04735644817
64943.787846532294
64955.96745462699
64966.269448906365
64970.4070756293
65001.45791054111
65027.555279650434
65076.27747206645
65078.58579236313
65111.148649808085
65173.42306283103
65186.20700270359
65194.699563144466
65202.464619248676
65204.131482530815
65206.77733531074
65234.498099497054
65269.352096413335
65377.806134111575
65564.96240847644
65566.68763627873
65592.94153019752
65669.12969888607
65671.01851701345
65710.06645385658
65767.79793036405
65772.39373884785
65806.73503615047
65881.16939659604
65893.77588213715
66030.99917230682
66036.25408232145
66042.89633105007
66063.7382376676
66153.30955184603
66221.76267444438
66272.92730964326
66283.82702083005
66285.37411581208
66307.42930100318
66315.38193899009
66342.49667088162
66362.93783380315
66366.55796012447
66413.18819348082
66474.0458336929
66475.73444753072
66513.29919078993
66575.94061544798
66598.0748084469
66611.61448375293
66674.31078957701
66690.88478049438
66755.49588055785
66761.7745543292
66766.72633528642
66801.94269883724
66861.22069315701
66868.7427285243
66883.97547673072
66899.90872814553
66938.92553223098
66981.41671654092
67033.84371393116
67141.94730494208
67194.7999254293
67245.74383189165
67267.9438119246
67334.97692833439
67363.23699220823
67394.93024118248
67445.44260705089
67480.97834132289
67516.13787543745
67588.75119596219
67614.13793548122
67666.37511931341
67689.87100091549
67697.32208999126
67805.04130601075
67829.79544877012
67840.05664755526
67898.8728716476
67905.35123267831
67917.91958864781
67932.70736412692
67953.43092351385
67961.89240745503
68017.43885625138
68103.61430739379
68117.08364648545
68171.50911170515
68194.81413384197
68202.17645444222
68228.15738774896
68326.15121279751
68534.37888279646
68847.97175944458
70186.42142381478
70644.65284689813
70942.43518855647
71136.47645308997
71219.51842889804
71868.19123522582
72329.76255965461
72680.02913828801
73289.5847397936
74010.38549732942
74173.05918045333
74206.94383958538
74763.56625244278
75099.29539384203
75201.40372914076
75552.06695589494
75591.07885092241
75660.5405440216
75667.76183577861
75791.03437083832
75901.58270131529
75947.68828357678
76343.18873543417
76479.51722262018
77155.00681018952
77273.5107421146
77489.85814049095
77491.16437273579
77859.54953883808
78315.19248198916
78632.96839944345
78869.5284061614
79113.729806715
79117.14364702269
79166.2267410291
80044.28768226024
80163.38050548309
80467.96706721383
80502.65295952483
80510.32510555722
80540.32776018113
80564.94612749154
80586.73619880617
80602.10523601311
80621.31232330964
80635.35866067844
80653.90397641213
80666.90251711778
80691.0604955937
80720.05354271799
80725.35895801807
80733.47671872017
80736.01111111543
80741.31735376961
80749.39150382247
80752.47779902573
80761.7673729106
80777.79334139208
80786.09942211148
80797.59658280128
80813.31379342078
80820.80429900756
80824.00015813802
80839.74710920823
80848.59763733135
80849.93369091018
80850.09684813829
80865.04083122518
80877.91148971955
80881.62973185602
80886.1441365615
80894.64629367908
80908.22475166449
80920.96214374987
80923.16322671356
80940.26906036488
80956.2055796955
80956.24965714205
80962.11343116354
80977.80370391632
81032.36372612485
81074.40929895044
81077.05446634562
81077.8381207092
81079.78739825796
81156.25453400152
81159.5774011932
81160.82038105943
81173.40606325521
81177.29961900465
81183.37645022184
81202.55933373411
81227.93578810662
81230.21814667458
81232.90274702673
81242.07832035609
81258.1871993356
81264.83497212027
81269.55392691973
81297.21417972959
81313.81111055387
81315.2397721503
81373.60786550902
81377.91530455922
81391.65342804251
81391.67607528549
81398.40668931167
81401.77435014881
81417.52385036694
81437.67872472535
81455.12560777857
81473.85130846611
81517.20482774214
81777.3588511974
82064.4293614173
82518.0534254747
82653.12468047663
83037.3494958303
83189.72589100589
83249.03342527442
83289.49016285606
83499.45520856022
83758.76059400372
83811.90640492259
84021.71286993255
84115.59903449223
84311.25364031181
84520.62383336372
84614.29578885205
84624.06349869278
85027.99421824349
85051.016700911
85961.47591355204
86853.07227197054
87267.97520173782
87463.41622693602
87552.34580650396
87701.4814430629
88887.55291422877
88977.94667205443
89463.44598977602
89603.9376244404
90394.96932663825
90842.91105923505
90893.8257333411
90901.08031423425
91154.18982153543
91177.43327743755
91537.94828582618
91707.87595398362
91886.3002918138
91961.18933678906
92523.74054027934
92975.99712450702
93320.5962956381
93738.02000353407
93911.42999859463
94118.68424798742
94255.55061185925
95027.13269579246
95055.44629296084
95081.73834852962
95649.6847074062
96173.90283781863
96384.87650301555
96855.13160986113
97135.32950499862
97136.49527265795
97186.20287991002
97400.0592577127
97562.00874770255
97602.18517810584
97625.57567042571
97707.36420007871
97899.578783841
97925.01233824018
98200.6309437077
98270.53706456229
98274.5953554432
98410.62219153669
98546.04178365697
98572.29976970362
98727.29530795923
98753.81986055328
98812.84429201984
99012.44704608429
99040.28648735938
99285.29630988726
99347.72571122792
99368.14338408239
99372.04446697756
99421.74591425109
99882.2928181438
99903.19860015137
99972.86808362119
100281.57087824236
100315.1257155193
100528.84214567777
100637.71808510114
100795.74336044186
100798.99264264404
100925.65585147504
101026.08140431464
101098.69983258321
101241.19893657939
101444.87327243926
101458.71732328783
101876.68097652815
101932.47729892367
102280.53737445406
102377.65418233979
102388.29310622904
102447.31541983872
102517.64562793387
102521.50621028601
102758.62512135666
102761.99495692388
102895.14537589013
102958.93285510039
103035.02014558225
103133.3031894779
103571.7135371974
103584.4503935104
103627.10460666256
103632.804341185
103692.67534094254
103731.875379937
103733.78364219282
103737.90413694447
103788.0915669915
103791.96725147498
103836.85010809539
103864.95475952177
103882.31972635626
103895.27532837367
103927.68287038938
103946.99463546298
103954.18811610522
103968.7004550494
103983.60266355706
104023.29712012727
104027.28892463136
104048.57438527024
104061.1682934738
104064.8145974297
104091.39689432862
104116.31367284957
104139.2183076825
104202.68843333884
104218.89438550822
104262.97618832949
104296.1070477552
104308.70455620611
104437.9292711045
104515.51382600894
104520.22736232328
104547.13684188246
104624.25560004114
104628.73962263801
104655.69912077038
104672.96842826689
104676.25940475047
104706.99672708908
104711.42536852605
104843.94138496686
104861.3093007958
104909.17457001624
104922.27599719902
104947.21846199615
105012.58740401658
105106.93152452342
105121.83624382781
105141.9987532476
105152.3193853703
105175.95194831298
105209.95501203957
105214.12891218517
105214.63103401591
105221.2986640522
105224.30473523105
105251.67209567747
105365.62545584097
105467.3764482689
105489.30544606007
105498.2261975249
105578.71688054032
105582.33237269208
105680.11316706351
105738.83950294627
105785.28562189621
105789.65406184949
105847.72289445481
105885.42792278875
105912.74002282257
105923.34726300005
105996.21635037754
106004.27276449671
106022.72366477617
106044.82615603712
106126.1584330935
106141.69638495671
106172.57374874105
106292.76177848401
106332.75850000807
106341.35560240102
106391.23701974408
106415.64498043596
106419.46547249662
106454.07319873982
106490.63021275178
106498.7415469334
106522.10665698808
106526.81682439028
106531.77827303941
106600.67026156091
106627.29654079366
106685.22920158016
106692.56412507872
106731.96012810603
106741.29155026446
106796.39331907584
106907.48275444054
106948.8932433023
106975.2008394357
106990.9672324873
107070.04579668863
107164.15219045202
107255.35793779006
107265.37551143525
107304.52914654238
107451.75522776555
107506.98549966692
107511.02428718281
107520.8888968146
107523.27095151802
107554.95257486582
107573.6239340941
107595.1783416205
107629.47932500442
107636.41439048541
107646.03369755618
107735.43007412847
107749.22322587043
107754.54542288765
107961.99765733961
107972.96567721566
107984.89948465396
107996.05497678542
108029.61653939022
108128.04088574016
108158.1376597574
108206.95824883226
108252.7809654734
108440.57965704356
108440.59099951596
108447.18922669574
108462.52982807126
108496.86897841486
108529.65561955777
108549.3534105228
108556.86778467611
108557.33344600452
108610.3987577016
108617.86056393274
108624.13978601729
108629.34283926286
108642.38601900711
108646.79990626386
108723.36310799228
108782.57996581878
108789.7501204761
108883.81542225726
108937.33381234172
108951.38216999087
108991.9529503716
109007.79414214302
109029.19076371063
109034.00998066674
109049.98886385023
109060.39683941864
109106.34469821733
109128.47934763617
109155.3608611655
109261.09747918161
109347.93141169086
109376.87909969242
109379.2967929644
109470.72448942842
109484.32930782723
109507.02671676494
109545.9694554025
109556.10824615361
109609.98361249102
109641.33527531264
109656.10773902434
109684.16978386333
109777.67831249311
109796.06994303007
109824.60353918883
109827.00933410873
109842.05135557859
109845.39583958776
109858.67507213092
109871.22940994687
109916.50401401892
110029.67638874194
110084.3153970011
110090.39554270529
110115.31123721309
110146.0816997906
110267.37960692533
110374.56854046603
110483.98891547776
110549.15966860605
110586.48557808716
110614.17101673753
110699.94489015303
110753.2933178561
110755.45943901996
110760.32759146365
110837.36593033651
110920.4871363079
110962.74263004553
110993.06821737046
111057.37623037817
111078.83413866731
111120.68754516571
111130.09843453784
111190.71718120817
111247.64607425424
111274.26587527002
111309.50347752521
111330.18595187402
111332.04842277251
111344.01274436893
111350.53562482343
111369.15491545945
111375.0984976574
111401.54659941595
111412.60696895192
111459.84692279177
111516.26363090405
111517.85131147783
111608.33272733886
111634.56438327905
111641.37551774058
111720.76438696803
111766.9643112826
112161.56446357345
112229.86738371907
112457.29817721136
113496.13239205394
113569.92801461747
113588.18740419872
113592.17020048155
113609.55758542684
113616.80515248247
113619.39235953384
113635.91253603046
113643.10445584114
113643.71685207111
113666.99761560933
113669.65749184416
113674.72358476362
113675.75438811276
113680.49396459085
113711.72379025801
113761.07460069671
113770.67682227356
113774.72129792237
113793.43716295423
113805.82520823847
113822.95622397412
113834.95326339146
113852.12747513653
113853.456047709
113870.24980818984
113873.09536199595
113880.95870731678
113884.86957750628
113899.00916993467
113910.69268828
113915.79409692797
113921.16853808603
113962.77876253267
113973.13432133032
113975.52160947301
113986.77232606521
114041.82370901835
114056.49662694178
114080.60592635904
114119.32226540978
114124.25791995863
114132.35949646829
114132.990892667
114140.11732187422
114146.06085350476
114148.28279627196
114149.35013287072
114152.16469301749
114178.87899139716
114187.02008475806
114245.48146406228
114249.20922929575
114265.7392843152
114272.07622151043
114276.20588939576
114280.24563428719
114281.7670343969
114282.3400273332
114299.4292323786
114314.30554746825
114335.0144789757
114344.30894382563
114473.70014557982
114509.49629816096
114548.41231719535
114654.20616541046
114797.5012309024
115213.98597413467
115296.95754163752
115306.19780133697
115337.55855027883
115817.29564167954
116285.6360637603
116403.85760001323
116447.76743921013
117265.31126317366
117374.55400225511
117497.82498464471
117934.4469065968
118734.26105073208
118805.09629865401
118901.80152478979
119362.78750309217
119509.40531352432
119526.13374917407
119548.69977340693
119718.1804243651
119872.8034193857
120210.63022059378
120803.4742390688
121132.7997741451
121471.61135866155
121548.15306783083
121737.55112678919
121751.1232516167
121933.14884096711
122057.84317410037
122058.30872059191
122249.33141119154
122379.84780966378
122381.15652165482
122403.35273375385
122810.12560138218
123021.16934050701
123195.42886057742
123221.06507451259
123522.7946617768
123585.70418275407
123651.36493094705
123654.33001676263
123759.193448651
124365.89683560761
124376.80149117917
124465.59210036912
124946.38247668996
125023.1156913334
125445.57778863286
125461.94126964512
125488.32478023626
125760.19627389181
126572.23979432163
126738.09313455498
126974.38049040001
127206.079711914
127387.07078744177
127483.47486129156
127523.74089378322
127753.29406312834
128045.30233109575
128305.15242195065
128454.95966606884
128495.62015203523
128809.47384415145
128810.97517221574
129244.59681020078
129394.89310630152
129457.88050845904
129603.1462167676
130175.24887781215
130603.65765463708
131127.62786270128
131307.10245944315
131404.0211006895
131622.47651935506
131721.38376363137
131735.40866661962
131780.5352575605
131814.20577743612
131835.5511270493
132012.59988507023
132333.0789595549
132441.60370333874
132569.974122598
132635.225058066
132645.83551824934
132726.58548868043
132960.94242430542
133227.50394704536
133358.26222314974
133722.53044548296
134279.53196976255
134706.61906842072
134730.53753950866
135023.31450080333
135192.6800335518
135223.42143309137
135236.47830814813
135306.8089284699
135694.06966165095
136298.51879229327
137257.64050574202
137634.53655812133
137636.1353017346
137740.97875794617
139101.7459063465
139119.46096493772
139166.21667742432
139219.2396361146
139668.9009970274
139908.94294887566
140178.62991088055
140289.44077808733
140362.0370031237
140398.14168628748
140429.4952543212
140529.50495395265
141092.47320059524
141393.29819775347
141597.28841070598
141989.53866430357
142768.20948182163
142994.7534920849
143149.72458258396
143349.12928746504
143581.29928215125
144052.25266352727
144876.5218768298
144889.47998197912
144950.3203540088
144956.70924732508
145251.33295895008
145277.60950375095
145534.6596018006
145650.37616884412
145805.91808085135
146096.27658043412
146686.38630354358
146692.18041568436
146723.17113442603
146740.2718380697
146788.34534652074
146792.57670708298
146798.47979506417
146881.41753622168
146948.2985112241
146957.32637576066
147117.64003781043
147199.28607054037
147295.85697999457
147372.89923352678
147399.338032329
147466.11705390614
147615.91932519834
147617.17235496826
147622.1336958291
147659.34555223736
147747.70477898262
147834.08987176744
147847.08207107065
147858.44632211342
147946.40005602338
148075.16380296362
148173.55292434836
148231.30010102154
148317.2023629801
148347.12275201318
148412.21937440534
148412.57854372315
148416.26600625075
148432.38547285844
148463.4585599673
148463.9601355544
148486.24810316437
148500.60051775357
148559.83893131022
148565.02446563862
148600.99017507205
148632.6321184468
148646.68641231288
148664.08630935638
148747.76113155115
148753.87472783757
148762.33594595006
148832.38551191316
148876.6000505976
148894.90589601174
148945.76356578767
148993.53983077314
149005.7776500992
149054.82323431456
149187.726025399
149253.75914046948
149287.3398555192
149369.07528812683
149446.9854329815
149465.30100044547
149672.77284658878
149758.2900611302
149817.43865297223
149823.59942170023
149869.93544356935
149879.31471929373
149943.18831116322
149968.27974498348
150039.8664167237
150062.8257102194
150161.20993488104
150167.1231213463
150234.7652829813
150290.47635324346
150348.91459170223
150409.8467328722
150461.10658954392
150461.68199992122
150545.14729703736
150589.55454089603
150608.6325172977
150628.5246315188
150644.08962614113
150752.01482842458
150793.18373021486
150795.08440496816
150799.9085867708
150825.36372227862
150839.48120779794
150862.55045424728
150936.5428076628
150944.15861081617
150947.06559820287
150951.36149087604
150972.01575104572
151090.87948077774
151137.4902312539
151163.9228244527
151186.47993770806
151193.11282001645
151213.8812473316
151314.34760699363
151330.42391539796
151413.8607418234
151415.56653059664
151472.58901039476
151500.47458553204
151525.22496387953
151597.57006387657
151602.58397456215
151630.60168275575
151662.18730857578
151662.9856130772
151675.63035803562
151687.00413538958
151869.23237415947
151902.3014388266
151940.970186752
151999.93362649585
152006.1722067512
152254.13002235035
152321.63117407632
152385.17372939456
152419.1327293883
152485.86310632364
152628.72505225072
152634.96926638705
152664.74194882516
152745.92327473414
152773.29719228094
152830.24791853048
152892.91883733642
152910.4021106541
152998.1099099969
152998.74507374683
153025.70735804713
153051.2335721386
153126.91521583544
153260.2440084922
153280.25713794297
153303.36028441484
153314.06657564765
153350.8190419948
153352.98629436165
153370.7228343463
153378.58966911936
153392.88904441462
153499.05851520156
153528.05082858613
153597.56573843592
153676.95328932378
153694.28676447103
153794.49750161322
153841.49319777612
153906.65552294196
153928.86103552888
153961.2717213902
153981.31994769955
153989.262965762
153996.79687185993
154010.32195017627
154119.13856650062
154158.34580973577
154212.4592309842
154223.81859594357
154319.7940850822
154322.87720627367
154360.95564750957
154375.61862610263
154377.1506842557
154392.1035155299
154434.09047261882
154446.80083297836
154460.60180718728
154464.43245472494
154919.57653417948
155062.0379816767
155300.14806036942
155412.89543701123
155595.02052740724
156200.032192912
156500.99067465682
157056.7099052418
157092.79277773312
157189.93210423028
157277.8514913016
158288.97795785367
159071.05546598078
159252.2950402556
159354.1605733248
159671.22456228457
159687.17303391636
159922.68284101386
160311.35343583624
160590.8638808995
161043.66070702145
161081.68403187126
161168.59240380742
161216.50227104352
161570.92226220405
161653.64689909338
161863.27817497388
161869.53396604426
162377.4555611541
162454.6695862346
162487.7338691631
162906.21976364945
163162.42638980257
163229.25166161233
163582.8028575256
163831.39920915256
164757.060947461
165127.04086046628
165389.25204047974
166061.0542364554
166329.22744143283
166567.73864574335
166938.3772206663
166960.14921587385
166990.15669272916
166996.6543830173
167000.01166752924
167004.4999943988
167040.64706324498
167063.70815723066
167089.27762078092
167108.29473503685
167110.95613267872
167111.06465180108
167115.30415504062
167119.9900781657
167141.3395914206
167152.45615354503
167172.2947200603
167212.73206637282
167221.27422755375
167229.3682894063
167256.5202613523
167296.997050312
167322.8113557263
167324.8428270862
167345.88177128797
167360.82040730322
167373.92840602616
167381.12802070653
167400.92223695357
167410.01292209286
167434.82532451936
167444.22952267688
167501.90995913433
167504.62777665292
167505.5214288977
167515.5030869552
167516.29327969925
167527.53194089312
167534.2684905961
167536.2455657068
167546.8149542011
167550.34786122834
167552.0164461342
167552.68862749767
167554.38691935866
167574.13102968436
167580.28909141148
167582.25507097176
167627.97988661923
167629.4384900906
167640.84314882418
167709.64743133297
167722.17601801088
167731.62301969342
167745.63399313617
167752.70129084983
167760.4577655531
167772.7807246009
167786.49066129577
167786.67321518634
167787.2349532324
167836.14480979348
167849.91400345112
167858.14386681592
167864.47200098392
167873.98287648195
167878.03500753536
167891.99848068855
167898.2167831122
167916.5022623152
168135.66594868744
168608.06985128572
168730.9443007165
168884.72888138075
168969.67606581261
169259.85314632696
169280.9558029141
169433.3308399808
169461.24715664738
169482.52710904146
169608.2932421575
169909.47390704323
169931.28164724066
170073.05590732093
170163.57767266294
170260.88882232364
171192.74215464963
171392.48916342456
171437.96034211706
171630.5833286675
172505.5185848311
172744.1614447472
173508.46321686264
174120.74738756233
174145.24555950498
174318.11855240635
174576.9734002821
174609.99712703502
174895.9437158283
175114.52990798748
175179.41534819134
175549.66725122323
176024.2666189877
176128.10483349062
176757.8771531896
176910.94450327143
177590.4870352537
177594.08348536
177717.89391245611
177720.01587823709
178167.08601957987
178197.3069246425
178879.16006875798
179524.09875965523
179739.429721505
179808.60966839903
180030.6681689457
180056.9130429194
180119.97899971908
180328.25304015982
180473.24150085312
180574.93138306908
180764.43327921402
181360.25380517336
181599.4234695998
181626.6636622901
181673.86036983196
181784.53628835548
182044.6542180816
182061.5697965789
183239.4753450025
183367.64311444573
183472.35557341363
183589.61449516978
183636.09696273014
183675.83465996085
183724.27896047613
183861.0999861199
184310.67249036595
184503.3848513452
184522.4096348187
184694.60565947933
184711.14593517102
184831.3761250501
185186.98555695446
185302.02801205497
185328.11579584552
185346.7768462516
185562.57223085823
185596.63984947713
185601.867495146
185625.1384282489
185653.29407084512
185752.40899158933
186618.37088956856
186719.96374231338
187583.1018021267
187992.16525616252
188035.9056413707
188330.30574761346
188398.6620385898
188526.58261382408
188892.87918672035
188951.6443052111
189335.12050605298
189337.2314484992
189415.84193827576
189420.2988760809
189451.01916506747
189873.66186941857
189932.34494832534
190011.68390878267
190014.70389789675
190022.0730876227
190076.30466892954
190091.83814706278
190104.90024865608
190120.3408466311
190147.61627921843
190176.35686555502
190188.2177321301
190188.35178229408
190195.4056922516
190202.9280063088
190220.71366293536
190222.93370295834
190246.2051352954
190353.47665055539
190392.64876236342
190407.09892403515
190435.99623203342
190475.98539977567
190521.04287159492
190586.96796744835
190608.0977457377
190696.18318611677
190724.14488787265
190779.0540030541
190833.5408326353
190910.80678393037
190913.287451695
190935.52229934177
190950.61544087905
191037.4212213031
191100.8881818838
191266.64984751606
191292.5278591197
191295.17628531295
191319.70756280344
191352.25224202214
191465.4091503914
191506.21501246653
191525.73229259875
191540.96710061334
191619.85959009957
191621.22376984902
191657.23631403028
191753.72972767265
191772.02544874093
191785.22000053778
191832.48892908392
191900.88960197446
191912.4818493849
191915.16644228433
191957.8469020397
192074.7505954131
192103.4984099271
192156.36985142605
192183.13478483213
192262.2019479507
192274.05511594724
192281.62449337085
192301.50758489216
192323.248850415
192421.86921795103
192426.95244957204
192440.2616312204
192505.3419150856
192514.34130881622
192517.00518696348
192529.980718676
192544.33647739698
192566.54927781268
192582.3666468408
192588.6464662014
192641.9882215962
192651.7795254456
192664.9332522222
192802.79930197744
192880.037933337
192999.67688487
193085.5972657098
193110.20061241876
193115.08304418594
193202.62989055534
193206.24864353094
193229.6482897414
193329.45843741935
193338.32293989533
193403.17558343662
193475.11529061818
193479.85519361251
193570.54899839728
193696.35087970755
193709.87031118936
193791.74559634613
193870.20357916714
193888.9208167703
193918.88613420512
193920.094023017
193936.9283229797
193943.8771848458
194009.63315016418
194076.68803197707
194100.54156998202
194107.15631464781
194192.0106359853
194230.4902338798
194290.3153990576
194417.49861439728
194431.3623557745
194465.07242706447
194484.1274663539
194495.65437445283
194508.36980283484
194515.873624599
194519.1527819061
194520.7951135598
194536.36395042823
194583.2247782884
194641.24642397222
194647.05147327782
194687.7120669466
194699.7872529714
194744.73811663844
194796.2341820708
194817.77369272202
194822.75890290222
194863.32480732838
194885.32058378792
194900.18765655503
194961.14757206602
194990.91400373774
195021.28469676504
195051.41660029112
195088.65918474106
195109.9145066084
195120.77652634162
195176.4862491266
195257.54000493197
195276.3117552949
195343.21701351143
195365.35684684114
195373.60015230285
195376.85787057257
195417.86005089234
195440.5499744797
195532.5132743494
195549.34660861065
195563.50276004482
195676.42846695994
195677.2849267703
195706.14513320127
195708.55135079165
195710.30094164365
195713.118165272
195757.78876844043
195800.85856676547
195828.19875201
195836.312794633
195878.7913266442
195903.6299753475
195916.26008918678
196032.54317966275
196052.3989309478
196142.00617204022
196198.42097817673
196260.61328451164
196280.7399976999
196294.60801051088
196331.61597351765
196348.2369254723
196351.30934939184
196511.95088741812
196750.88038592212
196754.71320672228
196764.37198386056
196790.54573412126
196824.28497715513
196965.04736038158
196978.5722136835
197021.49596251818
197025.90257832812
197039.81524076517
197163.15917686626
197175.40748183246
197181.71469128353
197214.72429612305
197233.5187836258
197291.93808926057
197420.85811361103
197446.0692489369
197532.16346978061
197560.02805894153
197564.43163859507
197609.383665013
197611.3424097082
197737.06999169083
197898.8004276476
197924.57143356564
197941.64412841076
198059.8864733003
198065.2295392075
199192.18420693444
199923.9402466278
199927.89615404102
199933.10862727137
199953.7574048004
199977.62070980837
200013.50716011648
200015.13629159547
200028.82244098902
200051.44637844997
200053.50781441183
200067.8763692055
200084.48436706944
200086.21841228488
200139.52237481985
200146.4024060853
200159.87377617607
200168.8342810815
200170.41116842456
200201.62316582547
200218.5536733762
200230.14500039988
200231.17479265062
200245.43607043786
200272.34279011318
200286.69697252862
200287.78572370668
200312.85053041545
200318.7263839114
200321.50076810695
200328.09709762604
200332.1716210743
200342.8736470506
200356.50328494477
200364.84923621488
200371.88581456046
200376.56313756458
200403.32798911768
200419.12798989844
200420.9804630659
200452.1145772324
200457.90275154708
200464.1770326787
200486.8493498363
200515.2122605076
200516.35969557372
200610.0271863186
200623.09282889476
200627.18797175642
200633.22887956133
200644.65352781012
200649.15678286398
200658.0545215877
200715.61992213587
200720.36242700362
200722.71432866954
200726.24363362291
200742.5607695126
200744.70738809937
200750.22607551524
201319.88230459078
201390.58490318936
201392.40684889414
201734.53735108185
202098.45269949068
202195.0538503873
202567.24502453228
202832.34736547782
202956.15239878165
203044.64472690586
203931.64180727515
204023.04289654392
204305.5441108339
204319.19987326695
204949.86388110026
204975.648921007
205146.64998841428
205287.21864013257
205650.44572073326
205685.87791696834
205746.6981396259
205980.01548261347
206148.17024437757
206241.98453575437
206321.47928674027
206327.12817821535
206604.3539341089
206901.51069984835
207406.85785727995
207950.12240511933
208991.54115075938
209094.1114333618
209412.57661399883
209426.37933734438
209788.56241303176
209874.6467958041
209911.3330720078
210631.04317090163
210839.8713626386
210839.96823401615
210941.95586428183
210997.94318029121
211004.13801124872
211045.6429983988
211308.0354107929
211344.84897530873
211757.7802777756
212059.23602990725
212082.33101259873
212088.180235758
212828.6499481003
212836.1721758918
213253.92717092278
213327.498774119
213641.30700717936
213775.0975581914
213840.32132444798
214097.6429365888
214121.67666922288
214131.18594002275
214515.50650382423
214659.45108748393
214659.71365283246
214799.8252298833
214932.1593348771
215136.67836441114
215863.3455701883
215938.79358708998
215993.14685434068
216045.1862612532
216102.75128918668
216229.27887707937
216516.8821108635
216611.62876968543
217224.89676912889
217576.49068328465
218106.107889147
218888.97508844023
219230.81109148817
219765.12533974778
220471.5020052482
220748.8782990402
220792.38575529295
222157.32214511395
222676.1116830655
222810.05034498664
223012.83031346102
223352.30454945873
223389.51084368103
223510.84591107763
223525.20333474496
223546.16789054178
223552.3839088754
223637.1771235767
223749.9004899836
223826.2928743448
223875.29958853227
224534.76948858728
224892.64394033165
225013.82312828366
225079.5675372276
225333.8089612138
225340.0428122042
225796.28466549484
225891.71560930248
225919.4614337325
225985.39401709253
226048.90686148868
226219.0810214871
226565.80674257525
226608.37690750114
226665.69424015004
226686.167778053
226693.9808669345
226744.7155408065
226821.1202705107
226912.43713969318
227246.03805314674
227261.51193541224
227351.7224006295
227960.6646209827
228176.1422132285
228577.88156319427
228662.4896092253
228736.8288770889
228869.145540274
229028.0222907401
229065.4207733836
229195.67626961909
229893.8725202916
230202.57057922264
230495.98662816963
230716.34797569682
231016.8721435299
231293.83719485687
231615.29598635389
232166.9437412431
232195.21989242002
232213.3874350404
232251.26235243012
233087.03185980304
233189.93777657492
233265.40848450302
233275.22875827827
233313.08962143393
233327.78363200717
233348.77998693075
233358.32501356542
233385.56358047633
233393.6536114382
233410.15746783963
233472.00048554307
233562.22606206872
233565.5783220414
233592.32163895972
233604.13365345384
233629.69544452667
233665.29313202944
233666.91920457184
233673.21826404147
233693.17903721402
233785.62800133444
233787.83795332763
233794.80803392807
233820.54268705478
233844.35723919803
233914.2767153565
233945.8878184569
234139.62017821753
234166.9529032543
234226.1651228046
234451.841840407
234488.8486291026
234513.83846456552
234579.86998092142
234599.57366204375
234620.59124193084
234650.86764065508
234724.81979276414
234916.2467968305
234940.85435726686
234958.85608971358
235010.72457092785
235081.36409865232
235141.629041359
235162.95599204063
235176.60898026702
235244.86209142546
235253.6450707744
235296.3760771897
235312.19094369267
235331.01458222093
235480.73793522402
235572.14981046045
235662.0972178599
235666.21092058776
235670.92344904292
235675.18559170567
235679.45006184862
235876.2253712262
235902.62250561174
236018.2746288452
236037.4441734754
236181.69178171092
236186.46178188393
236199.95058233957
236289.56952320613
236331.63867677044
236348.75523037845
236387.4047084909
236410.9128688599
236415.0726241511
236448.70340720145
236609.47774319662
236609.8969421688
236639.0652810553
236676.87874521405
236730.00871677318
236755.82867266508
236776.95715831275
236778.4276505744
236853.97154781639
236856.43040021864
236905.164591875
237140.25623526357
237239.72127242864
237273.49728441934
237278.81564022595
237334.69910458417
237455.98144204268
237673.20308012172
237677.55897960218
237718.42643469953
237777.56927624217
237829.3657516594
237897.17963670823
237985.9433923527
237998.4721427466
238053.27496616225
238098.77198111144
238125.93490670586
238179.66420890472
238195.23050917345
238196.732842967
238198.61232154118
238220.4682571168
238325.03472201413
238328.83163738978
238426.08506084542
238512.3808014628
238519.99487557754
238523.39797059193
238654.00288015138
238675.0391932894
238681.97718254145
238695.18508052564
238715.82455926016
238757.05558737507
238811.60954467035
238857.95065021384
239034.8655705306
239047.09420749109
239116.98154916838
239117.2196140341
239147.40234079357
239274.18582208754
239290.85291319765
239293.28171636787
239374.03120233415
239374.55975535864
239380.73915316537
239403.09360851598
239404.73953191115
239499.2126035464
239528.39437314196
239558.6272046199
239776.3138211929
239929.36629222432
239966.1675122613
239974.2921119628
239975.42426837084
239992.56982160866
240037.95341714966
240067.59776446054
240097.539189181
240103.16444123542
240167.45386711127
240189.57395821894
240317.6445793099
240392.84777874008
240442.40458787687
240519.49929671278
240578.62636527885
240581.8648117912
240619.38113670895
240667.64113184344
240738.35265548507
240810.27236469532
240850.67241799692
240901.81878138636
240919.33189915452
240976.85970281943
240986.7209642352
241504.30160770682
242221.68886814883
243215.47999227018
243676.92443856157
243877.4459042672
245140.15654216934
245424.92945629242
246225.63717355678
246301.19673453912
246820.85462921567
246822.21158207473
246905.0394248286
247580.9585270409
247779.1330915264
248173.87136812464
248299.3223110856
248311.99574226927
248405.2120935037
248611.4444924842
248848.3951772696
248963.40699506373
249584.57506903715
249664.1987440707
250044.4428211586
250282.49767258234
250396.62059950444
250496.19892183685
250733.37823979784
251050.2000270281
251725.5975173388
251752.15078603936
251866.85856364135
253307.9730638756
253330.16627439496
253356.1266545308
253357.6637496026
253359.19267375825
253369.37409329135
253382.03949766804
253402.7259502288
253407.67099418546
253421.1994920117
253425.0150336132
253429.35277360387
253432.40786929513
253435.06496942817
253436.897850149
253440.9393229186
253450.364542159
253508.37364591495
253510.07098126912
253520.3889795926
253527.88561424433
253557.6280567132
253596.5086319663
253610.28335368232
253617.56736826728
253658.15007518668
253666.47006637172
253681.25462668022
253710.22452572137
253739.5820997144
253743.79144874134
253802.38891325681
253821.33855981438
253827.30274809792
253833.64939077228
253843.72864091082
253857.91570124385
253869.20925937884
253871.03038217052
253874.56901814166
253906.99401979332
253918.68585978128
253926.94951788272
253941.0488238128
253949.46701940824
253958.6958669501
253971.45027353975
253983.41742866626
254019.98609648042
254051.90599915365
254053.1543654999
254068.41008758056
254084.28401025303
254086.69185251248
254087.36542257585
254093.69206422387
254118.26891324494
254137.9108032225
254159.86105915694
254211.75152597274
254214.48890816502
254222.16943327044
254225.3241662169
254241.07071986923
254257.21775084728
254263.51465544786
254267.0807407414
254275.49290901364
254282.9719156744
254290.54397143805
254290.7469654979
254293.01197900143
254429.86437490289
254540.67238527958
255059.97916521755
255698.60573242907
255743.72456593474
256132.21882244418
256490.09640559606
256751.10895765683
256808.98689314927
256902.706234377
257489.43888379287
257565.87284876558
257729.93835320245
257868.63937079202
257956.13218796672
258129.43841824867
258331.09721479035
258707.11897227154
258709.6453594868
258826.86400534783
258933.6729700578
