10.68634130044156
17.843729002023824
20.93915898831551
29.805941052007576
32.41811761369064
32.47328899896499
33.32550224437807
34.76354611694352
35.7730138939876
36.48774360628646
36.55953455406126
37.98221886431812
39.54098478359753
40.786836354829504
43.03497902036798
43.69589946906416
43.912477667118154
44.911271855929385
45.131597753529846
47.031961433064666
47.59180452925999
47.90817426520074
48.9126834756996
49.79494282440439
51.48575227774231
52.613837247391125
52.89022987989077
55.01783502454516
55.44446386498839
57.68617949887707
57.78287071515864
58.21292172386701
58.647534793613765
59.86586275175876
59.94065622893587
60.737471780360494
61.0970006892786
61.24701932760686
61.4273471312201
62.39558477048444
63.638047429310376
65.56231683146665
66.00562821211373
68.39723546266922
68.68709913297637
68.70335924054596
68.85966362609624
69.14648559513371
70.88805993196637
71.20147758055283
71.4703284925827
75.97005423680228
76.23801517896304
76.8956703771442
78.10817380505279
79.23438915469666
80.88371397325123
81.58754933120194
82.1339560784782
82.34479668904254
84.72108261453627
87.88093895905428
88.23887117208058
88.5240650264775
88.66285865942177
88.69630358118118
89.92561787033412
91.31047212787301
92.82103072458331
93.88175263422256
94.32172047287426
95.30839492122458
95.68349224521064
97.17055926596451
98.06951620715104
98.92049587338897
99.4007555563084
100.06121212658522
100.79254442156018
100.98149158019059
101.57947167434845
102.93636655013349
103.66431923893062
105.36885124205016
106.72210409183572
106.79868321341918
106.98141498526286
107.93917122884476
108.49619404093717
109.01223418584334
110.78036293809777
110.8419200092033
110.94780739475311
111.06023852034647
111.37559375345508
111.44104653358873
111.66201673184753
112.4603697703903
113.67761574264289
113.96420652942402
114.41025459820037
114.73150902091183
115.16501493327024
115.33113180117843
116.34654087156163
116.3534586905344
117.47708259267907
118.70310949139679
118.91224164591792
119.86420431723104
120.48487624408602
124.52716178594328
125.50777879985783
125.56295178134091
125.87925475382757
126.38588573759425
126.45888492241777
128.53265131795325
129.97757142239922
131.89051814821585
132.75373846026747
134.4265328289617
134.5984657749367
134.62945432482155
134.65095257259844
136.59300048524275
137.49491206206883
138.5061828086649
138.7860577961977
141.15081802545274
141.2952260894576
142.16086615474964
142.75585059540197
144.30703542482198
144.32557520254457
144.3291576736616
144.46775885488066
145.12686621241062
145.14606750711434
145.29529782707195
145.40985673766951
145.66933012766611
145.9017769917026
145.95945896991773
145.97292054749164
147.36947791704404
149.44504269223273
149.63258694275427
150.89185571534833
151.05909879387065
151.41478490108065
152.60654254296597
153.3424647049035
153.57320555337978
153.68379302630208
154.36428416028394
155.601999830639
157.65362341394854
158.12711409867632
158.43450252382647
159.69387684631425
159.9703404616486
160.15089809325715
163.56149201614147
165.84661519155995
166.2375516751209
169.1567122869435
169.1725415707562
170.77951127927412
171.5316077416177
172.273680564481
173.46438967170928
174.41364837655578
174.7231148874516
176.4988510582276
178.9487739891053
179.37204273870097
180.13546871638073
180.16899954430565
181.08331776583083
181.14647680693363
181.79689879259314
182.95927821038717
183.409553731103
344.76567444251657
458.62253517666534
760.9840096181487
809.9423221253132
1462.491602540718
1780.1554649698733
1831.8915950696148
1920.7573183550755
2417.213697621678
2496.6006819825884
2698.604502292709
2759.1364247837123
2993.005630521686
3477.9103843436965
3641.2592562341683
3849.1490299550055
3963.724030735283
4049.4942369830433
4335.431807839554
4492.117109549997
4628.419048029516
4720.077239738677
4748.350650509081
4892.635230314033
5126.970112943716
5280.653899086596
5325.877876009742
5383.636100503763
5444.421849704568
5593.742550865642
5687.905688709634
6076.631058047957
6110.158156134493
6135.381889243067
6611.113378713214
7316.370239881535
7336.569312679786
7539.814379725831
7734.8962732873
7881.25855900654
7929.037045163201
7933.425630005138
8336.01842825486
8652.621600719178
8746.79305133184
8934.56091182841
9306.641707444924
9405.460771259657
9799.630646633483
9813.981768860767
9950.481464474626
10210.440611423172
10291.805513268913
10306.103918687164
10404.222997687277
10417.259122331398
10507.564792873236
10567.219820462244
10574.427669690465
10595.454910463406
10613.26432609711
10626.359064512042
10637.975473349052
10656.842423157896
10679.989253473894
10896.551617955996
10899.650387576587
10946.549705691456
11015.96588598819
11016.916562100841
11072.95849707086
11113.89939534447
11124.787834519639
11129.394319259287
11130.592064206588
11201.257102284751
11214.585564312943
11215.411984261504
11239.717568270591
11277.99681120521
11285.90136725008
11363.326380408475
11378.961349696816
11419.122962658272
11460.934773430603
11468.283904162106
11484.495422008835
11512.663046237767
11519.727938775264
11528.94760382669
11534.368324061372
11698.732574326154
11739.012291457502
11753.491664121879
11761.12071946391
11767.95675641478
11793.450657822932
11801.217783482462
11869.325838096718
11884.555327106575
11929.214088887189
11942.549030692317
11970.326011769723
12045.758758152855
12122.872320165523
12176.307015456214
12190.22354724224
12193.910679166853
12265.564202671338
12354.986314720029
12389.221792191667
12394.164381624605
12406.595255748614
12414.24442267718
12437.345869547236
12537.257760009476
12601.637774461864
12634.778686959657
12677.064926320436
12731.764200782662
12732.039151715551
12751.70813858929
12769.942643579096
12844.951587916354
12866.917995781363
13027.692127356526
13099.517029286555
13102.24211495549
13104.58752165355
13133.855115733055
13143.098504737995
13216.755707349972
13407.177589374365
13491.902011288696
13496.891802230954
13536.520920599949
13547.169827801581
13601.311530363244
13631.72418654852
13645.546386306904
13657.921723481251
13743.020025377116
13818.434845048492
13846.410924024296
13856.305017406525
13881.362873004446
14188.44028181601
14561.17481694807
14572.91135739268
14913.525322928379
15066.219231467478
15475.04999056249
15839.763104164864
16695.98093819721
16697.05436155184
16928.236709431916
16956.31484817916
16966.00275744145
17032.286662596092
17041.61052511146
17043.507048018928
17047.596259813396
17180.820980285815
17197.65198795022
17200.015102713318
17248.799692623536
17271.52432355159
17277.02366781483
17277.806407146945
17290.641297020105
17356.978599706326
17409.799254128917
17569.06462166588
17613.74675435201
17622.44938869838
17665.49174530652
17690.03501170887
17819.51759368072
17877.055352086943
17877.91185690207
17905.295157505963
17911.346406735414
17915.57954818537
18049.010919426517
18118.78879936338
18119.22731121665
18146.7149958629
18186.331190504643
18225.0148902869
18225.12257462068
18228.58655978987
18285.29153775861
18305.83497526542
18320.26557291044
18340.37843485313
18403.51917721344
18431.80561795626
18434.59936253233
18471.435286009157
18489.58144954022
18489.631004547104
18496.25266060001
18538.781000885847
18539.91978703784
18632.611042906687
18655.682079202812
18719.572399612465
18732.481931368966
18736.986849515848
18739.848442803097
18748.40048612082
18752.087784426367
18753.341741382515
18757.379997845368
18761.89576256086
18767.92636938502
18770.286827081505
18782.16928846722
18796.645929304505
18809.04802037056
18824.742470205398
18832.560843450392
18852.72671510968
18864.387881802144
18866.04849184908
18867.395483844983
18882.373384307997
18890.748395612452
18896.530584360495
18913.28346866326
18913.31420027841
18923.308498905586
18938.60844130667
18943.71899422559
18947.428491300005
18952.30478402276
18952.658521454217
18954.112278188382
18969.196507461373
18987.40445542819
18998.98674241244
19001.821141570457
19015.840541017755
19016.000016102545
19021.015608881236
19048.685873324972
19052.00683581065
19054.172704420558
19063.290758037394
19066.39448367467
19075.259105683257
19077.37456293433
19079.71883261447
19085.734206419933
19094.21931271706
19094.46703451723
19096.767498060697
19126.8296404629
19131.84313631552
19136.307942168773
19157.40444863172
19157.481647394754
19161.31336686377
19168.34255510027
19171.688561394538
19176.182112324106
19205.188157785215
19207.825025758808
19226.248179409333
19227.158615492874
19231.552024053573
19234.120350935063
19234.223245565303
19237.72164907675
19242.10141676591
19260.936048881442
19261.69491474714
19263.401389553514
19267.38085626869
19275.318194803185
19279.118648188876
19284.438062635734
19323.319772020048
19330.387593919662
19363.999335025816
19368.57096132087
19386.402228190465
19390.693265741702
19393.971331240995
19403.18221148107
19416.338806305153
19419.438927331626
19451.40919639465
19481.47619474896
19483.214527773984
19488.14838612443
19491.341346096186
19502.641012544867
19505.780916827498
19508.401977377565
19509.365795548656
19512.765396793176
19551.531317501205
19573.775542645
19573.814679709158
19649.97484617748
19686.904175508356
19738.998623045452
19814.08010850053
19886.742843868455
19906.0076185913
19944.42592659951
19982.58784982953
19984.23222817053
20070.11814536506
20071.771780318624
20130.560975360393
20217.27104303344
20273.17944640224
20354.632111618943
20364.4842709308
20457.960453271076
20570.028383828645
20793.870190222493
20861.592557901295
20869.899145963802
20897.944025851804
20943.49342205656
20965.595799804087
20969.648560183035
21048.45747784654
21078.342368450183
21111.31320514828
21164.65700929807
21281.614324033777
21357.003436717063
21520.483585977927
21654.11800836985
21670.930883185883
21800.264145137506
21800.599051802266
21816.914009247146
21838.730160354822
21898.77463756166
22000.272618658008
22152.761748378976
22165.029768036064
22212.469892806064
22239.818193663636
22329.122511738125
22436.54631099618
22507.27034558965
22653.135488047217
22657.683776291477
22772.29173546026
22850.30912041287
22902.790359551458
23101.382169512308
23146.23022442685
23211.294194311446
23213.302619638736
23214.91363738057
23217.695071275764
23376.831330995774
23407.662095983178
23459.883855209555
23470.126723571517
23563.089327545003
23639.80753659205
23662.071794665222
23675.460516207528
24077.700543770585
24224.23930040402
24432.9140543641
24490.530648376574
24591.815740407597
24617.265068154466
24653.682000494697
24676.472794718557
24729.53677207094
24962.0558639093
24968.291054855166
25015.675257954153
25045.368596757155
25084.625580432585
25097.86964311088
25099.425218634035
25111.037802688825
25123.783114925667
25123.933061363343
25180.67093911471
25214.988547898683
25238.99367975934
25336.536893939738
25446.656430016723
25462.35358154099
25548.97820327036
25685.256376991976
25914.57798961793
25994.906000228963
26000.02537036423
26029.09320938959
26085.506094019573
26232.61416715044
26543.420328973127
26548.259039459535
26552.617562750616
26608.633958131264
26844.124103423797
26908.439387901864
26973.690610880025
27069.597486378632
27195.583503352416
27317.652607394233
27381.133783614845
27412.54857934506
27447.146508961137
27464.461361288766
27466.14373563484
27561.981838847674
27679.510286838435
27686.816590322214
27891.318057578355
28048.052436267946
28111.080367259718
28112.616596317286
28239.958275088677
28330.32707957967
28338.368177576456
28370.961248170002
28399.72818437066
28446.200171733235
28573.207499994693
28683.83886210735
28716.12362896279
28733.097913429032
28842.01995922206
28876.623168093778
28920.04530976134
28986.475655689195
29095.71518430811
29232.339669322148
29310.791158250027
29317.744722549047
29326.23149934642
29336.231170973362
29403.914510241917
29453.084796684656
29491.126266866715
29578.84061094254
29670.66612643901
29737.764562815497
29743.80233564583
29762.456945531143
29866.242345137478
30017.321462961863
30023.588630934948
30049.13214610157
30067.42521085581
30084.709762981936
30104.807983959356
30134.319814179104
30208.714007086342
30215.844233347038
30309.246440386953
30418.608900646977
30422.9666017065
30426.038387105313
30516.52952790554
30675.818297030968
30736.188819162147
30742.69485078247
30763.688021032573
30792.6636917838
30841.677325828165
30878.016646942884
30895.838195134857
30905.561272260507
31022.4263642366
31053.28437689896
31136.756974308286
31286.539327075152
31312.6734281888
31376.55465824364
31382.449123945527
31383.869051307636
31438.445690744717
31451.932178242558
31472.674991283307
31517.066045734115
31536.94456274548
31547.861845387313
31563.10352751388
31632.04369167452
31747.32116975383
31759.707060004373
31785.837984112568
33413.73106155402
33986.51259735572
36046.069942743685
37550.73023243703
39978.4449862877
41252.69895915332
42534.9980115923
43202.31420426284
44050.302885674704
44568.429906528065
45437.8399238161
48511.04406878442
50350.94836149193
50353.18151166
50786.6863604015
52211.10402263465
52360.12877848248
52506.90288914755
53673.15363902895
53878.74448441948
54279.4490691801
54417.09545544102
55244.016537486896
56558.99591952983
57365.855173144024
58374.806784173605
59860.69865901688
60951.67494542614
62878.83190873582
62972.98528785255
63667.75268055775
63936.6973868391
64096.0626389643
65057.6399212357
65172.94715922766
66559.57302565104
68237.40049653425
68501.60241849134
68631.13925935178
68926.72687873166
69054.36519734912
69967.81542078879
70691.60698014825
70763.86923584832
71440.15609800395
71668.8522461151
72187.60214911657
72594.44004966818
73134.66138496067
73381.31560165725
73517.87852600613
73707.19195218396
74071.95094948173
74776.79772993941
80251.9289671746
81556.7104640558
81955.25254245054
82125.80929055202
84042.99340963022
84154.25771898338
85279.40063828959
85619.48652223314
85632.43918584118
85633.74486356355
85636.73689398755
85653.54198164896
85664.33773412193
85668.96398110074
85671.43613805046
85683.13367009079
85690.12228722012
85695.73150250374
85708.14163287428
85731.02556834182
85733.27678906202
85736.09965461018
85740.21258712078
85744.79619813406
85748.59804961579
85761.75047222427
85769.64152170591
85791.90278764619
85799.85877844677
85809.40623768506
85810.2795381422
85815.12176166756
85827.47379633835
85875.92065712866
85883.50932072362
85908.5755117532
85915.45412973546
85918.2009551161
85928.16556241676
85930.38453513719
85936.37459186163
85939.49296043748
85944.80484623776
85946.03692229431
85949.59136643044
85955.48933131277
85965.99334468247
85969.42427075378
85985.7430031402
86004.18343014742
86010.70915261266
86023.78117265334
86030.1175885948
86033.44471690038
86039.38446500475
86051.11006306447
86051.34458608725
86055.36212442743
86058.59682163734
86072.29095280742
86089.29792264698
86093.58853209528
86102.00959625441
86103.16562936448
86114.1325493313
86119.2530647217
86124.41556353518
86129.31299167982
86129.34235285228
86133.88068160565
86142.70271002075
86164.97625282819
86174.68523725941
86176.51991775031
86178.21180331368
86183.23640356025
86192.90343068703
86198.16256313193
86206.46031656145
86206.74911058333
86250.07933117713
86253.53025047976
86270.65615082804
86279.24664094964
86279.48804241998
86297.34169597528
86299.2377830238
86306.79610509986
86306.8974411942
86323.01832060739
86333.66695498522
86350.64336357612
86352.50978357873
86352.58297624657
86353.38069654406
86361.65876176895
86363.27845617617
86368.67128681764
86395.35491985771
86397.04953310662
86397.9670602303
86417.36066293795
86419.57190190253
86420.49321174945
86421.68307092895
86432.99977494394
86434.20802646536
86436.64179621419
86436.73402935233
86438.00186693267
86438.08824603703
86438.3086667
86438.55733940862
86440.06260738004
86440.38299909949
86442.53811788933
86444.65677321085
86444.67817425351
86445.9905161433
86446.4466353946
86446.8520280896
86447.5233222061
86447.73859008544
86447.85810161458
86448.12238962851
86449.10752052603
86450.40968450025
86451.21497968704
86451.44158142134
86452.79328768299
86453.19135611158
86454.13367979164
86455.54783180119
86455.57486602772
86457.21458116903
86458.02704962634
86461.0145576967
86463.3608931465
86463.48937782267
86463.63021713223
86465.31604902486
86467.22172957085
86468.0104783088
86468.71663581212
86470.32236684645
86470.35099019622
86470.35177135236
86473.96578655756
86474.14049863283
86474.18571925642
86475.45029387053
86476.37272940899
86476.96686211556
86477.22975239588
86477.28525470843
86477.80045344608
86478.14371154131
86478.7980906334
86479.34221637562
86480.04738709483
86480.69377230153
86481.91823987321
86483.5314129454
86483.57004707464
86484.17320637402
86484.31819345511
86484.4056949362
86484.9113939111
86486.44864990134
86486.61168853937
86487.21260266552
86487.51485028275
86488.07498421513
86489.07764311593
86489.3248635747
86489.64893443263
86490.85712520136
86491.21234493439
86491.74422004419
86491.77002420188
86491.90071400053
86492.47870622521
86492.63930897717
86493.03029894539
86493.36737769362
86494.70772290707
86496.88882096145
86497.97136178703
86498.8769081635
86499.34281609132
86499.63262687424
86501.60990187727
86503.53509950763
86505.22794894892
86505.5949367009
86508.71074250454
86509.53428871788
86510.30943885942
86512.44202572353
86513.38058612656
86516.99505965703
86518.80786139242
86519.6947576346
86519.74581578486
86521.01802055634
86521.2432852359
86523.45009420913
86523.98452097953
86524.42348689288
86524.57878957286
86525.20363569805
86527.63943505332
86527.78779909792
86527.8817048702
86529.17460656339
86529.21626975584
86530.58852843863
86531.27656258203
86532.04630773037
86533.3375921406
86533.47929028541
86533.70916394968
86535.5519308365
86536.28048181896
86537.91336518178
86538.93922622284
86539.06265994541
86539.31726418393
86540.17169423707
86541.6474526401
86541.74755343643
86541.81248126691
86543.03006385715
86545.5033796773
86546.03841330369
86548.7321183669
86550.60438500722
86553.08156466005
86553.57608947592
86554.57968759551
86554.58380706175
86556.1346803071
86558.69667317899
86558.90897484729
86559.7440226672
86561.09047321262
86562.04585092438
86564.05062066716
86564.4317576061
86564.51231069752
86567.14414969648
86567.6248522638
86568.17750480893
86569.23371642412
86569.60723933156
86569.73445678633
86570.61276764466
86571.70540141367
86573.18904693064
86573.71621797683
86574.85180650442
86575.17078536721
86575.24555089422
86576.28593665018
86576.60448770299
86577.12652787105
86577.13909253212
86577.94213697567
86577.96489207174
86579.77608328116
86580.13900249219
86580.21625152591
86581.21479236058
86581.23456223046
86582.46597414963
86615.02652020742
87228.93592012177
87437.74661912852
87564.11931482726
87707.76351955759
88290.01096207631
88662.41851286218
88815.43284130406
89259.10626238617
89278.19788663177
89284.26243817504
89519.80184761898
89812.11507342468
90371.9010090525
90415.7197035397
90749.97619989577
90782.821117027
90896.99765102213
91104.81991728483
91159.27477905324
91287.43705172076
91366.98943979086
91609.56659703003
91796.49931186564
91998.10704139272
92299.90846078565
92592.69116807476
92841.27750968825
93273.82440331134
93306.592615376
93713.22295776554
94223.46752751114
94523.41231351662
94555.60338460782
94570.45457955397
94793.51895928248
94919.00625790416
95905.45776294905
96229.75543829717
96349.93379227462
96371.27353351032
96392.07572984416
96550.68245516451
96732.38860179628
96733.84807432891
96929.67783550324
96950.52036863743
96977.59021218172
97053.54937076767
97106.30829969468
97131.10421291413
97147.40879384543
97148.84559694499
97149.19078199554
97176.47651653313
97200.93956903754
97328.65855956376
97340.66630498109
97408.25568876915
97453.9818789549
97454.66446486702
97457.19405882523
97462.47284606525
97505.48674566764
97518.44902307131
97570.31275239389
97582.68198111118
97588.88792660121
97630.04588068188
97657.40033839102
97661.95423767023
97678.36652611515
97749.64405241646
97791.00878114263
97870.38995943448
97922.13846739271
97962.63842929207
97982.86852052083
98034.50789493968
98047.65152745873
98135.89536464149
98352.98999237944
98410.24941064292
98412.41509788827
98415.44526819719
98439.55272888669
98439.7608210525
98471.46600345965
98481.0619770567
98505.07448212148
98544.15886444235
98564.88463985243
98619.57915391284
98658.17521141426
98658.22471688595
98708.71964532531
98712.72319088336
98752.22509975183
98879.8323898987
98880.54888842849
98885.2674590104
98994.06671656434
99062.67759652252
99127.55189076073
99149.24922997628
99166.27996820296
99175.17487787812
99188.3341118717
99208.22690946906
99218.94677147218
99276.9470007153
99300.47629530766
99320.99127782555
99330.97867005912
99435.65792456649
99608.59708841279
99624.56320688603
99673.6584861583
99678.45892298163
99680.0036429286
99737.13408045402
99888.65606903791
99916.70792862467
99919.72673422791
99986.34564447455
100024.2621052333
100038.16142082232
100049.53916347321
100082.33765129118
100108.82817164237
100160.27488334701
100161.60807206627
100198.37091466923
100252.14637584226
100409.65704881467
100561.87619169445
100829.83638904494
101291.73849397896
101488.93883257131
102069.96556021595
102115.11956938333
102224.59094532476
102277.61178128512
102442.13976442952
102558.80939524612
102600.56371540064
103143.17138911589
103147.82147352397
103216.49232524853
103219.7960797977
103230.78356842737
103248.09013558607
103295.23932293203
103329.54907122295
103337.51976517073
103365.72067408195
103441.90311332281
103463.7014073632
103473.79006375195
103518.07418455035
103568.97395988561
103572.09374005612
103632.8899710025
103635.27571056015
103650.63897284986
103682.0172680985
103726.71612306457
103811.33671244571
103862.14531930436
103947.97340133956
103957.03924071911
104067.68314846675
104114.10980491812
104145.30223774957
104151.89640829513
104156.2001581504
104251.56209708756
104315.40681396109
104323.98153864103
104532.03156668629
104547.30126472723
104563.5348636043
104631.79945631766
104658.30264372037
104662.86034260989
104694.56146572648
104747.69827248475
104764.84816206542
104777.73021977859
104827.03144804799
104829.52296467556
104881.62745028305
104903.50860145799
104904.12733657136
104914.95376099298
104926.61546959731
104940.0977925797
104940.23787876623
105039.28854726927
105116.31909942639
105121.05975758508
105122.97443602428
105123.01680470657
105139.08485298674
105151.55131671924
105176.30514502962
105192.49003382519
105212.49753998678
105257.89409173744
105259.17968088802
105280.0698180287
105281.6938024834
105292.97761476038
105300.50964125236
105320.1745733248
105325.80682820376
105336.69231867269
105339.11102706553
105340.85409781593
105341.64177343449
105357.29801676418
105358.72167396781
105365.3467941756
105372.14318385976
105381.130718864
105388.7725894196
105389.48840874476
105429.55309647146
105442.63207910776
105448.62090557817
105452.15253280985
105452.45152554291
105474.30138034224
105484.44369771895
105489.23518230434
105503.93609205166
105506.5941351183
105530.36769785231
105532.10136865987
105554.4285211495
105572.43973265702
105590.62774960736
105591.51248311947
105598.93265355361
105601.87094321758
105620.07478734267
105626.87971373291
105633.8215515468
105639.11787393669
105654.72721426316
105661.07430862868
105666.2094852734
105671.57482833197
105673.79394762526
105673.9436584952
105676.61703148053
105676.71676516772
105685.28326019098
105688.21370851832
105693.95304637495
105696.17661395586
105706.24577297329
105709.4605342393
105717.22116937203
105717.76046185422
105731.83408786771
105735.89937420518
105748.10340490159
105748.16038850123
105750.53614343448
105752.12018196685
105752.31759815445
105754.55428335044
105754.55962641962
105759.58924193835
105759.7505284969
105763.45660020066
105765.31200767527
105797.31709675101
105797.59171955689
105810.89816689238
105812.91104246702
105825.58235923314
105832.2433632944
105837.84782294456
105851.18977783433
105878.40024438177
105886.89193647802
105889.6396289056
105890.0580532526
105891.18561274718
105913.01863649604
105915.5363000703
105951.64499546346
106023.40622104915
106023.53362041047
106031.98504668011
106066.48952271379
106300.30968255084
106346.89949406721
106396.0562507566
106496.4352489784
106546.05618328281
106583.12204170763
106749.98245902396
106793.19281496541
106949.8136976402
106970.01621192117
107023.96973335903
107133.28930541169
107257.93339851397
107305.97641282261
107398.99233021075
107620.37874347076
107651.58751869545
107684.67024357653
107714.62064301119
107722.57463307545
107745.63180947122
107768.20539521378
107779.88238078897
107895.61613174883
108029.85414730065
108194.12136644317
108339.82079302454
108394.57001499948
108411.31947084823
108446.93697034643
108508.42660431178
108607.33439731768
108649.06499754962
108665.0145402151
108715.1677129316
108833.77121212978
108857.74177105413
108911.24834664946
108954.98293976598
109023.46753656372
109097.59754282684
109256.0104136873
109296.81391814048
109407.51136673664
109491.5217962561
109502.91888408519
109552.75648051308
109564.96228401786
109643.9112296871
109805.3899312674
109953.79392654306
110008.40344164989
110014.79600395268
110052.70109815983
110146.6978393486
110459.11279918595
110482.88792599017
110507.03334013594
110859.4001048913
110930.67460661384
110941.92471405894
110955.6688132369
110964.61341642786
111032.2691725207
111038.83677814312
111048.31048602644
111060.33839366026
111313.9721264694
111318.83037362051
111330.43463916266
111358.10381616627
111436.20834351388
111489.87585390647
111492.495327024
111685.20964720301
111937.82756279409
111976.55493701395
111995.4707929608
112012.5739402864
112300.65423115465
112333.39746587841
112380.51567633098
112388.45823298933
112417.54715015617
112457.51573710854
112461.53819324051
112744.77493140829
112812.92786677477
112841.6373343077
112862.8537134484
112884.36008913792
112969.59577257863
112988.26252407668
113043.66533384418
113173.06316463718
113212.99429389779
113327.00224636728
113351.57361371527
113414.97468301629
113415.07529958217
113447.54085102078
113496.41062814268
113731.55702076698
113770.84224508487
113791.94723532484
113799.40539451216
114005.75377955128
114106.78083198293
114178.71602611302
114200.39257450248
114201.30801062098
114218.17372553183
114234.39394095149
114265.67464218618
114266.43846738155
114308.37096837211
114387.57111294387
114400.44918885574
114432.62527451615
114504.78121805943
114531.95507963694
114540.45837774384
114556.70025641988
114630.71032666019
114644.06471978151
114672.45983332585
114692.53656787293
114795.1055219074
114992.44180054517
115062.0040014163
115233.37332422184
115259.5662979555
115420.10756754139
115451.13885744766
115510.18433763822
115592.62677699655
115622.20236511333
115685.57317707586
115745.29707018452
115845.19850432625
115852.62603592731
115906.80417004086
115927.7253013785
116084.41389434916
116114.18675481778
116188.77704420492
116196.5282114358
116216.37510179776
116314.99701477838
116427.78190130102
116575.27248426419
116600.24538236785
116766.33489047861
116906.57410672042
116913.57041305222
116915.59769496275
116962.0669038909
117070.33023410194
117090.01386581156
117121.75064515806
117143.74325060862
117159.25763997866
117225.84513155294
117273.1907417133
117330.27303735481
117357.80323838847
117414.0375909571
117473.37076376803
117770.71822472467
117805.86386869072
117896.35981741856
117905.27616735343
117975.51546715049
117988.0980884537
118037.40721354996
119609.43685362514
120403.36648194116
123016.36685603388
123077.96442847638
123673.9287743782
126495.18716280135
128315.64537515418
129506.33414930548
129775.7313426178
130961.55413051238
134180.9016115338
134882.3614214759
135059.4947933157
135907.00461574493
138041.4965836773
138225.26265417377
139830.96314100275
141508.12375496485
143454.72282163915
144625.2147427513
145837.05307092442
145928.39816026483
146671.5505735118
150362.40122871957
150529.55422635417
151610.65844614146
151898.40659375454
154835.9236694919
156246.22837797785
156857.47374324116
158801.8189070471
159129.05327349636
159354.8046391302
159879.03727651513
160184.75199913437
161684.20596425375
161849.16607090575
162538.67088090262
162636.42026919138
163157.84790448548
163234.69024278206
163916.87143461782
165227.24084111696
165529.0419926609
165694.12722909328
166629.71728500718
166874.3449783619
167236.8248601237
167238.56838871771
168349.16418757787
168473.30085066892
169245.1031251793
169471.21063174322
169732.73146735196
169903.3312557679
171506.35944516613
171618.14599253036
172011.6832048063
172014.10655113682
172014.34828160977
172024.03513293777
172028.59934908577
172041.76567144028
172057.36830652726
172058.02049912943
172072.64865522203
172075.44621384965
172092.3357488174
172098.48498569595
172115.7598860035
172146.53684563434
172147.95451109624
172149.06240463036
172149.66748956687
172150.9630196956
172153.72795839366
172164.14998515288
172165.7485758977
172179.8645262559
172195.1997220188
172206.54308283358
172207.0171822621
172231.291139653
172234.8436905735
172237.53389391297
172239.83079999065
172249.53984986397
172269.89197298232
172270.86122577416
172270.90957355668
172271.1557029828
172278.9021618507
172281.33012664228
172282.7427457402
172289.30130243298
172292.22879953898
172301.5815430715
172305.20511986513
172313.6774791578
172322.087304937
172336.9580170694
172341.29664600966
172369.9787301462
172371.54741072783
172374.5261549813
172390.8957972704
172392.3405561171
172399.56159217632
172404.9466954099
172409.6621275267
172418.82280369356
172424.22844812693
172427.1800703586
172430.05452610098
172437.19453974703
172460.1437839734
172462.72895238816
172463.67932600595
172463.98045528823
172472.21267810743
172475.47985715885
172496.83844410893
172509.79624726163
172514.5648463621
172519.85284569545
172522.02813566642
172523.1566531387
172533.34931326937
172534.0221651065
172552.5007685542
172569.35346095188
172578.01607358048
172598.6537603707
172599.64035848394
172617.74470372286
172658.86361523715
172662.05546548
172670.64366074983
172670.68970075028
172687.89887970145
172700.04152000602
172702.38645480154
172708.6775826023
172712.67483148677
172712.88082206517
172730.26404949505
172732.8494649551
172738.20067812753
172771.59265556897
172776.09322655216
172792.42171270453
172795.5987263457
172817.67262715983
172832.43825897874
172834.60250358004
172834.93366871137
172835.10964347047
172839.69228722868
172841.22531600678
172843.48779351
172844.5686249503
172844.91348301544
172845.1740967711
172846.2137881172
172846.77371989295
172847.97995752393
172848.44908776012
172849.04868020175
172849.56742650855
172850.311032276
172851.22377847933
172851.46021759274
172853.12898905805
172853.315026994
172854.220013857
172855.3678087185
172856.36455871118
172858.58471178502
172858.59306288644
172858.59374316194
172858.9834567401
172860.15867151538
172860.33950510056
172860.42638918996
172861.15664416755
172861.82986573863
172862.43286056444
172862.59057514067
172862.6280966898
172862.869002055
172863.05598613946
172864.65045329224
172864.96692537703
172865.5917287709
172867.3881195753
172868.29214547126
172870.08770092786
172871.49328676864
172871.82233927812
172873.13971577102
172873.3024602074
172874.98640626215
172875.55853857397
172878.6097456131
172881.5156438354
172881.5768233051
172884.83093791938
172885.50502916155
172885.81824643753
172886.44139706294
172886.5674701643
172889.15732084902
172889.5361767718
172889.82923949914
172890.3625518661
172890.37351652107
172890.75983193386
172890.94539875514
172891.28339721347
172891.675082805
172892.55313778637
172894.4960098825
172894.58691932872
172895.84905270996
172896.327079088
172898.65644198557
172898.7345228491
172898.97809799825
172900.1872058722
172901.03674067842
172902.15151746673
172902.8809132971
172903.35035419886
172903.48173292505
172903.85218477395
172905.07949518738
172905.78992956117
172905.92917427004
172907.71060497258
172908.1040734884
172909.38138266097
172909.408529151
172910.3806840341
172910.40242719481
172910.58019261927
172910.91528985245
172911.54648575146
172911.63471381742
172912.25400816623
172912.6476991254
172913.24151774787
172914.3129336187
172915.9120472414
172916.01224440997
172916.7308021842
172917.2839551491
172917.51789829816
172917.94335756637
172919.1991056031
172919.98259957088
172921.65769488018
172921.81139434257
172923.73677597783
172923.89305435098
172925.74445241017
172925.88625440653
172927.15813563333
172927.50428453943
172928.44701350422
172928.8099364662
172929.10623726866
172930.13797925532
172930.1692139126
172930.62561266852
172931.93961217173
172932.93410859242
172933.96557755122
172934.38782207863
172934.49816233764
172934.5895333842
172935.6342566477
172938.5920922809
172941.3829921284
172941.6246487665
172941.77834482442
172941.845369694
172942.826012224
172943.28545986602
172943.96326052837
172944.35311623328
172945.00054393618
172946.69027394024
172947.0998784481
172947.5118780438
172947.96447908552
172948.13550015932
172948.4645465081
172950.22737468273
172950.7449460359
172952.02400131573
172954.49176804497
172954.8357805631
172955.99865036536
172956.11604163382
172956.4488097816
172956.52440515652
172957.2936781251
172958.19714631746
172959.01006172353
172959.5496662478
172959.76451337297
172962.49419113144
172962.68360134703
172963.22968101775
172963.80492138985
172965.1152985592
172965.83732142815
172966.20102057623
172967.1684952222
172968.14290485208
172968.3514695804
172968.3771790555
172968.7197250069
172970.2478939581
172971.20811270157
172971.65947893052
172973.1829312353
172974.86442126744
172976.89610090826
172978.06347920655
172978.37663976397
172978.41053153097
172980.0856327403
172981.21281583593
172981.57996801284
172981.93082935712
172982.34166302817
172982.86435444694
172983.08390795576
172983.45872647618
172983.52237817974
172983.55937763245
173012.3771273052
173302.7786947138
173442.4267519392
173567.33839934543
174376.53339998223
174608.3760831749
174701.6081458017
174786.8228511129
175004.11840339057
175069.06850286425
175357.02196527604
175525.1096928115
175827.18384472022
176762.83785243335
176910.94741767517
177082.41913481517
177172.08988178583
177298.71348631938
177873.5432931194
177912.75638239764
178119.7877604156
178213.26903265528
178236.6550249187
178311.64603050836
178777.9747735935
178922.69880703415
178956.77100480342
179119.70595557112
179346.38616647015
179707.86017640197
179929.1327479593
179954.96159992818
180053.4915963489
180087.86888450925
180144.35822321524
180254.04492383153
180420.16667451325
180818.63584489466
180915.2380267617
180960.88752049778
181013.25106699683
181243.45219355784
181312.7736123254
181318.48760098073
181332.91970336915
181527.76673069174
181545.87972726833
181597.8527129371
181603.7743910622
181614.7201858176
181735.6396621675
182233.8917683838
182384.5222219362
182396.70629755297
182622.6850511316
182939.2082838674
183292.31395849335
183366.68314970733
183493.5860174283
183568.4650997353
183590.17002123877
183621.32403518842
183621.83677824136
183671.17409285193
183707.21266101924
183709.21339567078
183740.02187201395
183751.64388112802
183814.4640679163
183915.66846104554
183917.27219545678
183926.55090967953
183955.82300360026
183992.5631502107
184025.3028030659
184025.92903103665
184056.554903874
184085.51106130463
184228.12307708286
184231.28098209162
184288.65600493902
184304.55527936772
184343.4320979558
184413.22005393144
184446.54515311716
184446.64283144003
184464.57368390769
184482.3631893708
184548.8088798649
184556.79122985236
184578.5676777874
184645.49562168226
184748.49778434285
184764.22233348116
184844.51325639017
184851.33514726386
184855.55322158607
184869.8095921426
184870.1257327138
184890.05993063288
184902.38523416064
184927.6192949666
184970.7609571406
185006.51545949123
185039.67501038508
185178.33139032742
185190.64042166027
185267.0019256912
185270.24508973505
185294.76420020268
185324.8123273843
185330.36733695146
185340.47446835466
185384.80428472714
185397.04191913508
185434.16946865074
185451.28839560825
185485.87836054037
185554.59070947344
185617.89970138026
185627.56821968066
185628.63465432703
185649.22018887673
185668.2886335595
185684.587378562
185705.15096038417
185721.25047177164
185756.94049651784
185807.0874166655
185810.44158804012
185930.2131524188
185973.6379022643
186057.17843888453
186115.1289976323
186122.9840123758
186188.08422104345
186251.6840976281
186269.43247939838
186294.58845889653
186407.43342271177
186423.70906288252
186517.01988694252
186536.98538894102
186570.20226345793
186587.7530618397
186590.19354139725
186611.94061853702
186637.12892668933
186842.57676103583
187196.65361904266
187397.1633690264
187914.12084153047
187952.24680832418
188078.07588902317
188388.9712944925
188405.27165965794
188693.9338696304
188787.0212724174
189202.44682894417
189451.81018689933
189504.01172924723
189510.21313634812
189548.36320685575
189589.1791616932
189657.12768666967
189682.45700206602
189715.86336741256
189739.5719513674
189749.29813690597
189756.423809766
189759.40358108736
189764.17294175975
189790.550473342
189799.58379171125
189883.6328129789
190078.05851906803
190119.01842124655
190140.55143675942
190170.15555684268
190276.99441827627
190310.15436360516
190336.37849666775
190370.2633439838
190385.83274221647
190389.07543238305
190414.75038891897
190424.9625576118
190449.46065961628
190457.10027922405
190481.2821242126
190514.65629328464
190544.97276025082
190600.60474125284
190638.2626768543
190660.06292279297
190760.260217917
190777.94282843353
190831.51247765726
190935.22558670383
190989.5905405676
190996.9909765996
191024.9900230142
191055.174948019
191102.37957909695
191162.31658151653
191186.20186510362
191198.05106556183
191211.11965806485
191241.3554221526
191284.99888475356
191291.8018137454
191320.7943739354
191380.85157193724
191416.70518035092
191421.8662269036
191439.42445092765
191483.54456978868
191487.99423471736
191498.79287536937
191517.56631111304
191530.24260384738
191531.705154854
191550.4249146394
191566.17313746203
191566.53851811934
191570.8888389811
191576.71991478538
191586.57998382582
191592.44599752148
191594.5530782026
191607.94084349344
191638.10450959313
191647.16127680842
191660.6936807611
191674.18170444743
191678.2516454203
191702.7236720481
191712.46310705727
191717.41286327646
191717.68927005382
191734.33513495905
191739.873644737
191746.10986244748
191757.5414631006
191760.0980509884
191781.6563563881
191794.66775378044
191812.45962335292
191812.79324710177
191819.10631281463
191821.2034744066
191823.3066020449
191823.33220867775
191825.06665305133
191842.22858997472
191850.76016070973
191854.26660634068
191854.52125127584
191863.23001053318
191869.06522747228
191872.20845656644
191880.58046902606
191885.9834244542
191915.27228301624
191923.26072495672
191932.49356681056
191957.69738099034
191961.95497213467
191962.4327670537
191967.74221856802
191968.05539040413
191969.9483566568
191972.52646321562
192004.58939721834
192012.38326635712
192020.4336479224
192029.0868817233
192032.39895574187
192034.1586295564
192036.4756863381
192043.79411464464
192057.57886398345
192067.4127512665
192093.58375507177
192094.06737835868
192094.19505658618
192094.70487926705
192099.09728317428
192108.4949749722
192116.31735626754
192126.7634221805
192129.13499164375
192130.44282882405
192137.41580427918
192138.82854832345
192143.03170436798
192147.23822272487
192148.90093720588
192159.87156357168
192162.92060023456
192167.21271424153
192168.33715787035
192203.52771093638
192203.69597021045
192205.69591509987
192209.36135720974
192220.94862463194
192221.52974045824
192226.04197205525
192234.4020158243
192235.86326323767
192244.78938925875
192271.79887811482
192287.48405262397
192293.12494259482
192333.3887394794
192415.98140733765
192733.54548190493
192770.4137920846
192775.54116809327
192788.80131394474
192870.42222862536
192933.77488573003
192940.59473070817
192987.71358791483
193006.5554691709
193124.60179049338
193132.28495557373
193135.39308638516
193138.99848119912
193192.5759513859
193199.1996132526
193267.47001809286
193304.74236581815
193338.98245449085
193365.71707037365
193469.13198835525
193508.21417710822
193526.3715319948
193538.74964205446
193598.31508323565
193622.27723846285
193704.14672813143
193867.62251558353
193868.04851730235
193935.8079002626
193942.56562401494
193993.82720970994
194005.12774363643
194050.45281865474
194129.7230436486
194235.7201782856
194246.5895367664
194264.24717231863
194274.02060162122
194478.35124613647
194528.80629727867
194543.60134358538
194629.97086655837
194669.0912622153
194695.55670260137
194703.41264735098
194722.7829719163
194889.5385830646
194941.27642102112
194946.2162498986
194961.11259606926
194969.5253174684
195003.73807579215
195051.36362730773
195054.7889925537
195101.26218396623
195105.7696490189
195156.01057069714
195234.3387913387
195353.2523887175
195359.72700610835
195384.22934233205
195407.90348898649
195416.7722886483
195453.69038431696
195456.87776299764
195540.05373216132
195583.73439633934
195682.95923193998
195745.15410230635
195875.94429719794
195881.83315915303
195937.74179432885
195997.576079843
196046.73612434877
196087.31760098628
196280.3616881879
196460.4310861177
196739.21499445982
196838.26670408552
197068.95222316356
197259.79302445456
197371.408735683
197375.41426425672
197390.26654179092
197408.60066399985
197540.59208895013
197588.10099178858
197619.32328643487
197781.58221160097
197914.6497061
197925.76689962455
197928.30305962416
198067.31280410074
198206.1434623263
198251.80600881102
198299.6085886792
198381.88430476675
198535.49213075597
198563.9761229475
198862.12723952843
198946.55413308291
198955.73688921524
199055.34471795082
199062.41376069232
199065.52105140337
199168.87382752862
199188.46424957653
199212.74523679915
199213.36286240682
199214.82477588954
199215.6722822972
199234.85430145898
199254.1241634613
199282.30881860259
199377.387418911
199398.55552705456
199523.35044743688
199710.5083305071
199784.10091356374
199872.25488121936
199962.74421757954
199971.25053877942
200156.91290146884
200184.88961151824
200231.7754840955
200262.6078962039
200291.7325546007
200384.8393203585
200445.92961310782
200488.97839487213
200584.87381904916
200608.97101405446
200683.7121296574
200821.62226939443
200886.42981981454
200887.7383843154
200893.93489787914
200990.58215475932
201024.41899352462
201037.87739721037
201048.7761960265
201097.14596342336
201169.53114833863
201318.53576472186
201339.3089107248
201362.78450030135
201375.8408309029
201484.49087545942
201612.5232298437
201688.42335404005
201759.16353422718
201801.18394277152
201844.23048393521
201848.39409977198
201935.518884745
201958.65259874132
202001.63084615595
202004.93780959919
202092.2124884344
202138.55297271695
202199.2307468146
202271.06471458473
202292.2676950461
202556.09231190756
202605.27751010182
202643.29289084775
202681.59544365903
202693.3417742235
202762.9959925984
202872.13113167457
203008.21068768136
203050.1539270628
203050.66533544523
203064.75931059764
203230.80196189534
203304.4663949912
203543.8284921865
203564.52232483056
203569.27512755693
203569.6632513268
203689.42905515284
203796.14360487706
203925.13750760612
203971.49044061342
203989.33906942475
204005.8835547486
204068.96216244745
204078.88688547595
204161.5976356656
204228.76673182222
204470.66034796953
204547.3365229945
204600.7051214591
206238.94669520884
206350.6649420542
206423.55121029876
209290.36624996542
210924.75386450364
212173.2537643848
213068.00434142243
213338.49844853824
213354.82659399975
213789.71457757504
215434.04461083884
215651.02739714063
215952.64691452315
216094.3830021538
217683.30498149042
219178.3979119243
221755.5190980614
222637.79512806694
225488.9190566953
225965.8087790416
226913.9098003289
226942.34468836046
228529.77978739346
228644.50262493166
228674.58702595296
229616.5785148608
232886.80404134098
233317.0214677911
235009.34708581597
235310.0997849911
238600.5931719481
239639.39255139427
241880.23621675366
242666.27191189458
242912.30001594068
243189.2810730255
243856.38856778195
244049.96160359465
244087.08194593003
244503.30225480918
245091.1027874496
245092.71753249218
245308.00807748828
245700.15204934165
245806.0279793872
246053.8237301148
248560.93091332857
249183.8077396934
250061.72499864805
250085.64238287963
250562.83696552773
250834.44199231744
251523.98935127165
252304.74060457037
252971.23458297038
253246.56923896837
253322.0023250826
253944.90097577803
254397.9353164996
254750.64605359422
254786.09182879335
254844.58183828153
255943.74841609542
255969.46387203815
256557.708357486
256566.54430775862
256660.45646123285
256742.78724250663
257576.41487874638
257578.59081604105
257619.7058174801
257729.68101254772
258414.0147806657
258417.46254611254
258417.52959569407
258423.40732645703
258423.8757552955
258432.27956690374
258459.17147283687
258471.9618793159
258472.51029401028
258478.88536982547
258480.59898967523
258482.19376825503
258486.98452727744
258487.49082396465
258494.76180134385
258513.12546889746
258519.69036625128
258539.28182950604
258573.37802893852
258584.23903781702
258641.700274205
258655.6554291583
258671.97137028072
258679.4148360658
258685.37791676674
258688.37988178746
258689.05059688108
258709.91767489753
258720.80759504138
258732.93127551692
258737.73939412506
258737.92970083808
258743.4662742237
258744.56204939392
258748.45590998165
258753.1249582928
258812.67003988102
258819.92291785055
258820.83360140078
258841.03657346554
258841.08141974016
258842.1728189675
258854.41482468622
258859.30477459903
258868.57519212778
258871.87778433642
258896.15467807115
258896.75946269432
258904.6094577132
258911.31960273065
258911.58870873938
258922.7431676091
258934.1235931004
258937.4396089911
258956.22274781682
258957.28586921364
258959.36317490187
258962.55473311886
258963.94047547842
258964.53154517416
258975.84878771548
259009.273998869
259012.0834944309
259012.48935940076
259014.65794982572
259032.3529345381
259041.89542714212
259053.2691625664
259056.80588144192
259087.40074403677
259088.45447353
259095.80449599266
259099.6823420502
259103.53212760144
259112.82732625952
259116.80531922588
259118.49264431273
259124.65026875824
259128.03705014504
259132.9541979641
259133.25953052638
259141.19219155976
259143.1584748891
259143.51461651098
259162.67310738447
259165.70604932902
259166.9606013975
259173.3015000884
259174.76013818063
259175.06326935772
259180.98268834228
259193.88880663674
259196.39382552996
