31.853687943899615
72.92549038209599
431.34893291261665
442.79534451169997
592.4870133352794
711.2746084522963
712.739956258503
731.6905158354052
971.8760751643432
992.129679182193
1011.5291768638411
1012.9007899998701
1172.454008690815
1291.6701419025242
1393.9311894683847
1471.4059612061246
1513.4331940906236
1711.501720971003
1713.7150744955898
1733.0975647832481
1812.8014209591443
1832.4613102343317
1952.9824715776244
1953.6895209987867
1992.1343872714901
2092.784986769247
2212.078676828147
2292.568911565451
2293.159176344724
2451.247680895018
2652.6297224545915
2871.509381183595
3054.2243241869514
3160.247804300503
3272.0581265362125
3396.238495793356
3399.0923961922304
3412.398671183648
3422.797540688864
3434.20958605025
3435.4806220043333
3436.3397556658974
3447.9484973569124
3451.7176592650285
3456.977696771162
3463.0095134667295
3476.064561325909
3492.589583333494
3496.5400164157168
3508.832038768035
3509.3655820802096
3511.549488881676
3516.493542730733
3518.7268824946213
3533.023171210511
3537.652141119468
3540.7835710883774
3542.942728429329
3551.4125043523773
3577.8666519368376
3594.1627662677383
3612.88682742745
3619.968323937898
3630.196030885035
3634.7831600004356
3647.9032954492545
3653.1043620565133
3658.9088154480037
3670.1726072635975
3686.840196577049
3700.016798860214
3707.331583206424
3713.2350208675607
3716.967268465951
3728.423116611963
3735.221245228606
3736.967749461147
3744.877777132271
3747.9713931511924
3752.105851897676
3761.1951249473336
3764.215338705666
3787.34110506653
3790.533626713181
3791.738570490344
3800.312847254448
3804.634361388081
3805.6606481041754
3809.4271650655005
3812.4903717651077
3812.4912234010326
3816.432863732268
3816.788165649903
3833.023202501202
3836.6438091028717
3847.5752997047016
3861.939919707617
3863.14695125402
3870.562703863591
3879.8502394530406
3882.4551880437753
3884.4391731508003
3895.054683385707
3895.8002117673227
3908.5786644172376
3915.4198465183276
3936.265049539354
3938.9254799672867
3961.6137956689304
3970.7149964108808
3971.292039505873
3977.1323495707747
3991.1228076967222
3992.49533116618
3996.8338997457818
4012.0968473183684
4032.6551771168615
4055.5729211830635
4055.9188175022227
4058.9525955621393
4061.7997050860135
4089.8981811405965
4091.802114942437
4104.420216883362
4111.357476228288
4112.081207446933
4112.236740407031
4131.158283655194
4131.42768683441
4150.418483688445
4161.5096641656155
4178.258501839554
4185.335328187681
4192.919599535963
4195.4667980231925
4199.892288509288
4203.317937451924
4237.628114771489
4244.42949631111
4276.295969999564
4290.8695530305195
4300.10394676499
4302.53422128872
4317.8285485347915
4324.448265578765
4330.253937847182
4330.598544698116
4331.979931885232
4341.383910657392
4352.087192263001
4354.518328051638
4361.837957085873
4372.749236059841
4375.22605619966
4376.048534033203
4378.246149775264
4378.412319573775
4387.937037061084
4389.490672627382
4410.053254537044
4413.230445065766
4423.816720384711
4426.375473627181
4429.105130585694
4437.278738135461
4446.344707063459
4453.634990218372
4454.811300623054
4475.638907690967
4484.681709460158
4485.610137380606
4488.050546701202
4499.508189816885
4516.873483349776
4518.446783022801
4519.9470464091955
4526.544499081184
4534.438922738197
4537.351518451559
4572.820807326065
4579.851305649669
4580.994598910007
4583.9025127750765
4584.704221206775
4588.28789046037
4593.946948457943
4593.985235019449
4602.382245733948
4603.227782719173
4606.6604581724305
4608.631483357948
4619.741284576064
4629.008384171638
4641.2594708534725
4645.204105080724
4670.88088785145
4672.312518683415
4673.335384860761
4690.51851598667
4704.065377020174
4713.062278246
4714.347974347208
4738.1531919317895
4754.818944278597
4803.171517088524
4814.0366762576205
4820.536249808492
4837.4106255361185
4855.216296577757
4855.8081406348865
4889.797430922743
4895.629874835884
4897.001618586744
4902.025031494988
4907.976028786193
4919.777714775936
4932.505530952432
4941.847491938898
4950.641385648583
4958.394882158229
4965.290505319457
4969.149146763134
4969.55049915046
4987.444580306239
4989.990847528129
5014.996118246012
5015.385043333577
5019.088996148424
5030.8490145003225
5032.8031708087565
5037.425609105572
5043.233011278372
5044.981421003988
5049.634412892644
5051.799381460588
5051.989614307007
5053.764735991672
5069.101233200276
5076.190597082983
5078.209572263866
5099.136290871523
5110.712367761586
5129.444657892774
5152.48410984315
5153.832746876807
5155.056889998544
5162.151171963585
5169.331536997847
5174.064044669852
5175.354054790115
5191.284968770036
5192.556788786092
5194.602595899415
5207.928161204669
5210.824641431612
5221.309030487436
5223.581179455374
5233.174191256269
5242.444983337749
5245.62852957677
5253.0136211859035
5254.136976153224
5259.258139917005
5269.35319194593
5273.35369326184
5294.8151287333385
5296.510694084635
5296.6622875497
5297.443357880675
5300.389648315845
5304.072690300876
5334.190858853275
5334.4849501052895
5348.584085543267
5367.725972194754
5382.802459797745
5383.6810411208135
5391.658695673551
5397.392371917785
5421.512658722979
5425.031346297389
5433.057108759572
5441.6180433004265
5445.6210167026875
5446.5038029283605
5450.351476799181
5462.0960411696
5471.002569840216
5472.685711651379
5483.980453265593
5498.094475778539
5501.62995821523
5501.90598694471
5508.5553352659645
5511.482670216221
5511.897395659275
5512.355586521544
5515.4252015086495
5518.558874459849
5529.801695434444
5548.541713925943
5562.8106351335
5564.727274379399
5573.201184780676
5579.089886754231
5583.868225319768
5600.743029434197
5619.191292136427
5630.181434188574
5631.863194542349
5673.21768534852
5682.487155543858
5684.254391690721
5705.926219768584
5706.750487007675
5709.91846350123
5712.841284897914
5717.027474397775
5730.196091044524
5736.707928699212
5743.255549387721
5760.927435697508
5765.822901601697
5771.340957055021
5771.83962755524
5783.607405993767
5801.31950255115
5808.993188806102
5815.056265937299
5830.505438559616
5830.825320841858
5831.424965854288
5852.330887860447
5858.865398571209
5863.412425888312
5871.141433912244
5895.356818315444
5896.791328564971
5911.912444880865
5924.738550107621
5928.423614749803
5931.658814079202
5933.529711381167
5947.850210733145
5952.29971878218
5952.47447877978
5955.9529578334805
5975.681906733093
6010.731822421219
6023.01383403463
6044.98973448831
6052.747275852268
6053.121166889715
6101.706714095249
6117.155654545039
6122.425872339197
6149.753917928823
6151.49142305642
6228.175029560534
6233.522951664975
6244.31508524842
6255.073496595916
6295.357271972984
6334.184940883558
6373.357770850547
6392.512519704472
6419.641418217623
6432.570737760402
6444.195004142883
6460.634422301391
6538.606401759609
6547.963730425466
6611.307780258484
6632.471733815367
6687.923470363424
6750.571337525613
6753.81042382051
6860.923101617816
6876.148585611451
6880.52387988258
6912.073449384416
6950.881433137724
6989.176167240227
7037.405859004942
7043.939285404637
7085.278136875279
7092.268278427012
7098.887549545125
7134.38013388961
7137.258964040926
7150.223764903079
7159.727923913647
7189.478708498682
7197.881755886514
7210.775639455758
7230.171638689014
7316.137343967904
7322.483488120317
7376.551583630145
7430.288393398625
7438.389385346579
7454.279332534089
7493.746141564378
7501.0701306190185
7518.671022010132
7584.387024074385
7678.308227715409
7686.982105762585
7715.136582182967
7755.106117891161
7772.981328011129
7776.338552285704
7813.387521340771
7820.990478505766
7832.446311338358
7833.3787895372225
7913.841882487372
8035.788915774877
8037.6267942730465
8039.267843389901
8039.524834017233
8111.797952568787
8152.11190664933
8162.110026485568
8196.979224008242
8211.557594203437
8232.560688413672
8287.14889047612
8297.189189055778
8351.19251922591
8413.039853934693
8441.166915636335
8446.328788136663
8472.519860528522
8500.997233662885
8552.966622094462
8562.862749002781
8570.027315789524
8570.513568347023
8592.126916570645
8603.074467200297
8632.399077594582
8643.357499720541
8691.938131187786
8692.219889200163
8712.66630196957
8801.664141128504
8826.209973645535
8832.458748651145
8872.07986555596
8918.10031367715
8964.806987003569
9011.452981114218
9017.405648247277
9021.814891225767
9053.673152763906
9053.821872836115
9057.811379383067
9105.24870941665
9120.881218479975
9132.158496518474
9133.146892387922
9139.091169467049
9157.876506440185
9185.560774680895
9228.446817570299
9232.76189756331
9243.044247251974
9272.243592941604
9306.795087565484
9325.3933576797
9326.309684183216
9388.897576302177
9409.06727046795
9430.561609213823
9473.457243239944
9493.264711203574
9510.740450724397
9569.93029618557
9571.183890231949
9603.334931302501
9609.33706468915
9612.965661891318
9651.491130946857
9672.960406807728
9754.175880319097
9773.337339112364
9773.660161526508
9802.152133880063
9812.828718841973
9872.622764141719
9913.881333788388
9985.637611300555
9992.112284353416
10088.831043996477
10110.536408604807
10123.510630773368
10189.237591286796
10192.878564244049
10193.750734065286
10203.986533245705
10222.452985118123
10227.877315114882
10232.668558627354
10236.990749728187
10254.364934019703
10267.533941590495
10285.581282356852
10300.231365182955
10304.938793424093
10364.626909979786
10382.416312619614
10409.73374993921
10443.198952581934
10446.691267462995
10472.963203538993
10502.009210582988
10503.398479321555
10572.171050011679
10577.561764988404
10582.414900706955
10609.01252192856
10620.543427569964
10633.258338897094
10634.425689920772
10634.44341672336
10641.333087633575
10651.500117474881
10659.637837846969
10677.574086771705
10696.359185901623
10740.442009972745
10751.696038069424
10766.52538137001
10798.9252332445
10832.380447966647
10839.973667741302
10925.472919850414
10952.57467137851
10969.37772327816
10983.919485848206
10988.22003217253
10995.273541933357
11007.003734347434
11030.248093441653
11042.318250382315
11087.03364539906
11132.539929414232
11136.594876630812
11143.046012846386
11178.679152339542
11211.865884551571
11213.458935936156
11218.70309379185
11232.22257746046
11239.90081988468
11250.852037641916
11278.243806224544
11310.773469688942
11352.450493729351
11362.523927380738
11411.481923022267
11441.046802188532
11451.969495980444
11452.946192184312
11552.472883961478
11552.672837375767
11582.464950697497
11655.53009906489
11669.096126604929
11675.276949460984
11688.544542509417
11721.884688602482
11749.772582735448
11752.831178054696
11765.878081386394
11777.862882963587
11792.327877115387
11810.857544011513
11811.028737395533
11813.402984900893
11817.829803971368
11833.446943129544
11835.763155542221
11852.914080219525
11892.434711657126
11893.452225463077
11906.905577905205
11927.94656958536
11933.044967743393
11972.614429898185
11992.755082383706
11993.896926473293
12012.643306223796
12031.231187168376
12032.584128815572
12066.050931917296
12133.409766867235
12172.723753476697
12192.226994317321
12213.319082196598
12392.270760952362
12411.536327978489
12428.028261667958
12492.063144977797
12512.320531877876
12532.82056675969
12553.547100342203
12871.693594043893
12975.372913097173
12992.668089665425
13009.32790432806
13073.441009058108
13172.047105933285
13215.196159180352
13311.774196088038
13616.772330246173
13772.272837588
13883.311701274046
13893.594103265446
13913.738563027764
13935.855945298657
13952.659048310039
13961.878404011613
14010.465311099799
14010.574618620576
14013.093644385306
14232.943135610829
14272.545968122782
14291.759428622263
14292.605727819098
14293.20681434203
14512.206261273672
14552.4583804663
14597.421648557762
14653.494012631201
14692.95525273132
14712.536216491106
14813.119100535707
14832.581897219858
14833.667633654382
14852.153384890327
14952.685693501991
15133.085816183746
15324.125971493811
15441.612573930395
15453.218690480782
15773.638259773277
15792.507784922223
15793.758224692932
15909.139247067096
15972.310019417018
16012.558433863896
16072.601649854385
16172.705566563105
16179.882822275966
16292.783880650595
16313.277574278089
16352.258949746954
16393.578572031598
16520.061576259046
16572.828659778526
16612.301506454776
16657.474964176017
16670.81215927115
16692.276414143776
16692.947210063343
16732.45599153318
16852.42779903219
16912.91217631255
16972.9836963961
16993.407126208516
17013.491086957645
17459.393692980193
17504.596026119532
17653.63731506593
17672.751832152902
17766.484800405808
18214.13436610194
18291.443468096586
18392.26871423199
18451.92162598145
18453.312948526152
18512.388415369478
18535.30823347939
18572.99471075692
18573.93853199421
18598.72557048069
18652.607980850204
18852.36603325628
18852.442339673187
18933.66882834668
19052.416366423662
19112.090989714106
19211.847236309353
19253.193196081662
19890.98306903665
19912.57643393089
19952.366207818828
19991.90531606005
19992.078892644542
20050.878102699426
20312.37105821804
20412.639019804912
20735.78457541239
20746.88023647572
20931.710381791734
20952.7878611947
20955.72596644084
21058.921955810467
21091.61774455014
21092.972425642183
21152.80976451775
21172.839921364663
21173.89452520845
21286.737565488555
21392.83731769191
21392.860587832718
21432.06931539603
21471.010176308173
21472.123511924914
21512.193371687546
21538.483883853693
21572.992666171616
21714.526132995976
21772.726395393944
21811.971980177677
21832.551861958964
21895.678716159764
21932.924503905688
21951.51502866981
22012.155040820875
22132.71191378829
22169.197834357852
22372.379797659534
22392.38507983306
22412.13676577527
22448.29468377002
22533.131033383692
22573.18033362985
22732.739120846752
22744.54351092835
22808.29676438264
22854.052986029048
22932.004392558127
22932.235906510174
22964.39331647084
23033.679797237917
23111.37507595261
23193.090990290802
23375.454151658112
23394.903699338534
23470.261268529797
23523.84392028206
23871.198985273022
23933.64721841244
23992.101222793226
24130.7937961269
24433.087513526025
24532.144305940456
24616.430840599718
24771.852809534117
24792.472464032006
24939.28602449461
25072.543894098184
25092.82072078448
25311.613857557062
25344.00794255412
25452.515108891457
25492.137843921348
25652.286970896126
25752.68991164827
25755.689543331006
25816.012470174268
25863.71009191988
26032.01182032634
26071.47295595142
26081.492234621594
26132.28343032007
26132.780786426723
26152.56544689316
26172.88438283716
26352.799671293124
26411.779301380597
26453.215793871303
26489.31877277752
26506.84076651541
26538.04763625405
26553.0315193112
26712.780662375935
26733.353674753707
26812.265841626846
26912.94848515384
27152.93893786836
27212.2273948949
27311.86357978654
27553.153580867725
27590.625178866263
27605.430847471634
27611.812521112533
27653.474794546906
27672.63146009487
27694.38888146915
27910.719109677415
27912.16786676136
27971.479696950802
27971.647827387864
28093.217226495573
28191.999764402077
28205.208188645665
28274.264956250543
28300.8792444475
28333.36718520736
28351.895117732663
28352.441929066914
28393.66425425629
28453.07326489044
28493.413334804936
28525.380873411388
28630.535688678778
28763.480011620024
29013.131977999565
29029.38798576252
29058.88066802592
29072.51903530955
29094.34509512456
29111.81899148088
29153.46670163833
29199.525485550126
29253.493175479325
29312.097529234958
29391.871488195815
29394.57356321795
29422.338902808657
29511.38995564132
29642.617240201635
29651.48550821059
29751.703733339982
29788.709147310503
29833.20499476455
29833.5710113593
29916.01688619012
29952.806868974567
30011.272612877896
30053.567830934633
30193.77919605397
30212.193668446962
30242.318281072443
30272.031440046943
30312.46911125155
30351.580206809103
30392.388726962152
30447.53777666501
30473.05176324562
30719.25880224483
30883.196503009414
30908.322764534834
30935.950997254065
30952.693121942277
31020.445629019057
31033.167475532053
31331.136389214505
31391.976151283114
31412.439699033308
31453.16487883612
31473.23697644713
31611.78917161945
31692.293364854137
31714.1337226354
31732.147262015085
31970.184304116585
32071.763295627774
32072.63484372231
32108.105405248236
32151.99933900835
32180.012983282617
32242.63976525989
32412.65352328486
32438.32369957038
32532.151550877676
32631.720920713313
32831.08857721009
32874.481345794804
32892.43580583448
32972.59143004751
33012.99398483629
33013.23360370318
33051.848081834076
33073.002630179435
33120.415070079405
33172.32051385842
33292.32141987022
33349.238144656745
33369.27028799193
33411.84192896045
33451.909927686436
33492.39311221365
33625.25617631884
33631.662459089974
33653.024539306534
33733.87460675298
33733.93646478912
33891.93769808499
34054.01283430968
34073.15869703812
34112.85292422855
34132.37853687515
34321.74654624899
34345.4499670229
34351.64324359018
34412.53189153952
34492.65031449529
34605.38167819475
34680.216689652916
34712.75200447939
34832.42360247173
34832.72174663383
34913.04923002654
35011.875228277706
35012.40067831848
35013.16426572829
35053.22642639616
35292.917496842725
35339.44770608165
35416.18618318606
35472.99205400618
35493.55250557313
35532.42189839887
35552.66615873388
35552.735572116675
35593.03870764353
35652.19873294785
35652.49733250431
35672.45327168466
35692.28573193248
35758.59935353738
35852.945510208614
35909.39712008911
35993.21919930647
36123.67090495906
36451.117192619204
36512.53079882605
36532.705253289016
36773.759224051115
36826.247775996766
36911.91936487686
36992.60809460983
37072.75259369936
37078.60860691808
37151.85592822855
37171.45364500278
37174.08910770319
37193.94038471403
37271.786513818886
37391.17688701141
37425.32062835284
37432.62860576982
37532.818253150304
37673.442678621155
37693.01926987619
37736.37303790212
37794.22370509833
37831.36383930483
37892.170211251614
38113.150507319435
38351.57440409665
38592.6457567138
38678.28676664862
38752.78673473257
38765.17842709916
38793.62870592169
38913.45031217516
38931.927568050836
38933.019163009165
39233.11574605483
39233.71994879965
39371.753102718314
39472.99015943863
39493.96695633453
39541.63707428054
39572.29556274958
39592.07712981024
39636.60683831856
39652.89399351405
39672.80602520437
39753.094662870804
39853.059786655256
39872.879931141666
39934.00095901229
40052.210518672226
40233.375959242134
40291.616616371335
40352.12882271062
40384.811374022924
40568.1935054753
40571.50683600777
40621.22118877178
40797.70566784903
40811.78498829948
40837.959980812666
40853.91933686225
40992.986417469416
41081.828968711976
41113.54600201548
41152.114893819176
41190.973480082685
41238.734587660954
41284.91663358795
41432.32267027037
41433.550080115805
41492.27821601345
41611.826418410616
41672.937103547614
41673.51133844347
41705.323054214896
41751.57461180624
41793.50504589772
41818.33290773675
41832.46183363482
41874.80978043225
41883.99027809999
41893.143718566906
42018.83564906906
42213.32271649834
42332.31035303488
42357.51086338616
42392.28231388001
42419.56974386132
42475.47275439124
42855.418285750624
42888.963320733375
42911.32492586295
43012.9713956656
43113.87385729126
43132.45002434621
43174.18376770096
43292.810587594926
43293.34627503953
43311.35905451609
43452.56503009983
43568.36045077771
43673.8618988918
43714.08287944171
43751.91763907941
43833.04717087822
43851.27834575058
43993.82796635567
44133.170332062175
44212.27263993957
44292.498334795084
44332.35359376982
44473.15760012163
44556.89541891954
44571.32106838223
44833.294956176775
44952.89429176025
45050.94462535666
45074.90147603582
45171.544069008385
45391.61505037329
45412.50930589641
45511.27225313199
45633.362024822236
45772.18950590582
46392.63336579058
46412.3832003371
46472.82813788151
46493.1704212377
46514.0796973862
46531.31551954942
46552.61076335356
46632.69276170035
46651.81323148303
46663.243275130415
47092.09365576475
47295.740233833734
47592.43137985914
47612.30774252014
47632.66907645662
47692.017118092954
47812.14854913122
47831.45126308261
48013.08619815956
48172.06943536962
48232.009731163686
48330.94913824595
48374.018336109366
48514.42000162569
48532.72387913587
48553.11146738364
48713.55620071638
48792.51342528721
48912.85280168816
48972.73437770319
49013.45283596326
49071.57536139991
49074.09801438948
49212.62285004764
49220.008302714465
49353.39147091622
49373.578638661296
49412.5668021303
49533.97740469343
49588.33522824737
49593.341999656644
49851.81709172073
49972.747615997636
50032.18350228792
50331.547286031535
50532.571216900295
50614.490194595106
50789.921172703886
50871.90830139453
50974.01198453972
50992.366859364134
51350.04408859037
51413.520652569605
51432.43008611347
51433.86996139547
51571.96431359217
51644.28495320487
51673.80543143583
51674.25816071111
51712.76343709688
51732.690060043824
51752.248918104946
51753.20699391373
51792.155622643666
51852.55446041313
51873.66867316346
51892.734419893575
51993.41064051009
52046.1577115724
52132.707902727736
52193.67399182288
52292.47316821687
52512.91134406336
52513.312944516365
52652.79667483078
52991.806744720765
53052.03555501881
53132.65960969988
53411.85445496331
53752.241996461766
53811.63926916108
53812.11010729761
53813.546593335
53851.823489782146
53991.72909259171
54152.6632377563
54332.21558625819
54432.44021989917
54573.928362669845
54591.59058342317
54653.324721771394
54751.99050677615
55112.62612965204
55233.28085033777
55293.85409627602
55392.81084377803
55410.818583244494
55532.14135227763
55532.831430349004
55611.017243152804
55633.92610407612
55731.65162143554
55813.599671855474
55913.10786096184
55972.7371303741
56093.09188882615
56132.40254901511
56253.01567879213
56381.67453351803
56612.78955056249
56671.928849302174
56833.680061467865
56872.611705972704
57225.19274131053
57393.782918842124
57552.667751599794
57592.114726051506
57651.436475896044
57851.994013061165
57952.329754638835
58052.58466463858
58113.38295634481
58192.09031093006
58193.501254051414
58411.861834861724
58472.429922047624
58635.96934420953
58712.32802027066
58832.81064518146
58991.79168335413
59046.489745322324
59052.087386215826
59053.31096780713
59140.010956771206
59184.93968871691
59252.57933993082
59327.77916902494
59352.2021802351
59352.553503797775
59353.933356200476
59510.31743555794
59533.890432233835
59545.19063205675
59551.90401845379
59552.62541086472
59581.70461829911
59618.627906841735
59633.09329848327
59652.54168719048
59752.858442129764
59769.12195201649
59851.74835358529
59879.05110089197
59915.83328108189
59973.86506503272
60013.568983131154
60052.42899045682
60129.05499073338
60132.52879832463
60136.75421579131
60192.34487070244
60192.75235435179
60204.463164463006
60211.84352558892
60362.273316183055
60373.36962299791
60430.51538560562
60503.56345905399
60540.211834522364
60552.54857620486
60570.30548804491
60573.11610347044
60588.22637253207
60670.67839144416
60693.225081830315
60933.6746778516
60962.77739900266
60993.58938603318
61011.286823058275
61030.736360853465
61049.878400295376
61190.488289269175
61352.92704903147
61393.041903191595
61432.47680040966
61526.97238726304
61552.89592803109
61606.8182483364
61633.809272750885
61733.56352918449
61773.65577481672
61791.89640354183
61835.260610371464
61838.5242138717
61914.3066260091
61921.98803334114
61997.047398575676
62045.95244526865
62093.1835294097
62140.65089660877
62152.61961863911
62227.18007649238
62353.68387905066
62360.25719837261
62393.32915347472
62412.138573194745
62471.421727536916
62640.667419542566
62657.25747586418
62705.55875907861
62706.86218996291
62712.5984404104
62728.55955723319
62803.71208323232
62863.724392093885
62868.43160068083
62875.50473546842
62973.701737554205
63013.71686934274
63073.22140854206
63130.65286041295
63165.1442863119
63231.103327863755
63252.14927434032
63333.352750895276
63351.419211376764
63351.46733011294
63408.77838638513
63452.47126716059
63487.16856295176
63512.33649035959
63516.67683485253
63633.1481860946
63672.89481740615
63768.033247721796
63892.13694195821
64011.80960426692
64062.42629361269
64072.52486001867
64300.27874735784
64373.12319882476
64378.580967256436
64402.76590205475
64435.84623229648
64490.69425167147
64552.66556413697
64603.86102326902
64672.905703051445
64704.02210113988
64892.480792448325
64940.6581016995
65010.065379689855
65012.95954916636
65013.39049045453
65052.4712943397
65167.81275497339
65201.241264002696
65246.474110184674
65263.79783463113
65303.311948059156
65331.73251268719
65412.514231331304
65469.2642176473
65492.045748941564
65501.124776966964
65532.19722724485
65532.33671518562
65572.49584334556
65642.51165882127
65691.33574540402
65773.9198043387
65872.3153598668
65872.69951231094
65874.99358166281
65933.80516579193
65973.02679729051
66057.58824382618
66168.17308666115
66212.24294903403
66241.98899435936
66272.55044019573
66313.29798401803
66342.44014079975
66412.31583146882
66433.17419514919
66452.16844756207
66492.90820673223
66543.01916750816
66574.42383643075
66581.48348142303
66693.07127259772
66712.43649042454
66783.14539711317
66817.68381703236
66853.0580720552
66864.04944082805
66873.54191512354
66934.35956043449
66943.95693026258
66960.54956181442
66972.2208265156
66981.69356921127
66988.95406275087
67072.70603436072
67124.25020296537
67155.16938173657
67223.62105330938
67258.37202036573
67271.97908031772
67314.93261940956
67392.55804303441
67476.72133579424
67513.15039363355
67752.82068692344
67792.51793598106
67802.06736366465
67813.35437548615
67895.18612403066
67898.03137671879
67952.52590081509
67987.15714742045
68063.67949902533
68092.79309433106
68106.57559419124
68245.43383392793
68252.36491745338
68272.39925732912
68373.64479775196
68525.94516465571
68733.41608746632
68790.53154874161
68816.67658146741
68833.5298160568
68903.35837843496
68920.84713078832
68947.88918905176
69022.6544609607
69030.35090813617
69046.37635120928
69152.79164878173
69212.1611922173
69371.40845228247
69442.43406972697
69472.23176376526
69560.55272128759
69629.00671165239
69638.5031334101
69701.36453414547
69752.56780789493
69788.99345873673
69832.84714977501
69852.42645476857
69913.17671116702
69939.26974888622
69978.07116068398
70032.10663614585
70072.21587876412
70092.67165067539
70133.14725649876
70297.95914039246
70363.11465177515
70492.97920252108
70533.03089907004
70533.87560218057
70554.25965491906
70600.06756079308
70681.96465273637
70711.60403449551
70800.72755041903
70831.87555310396
70832.98458172898
70906.05041021826
70947.94288315825
70973.19330801297
71012.85145091933
71031.50177540672
71033.70726678286
71048.55895568141
71097.08986264034
71112.86237395465
71133.0692470583
71149.13822937648
71165.71377648518
71193.09571145769
71212.28740586626
71230.4586103574
71292.55625291179
71294.1016319503
71304.9500601976
71314.8408261091
71353.87409930899
71371.92549228191
71392.88845888348
71422.82957385929
71474.28495561516
71593.29742628969
71673.15578850299
71676.3417073024
71677.29794257334
71731.44408417765
71813.08670014057
71831.44011411752
71873.39588849679
71971.63781787184
71991.9166102208
72111.75534176838
72117.43786947285
72118.02034479525
72192.35714272366
72231.1213200361
72331.75478756579
72412.26390128463
72712.8070358111
72859.47205874891
73005.88691242837
73063.3868030065
73071.72366003528
73111.8325330155
73192.59317993559
73213.7091977346
73273.95605845696
73391.7826418453
73432.24697928573
73451.07158864445
73531.3603854346
73672.77163796985
74052.45068731073
74131.11913570929
74131.35082945222
74213.4736291438
74333.32167818288
74639.37479826609
74651.2889194984
74651.68898272948
74693.76091201723
74712.74185738315
74732.33213704804
74733.09760302934
74752.02888664577
74752.29405823605
74913.69204415129
74973.60665900586
75096.87036624976
75113.5161856392
75251.77333378278
75313.58897068558
75448.00973804892
75452.26106555884
75492.2022700479
75512.7492697894
75549.20626834902
75594.38015515394
75653.56297244919
75672.40421729497
75931.12847925637
75932.63114842924
75972.90391861384
76149.52655314875
76180.5059561719
76193.96316977535
76232.26464688612
76252.94541994874
76273.18586917376
76331.1743257433
76493.53733484421
76533.21953937404
76591.79923675132
76672.08215829586
76672.13747670726
76710.63923648323
76842.46436609454
76924.69717829341
76992.08884857614
77012.58865855828
77233.48893778522
77292.32556738524
77296.43062272311
77333.5482713708
77372.2140175828
77431.5403481383
77452.3470636435
77630.3054034797
77691.9246640085
77931.1714398306
77953.76669386496
78072.0837794693
78093.39084412833
78193.71535892427
78212.38388747413
78213.4780211
78231.7434084233
78312.46330835405
78324.24918752105
78473.08719160037
78571.94198376146
78613.7827744416
78652.54281057615
78732.09085877934
78867.7864862073
78873.60200630795
78892.99387555526
78932.3568041933
78972.47208396206
78987.99150888588
79134.72988323045
79232.09749790262
79250.26061360056
79452.93300198244
79532.75713527437
79573.19806262795
79592.9698822904
79673.06267375467
79912.72010979004
79914.20935488254
79932.15252811761
80072.15607262182
80112.82392287947
80391.9609905118
80411.86526961427
80473.97961321316
80491.16981176207
80552.19928997509
80712.58857635783
80752.70251052942
80812.40316739111
80892.62214993942
80982.66933847594
81312.30734666421
81312.57993630017
81500.21476776917
81592.8920207994
81692.31120347991
81772.16048198722
81873.85040711232
82051.29412361354
82093.05094572372
82111.66900312013
82271.70656916939
82392.8439840585
82412.28338834987
82431.81510855592
82473.06441569107
82512.77132810181
82523.74920389714
82552.0855216178
82793.27376856639
82812.11883856177
82853.41651853001
82893.62981194617
82992.53999541487
83192.87110943989
83372.13958880419
83372.71349564122
83452.4079038051
83452.72530651206
83512.69187886336
83533.53322858186
83851.80570498855
83952.03685473428
83991.61831747783
84013.73111337944
84111.34033180823
84311.43339136204
84412.31309810768
84471.73753992368
84492.2295494419
84755.42249241669
84758.80135528956
84852.35892538146
84913.09662352904
84972.78219115987
85012.40350805006
85053.63674480232
85172.83911657489
85173.37748467264
85392.59675447644
85512.42983259157
85633.02014874533
85710.86164341532
85713.20324170584
85972.22376288025
86032.44594602272
86053.02469581651
86101.12001101053
86132.16488850648
86573.94127058453
86652.8879448843
86711.83931392651
86772.43780071377
86806.47061057205
86852.57171983428
87352.03336570361
87352.06204247742
87612.64993871111
87752.90640118111
87832.3446123717
87991.74211810286
88392.62239389577
88413.01504971275
88633.39529387844
88651.63187571884
88651.96190114811
88653.20316013301
88751.6713208899
88825.03886199454
88851.81040496731
88871.6676894338
88873.06485885834
89153.66143349925
89232.59204188295
89233.23873997222
89252.953760681
89314.12860919436
89472.835672903
89574.14807082093
89601.1156923801
89631.8551786698
89652.40286609206
89782.31210003163
89786.38013447069
89787.59014579008
89792.47027803304
89796.26307037548
89797.65253410212
89829.50512987314
89832.97515105303
89836.50310168376
89849.05226150641
89854.94479841011
89862.3208616401
89870.29297441592
89872.61883729667
89880.34509414618
89880.64755716313
89887.52346283577
89889.51598060394
89900.43052577572
89908.40842078545
89910.70551969358
89925.30776077023
89934.87311978001
89945.17470125236
89946.25635848564
89952.0444916032
89956.17135702951
89961.26054852307
89975.1126525599
89986.87024423774
89993.94811923675
90003.70683784682
90015.08514959953
90018.74490632437
90025.67020103695
90037.96949422736
90039.4179318603
90044.0703162908
90047.77644973808
90062.09230500979
90063.01330661068
90069.94210762822
90071.66952420508
90082.38490741602
90097.3178930589
90103.9669014473
90116.12107601188
90123.443505168
90131.4744151875
90132.82880954498
90163.34780867695
90169.68333719992
90189.28032126339
90193.48528623763
90194.63490339993
90212.68651335442
90219.05064856033
90220.86752402419
90223.34908218963
90235.32416599093
90253.44054047464
90272.96280304088
90281.08962745813
90284.23167975809
90285.52667576517
90291.67028599003
90306.33989365512
90328.39384517947
90329.85490344871
90335.95044482203
90343.58123936981
90349.32515308751
90370.99678182743
90381.98309418681
90383.45881257614
90395.3520550329
90423.92219991366
90426.24769041363
90432.60156898097
90433.7396472806
90440.11717693502
90442.37382390922
90445.02692394328
90448.93318521665
90452.22451321737
90453.04377712266
90469.35978740067
90469.39372126249
90485.29616004568
90519.98969396121
90526.15533549
90529.82503447605
90536.32343761517
90543.07188450436
90551.94789919294
90561.29285423327
90593.53838727696
90619.83894373699
90639.61675135797
90677.62061351631
90680.19130095119
90692.11287169557
90706.88134948451
90720.98885253482
90724.73145034318
90729.97319403822
90734.10166274013
90734.6544657579
90737.92129886756
90750.17401385694
90761.90749516062
90762.74621839995
90768.35775763057
90775.6971033819
90780.33700517411
90788.64612740162
90792.61053145626
90794.82503273053
90795.21463624168
90806.72715820673
90815.96214735974
90819.72331015003
90821.78087171621
90827.3961959071
90827.51498515159
90827.87548192705
90829.00445520456
90857.23823646091
90857.60838348228
90870.77208143202
90876.65066044843
90885.3579589117
90897.26459591692
90909.3799071133
90910.48855113501
90913.87942972401
90915.92683989769
90927.96149380428
90944.56155970955
90951.11084600128
90955.22735848882
90962.10121026075
90968.63517033329
90992.68466576144
90994.23645054855
91009.1829269463
91013.9110971701
91037.50391367104
91044.27940258136
91047.26030291038
91056.90421277013
91084.28238726521
91085.28499643922
91088.66549137463
91104.25691483413
91131.08220690684
91133.12513979073
91141.11527760205
91142.81381816589
91147.62231513926
91151.54823596399
91162.24173607728
91173.70077192198
91182.3428598725
91188.87033787154
91212.3673316205
91212.93186733538
91215.99433811956
91217.92825073792
91233.47152922899
91256.34042040666
91259.69423880671
91264.85435630419
91268.2372129853
91278.63114757737
91305.09856567814
91307.85836962909
91319.05391980671
91322.05061122635
91338.23846118401
91344.26283194078
91381.3660914416
91388.47030932334
91391.69856395306
91400.26806303921
91409.73857796972
91414.82654271516
91418.43213126564
91443.75010560389
91445.60699519608
91455.897382634
91460.4440619401
91484.18075570851
91489.14458631926
91489.23955858903
91489.27132737957
91496.38134756136
91496.51909055328
91499.87968439185
91512.48979817553
91513.76159344561
91532.81452921717
91535.60065931638
91541.72836814434
91548.1869366226
91556.30253392464
91556.49031987571
91560.69344327977
91577.06682905182
91589.63313736713
91589.67855197296
91617.58727495631
91624.25098243728
91641.40855114686
91655.09813225704
91666.20599926509
91670.54150399026
91677.53919397484
91687.73842917936
91691.05959500305
91696.12355302884
91700.29510194605
91702.40144090225
91714.12852142319
91714.43351441767
91720.62560467843
91734.56040013302
91738.2893804832
91745.05942166735
91755.54014906025
91759.3036854238
91760.47027886174
91766.66982306339
91769.54957693101
91771.17476746261
91771.92324346976
91784.17799982008
91787.66898801674
91800.80435205951
91819.8061023584
91840.07201870243
91840.28747086794
91856.04176647562
91867.4506463341
91872.09367210545
91874.43471481495
91879.60487014515
91888.01656479549
91892.88240779546
91893.42133909026
91897.05631432174
91898.59056345753
91915.56665918935
91924.69072830732
91927.68027727945
91932.39232405726
91933.53273889715
91939.87047392235
91950.3326954789
91959.414479433
91977.00912949393
91978.31615064997
91984.1226596978
91988.73029600852
91991.84581698073
91993.2709725902
92019.6466186045
92027.53686416314
92030.25268548676
92051.54774473098
92052.44282408261
92060.33418797205
92067.51781954596
92072.41963738264
92072.60559529335
92076.69745254255
92082.12316255813
92082.8339015776
92085.0507967911
92085.3208467383
92090.12230864773
92095.96109185531
92099.67630613451
92129.67419944413
92133.2171332347
92137.58893870565
92142.40656764523
92155.07704546355
92157.95485287998
92163.04608877406
92167.00967377517
92192.99484685961
92214.86329798744
92220.14866675582
92232.74866540388
92253.12924771324
92254.48053712989
92257.20630139667
92271.75414535237
92279.55665524572
92283.40116774726
92286.53640037522
92297.88954226034
92308.87077586188
92309.87145041516
92315.96208949466
92327.99918858951
92329.30191945849
92333.74371597831
92337.87826080562
92344.11420710999
92352.29340048943
92360.71486388348
92469.25750654566
92473.31062284872
92482.46555056058
92565.16095292136
92585.48444479074
92587.09776612758
92600.95852797237
92733.50124623138
92735.3532160287
92740.03738923812
92850.08345252408
92868.34510107295
92918.63515441155
92920.51624450921
92952.24051915064
92968.58206839877
92978.94513095735
92985.88621184696
93008.31916838705
93011.79735206472
93042.63145588663
93052.7862789221
93053.21239414562
93058.29000749622
93188.39661018885
93266.65712545703
93273.12257147428
93276.47002523082
93394.19949203082
93479.028664168
93482.49025223148
93552.31754295446
93572.16306347813
93579.67825856789
93632.07567297427
93652.01898261378
93673.80584244826
93692.6803884816
93693.6164111982
93772.31199511046
93773.96412150553
93833.55362604941
93838.71400548922
93848.82246719101
93854.44216825807
93858.52585299753
93873.98909110487
93878.0498090098
93881.55460325933
93887.69564409615
93896.07203901782
93899.65707522212
93905.93110558589
93906.13241923446
93960.83354685556
94012.03435167045
94012.3447878742
94013.40325149774
94022.66064023472
94030.11672326911
94043.94778570917
94046.2477593633
94083.95563900968
94090.66598659853
94108.93457695979
94140.26034812855
94186.2838726908
94196.56962952003
94258.6875695375
94302.28115597044
94303.8878308988
94324.3311691249
94344.15231958519
94353.00263088796
94355.94269722089
94380.99537555588
94427.07951472483
94444.8240500648
94468.27166258395
94509.24002719951
94520.7870414103
94602.56829926462
94612.10547043802
94632.12098306428
94639.26070288836
94670.89224598106
94688.17519005839
94693.71892685525
94704.35149249554
94728.49007112798
94731.68760702618
94833.12733129672
94891.1805773367
94953.40051036922
95007.49353469846
95018.76396085943
95032.83909548154
95036.5727071745
95037.35094226556
95039.05117800002
95055.80105104444
95092.53305267905
95109.97080134638
95112.29138506555
95126.65210860921
95160.06721675143
95172.73337222284
95219.74697911915
95251.40885792511
95252.66442840715
95264.98535872763
95266.30018901486
95334.37956714114
95335.10537126142
95397.45274611884
95402.62232256836
95502.88301782875
95513.15967072199
95527.03531325694
95556.745632475
95577.21131786953
95593.72748997598
95627.36505262245
95655.29533881029
95732.97653047148
95752.70607048934
95767.5437487937
95777.38597931089
95789.88156426339
95824.76677989616
95847.2982024864
95871.52063089891
95892.23068899583
95898.0057662679
95900.0376053106
95905.79665615069
95922.82296081199
95935.91302538567
95958.09106029713
95978.97527865806
95992.13437853247
96010.59577283225
96016.7810043763
96021.32889211908
96052.15135446606
96053.44454266783
96068.12973750183
96094.15123571632
96134.20727911373
96155.84750523357
96168.15287444316
96242.00694508676
96243.01942209149
96260.73595398813
96267.62528222539
96292.14552621648
96343.09732245925
96392.83428615298
96396.98073498446
96399.06538095349
96410.31715055941
96414.18823869024
96455.94235693484
96469.24990118023
96473.50402247335
96494.11227343976
96498.34847418452
96514.27897246148
96518.25532580068
96538.72131927774
96551.94019188477
96583.04723382302
96588.07274071756
96601.84830462383
96606.23887104908
96625.59318894286
96632.91413631878
96633.72956990547
96708.04954572947
96711.99872287217
96741.92972585734
96792.23811333922
96846.17571542949
96862.7110666098
96897.97131455175
96937.8782947572
96989.0521091471
96992.84752897757
97010.65964571763
97015.12422146852
97016.86691517865
97064.814099691
97067.58140157824
97086.03289891526
97098.03789449285
97099.51205852501
97125.64842297389
97136.04672846489
97142.13062309305
97153.04290977186
97153.04989671726
97193.12634800075
97234.41909726326
97251.53906028866
97338.32311938112
97353.69065367749
97390.70520181638
97392.33873835842
97393.41772961718
97471.82790932668
97483.90475277697
97512.7558320162
97515.4665775995
97534.23624116724
97563.76318168997
97565.06317857357
97567.3552338161
97619.80614574514
97622.8445489184
97637.85485468026
97640.65440280395
97645.73217423276
97649.17933217809
97651.87469096838
97672.29938640071
97694.61531210654
97702.03233872553
97707.72764884678
97851.79229976839
97872.37230103141
97906.4773613912
97932.86091378033
97942.85790588176
97968.94893585853
97971.34997885703
97978.04508270868
97981.74074174254
98011.29052756961
98036.44645426009
98089.40903301653
98114.19009295707
98114.36876548687
98146.46885600818
98152.53456355404
98192.64997129045
98212.8479084094
98231.87947579507
98233.65786146968
98251.4826510507
98273.15740570439
98293.29233618965
98329.86454135399
98334.1439992435
98346.17765612094
98370.52417481711
98432.22390144924
98532.48366291265
98551.7406179476
98673.13759950243
98712.24589086058
98792.98533566938
98808.4169635392
98998.5157168965
99012.24764655718
99071.75772255649
99546.83290152342
99591.69514706619
99669.45406355226
99716.06784873945
99772.09204205334
99772.86929994491
99852.65440341909
99949.66371232497
99952.47389097641
99953.32682727439
99962.04239241182
99974.48019251901
100004.78000317425
100013.37953352775
100172.82941258514
100434.23043144195
100472.91738233734
100473.98008088597
100491.792286561
100535.01280459299
100592.22765635431
101068.0187885067
101084.38984522084
101131.9542045804
101151.7554848206
101193.05162494269
101273.00779959325
101331.04209526189
101552.45340879621
101751.46363453406
101759.77000262888
101779.52093560391
101792.30953764332
101889.2304751655
101896.67785751981
101916.1824897348
101972.64690355334
102072.71347095686
102152.72387053045
102170.7769692836
102213.84677681392
102292.02625959419
102592.89393652354
102833.7500879209
102931.86251548954
102993.47014789529
103004.98636755535
103013.76870402013
103067.70549506033
103132.28523359301
103393.31229368973
103512.9004454834
103751.27399119349
103831.06408013115
103933.74861036293
104052.61767646577
104066.2224645481
104153.33774907477
104251.92326056861
104253.80544923265
104271.27901963372
104274.90294042404
104411.88323837932
104452.13757606114
104511.29136397157
104652.5243933193
104831.83998199116
104932.55944198827
104953.34042801609
104992.93925278865
105211.6797965504
105301.09776537537
105354.75451339858
105356.77196241303
105412.72773549931
105510.97232733265
105511.04839186216
105573.41368835093
105652.39526254832
105706.41326767173
105734.17144742096
105771.90636054063
105812.35965897604
105813.05939505032
105813.48052284995
105872.24153998213
105913.72102318033
106037.75088972852
106074.49749042359
106086.35020476996
106227.60848268546
106434.3031462265
106592.91288789923
106639.92484672376
106692.30260861908
106692.55154394069
106796.41259765642
106812.95562329215
106952.16184301511
106971.92228675814
107036.93715474615
107071.8109222536
107112.24042194187
107131.96645583813
107194.11971031458
107209.93899094877
107231.26811841864
107251.54904021262
107311.97588675954
107378.41616172406
107432.73889791672
107712.71150994353
107772.30563321547
107772.48517851761
107812.82494275279
107834.19970839561
107873.0858419424
107909.13755933323
108052.30098425907
108116.30311197523
108192.46278042941
108292.32042988943
108292.63623213606
108313.58175832906
108332.07508868763
108372.11336667194
108551.97218358603
108613.69225625256
108632.05376876696
108682.44786717187
108692.3054928815
108931.94504540478
109033.7710137358
109045.24395282572
109062.47288421319
109132.94095575102
109153.12035502928
109192.83248932027
109292.76734264976
109311.51238563373
109453.59633371003
109515.8970437246
109517.59455818188
109530.66468300203
109552.42348205078
109563.2802086045
109708.99189507522
109772.08979058109
109833.92447860919
109911.50140384343
109913.17982364047
110013.87830150314
110153.65391987545
110169.16524942545
110191.64266150983
110322.52033121181
110333.01525472285
110343.75514808878
110391.83574742805
110392.56767756304
110430.7676245977
110652.90784300544
110773.06795924628
110783.51508806269
110792.77313719467
110805.76489459175
110891.480418192
110934.16039917637
110953.56669606354
111054.68913414574
111271.86102769131
111293.34007467318
111312.21293580618
111333.14342785727
111623.13110548281
111633.76233322517
111733.18507310918
111733.46734325998
111772.59135956827
111794.06340808242
111833.0443539993
111912.37044099973
112044.16751046962
112233.43143051246
112251.36458762574
112433.23542377246
112453.91855650848
112692.97259129414
112770.83519960141
112792.20069967948
112812.41485084567
112822.44133674153
112838.75863713643
112853.37283446886
112893.54065930295
112912.49105325608
113152.28652676399
113153.45177699966
113272.12751655807
113317.39720992255
113413.57084345835
113613.07678488428
113634.68540940016
113771.83893304023
113813.77136888712
114011.76444322342
114012.0169200005
114092.76342294767
114232.1876335199
114252.363266309
114393.3426303887
114413.77746339665
114591.4143144582
114614.18647593401
114750.70773183159
114797.11135118481
114812.64624370985
114981.60277505017
114985.63839495252
115096.76263324423
115332.93263760982
115513.74221142933
115522.65460294357
115572.2720369645
115771.79566963411
115812.81430674871
115856.51800126371
115969.10395045485
116143.88209193271
116191.89910063588
116272.77318555451
116292.09763368727
116292.57714326413
116311.75573984715
116372.4233586265
116375.24130683698
116492.63322101536
116588.27540121353
116733.14312890253
116911.05422379024
116952.72499774667
116956.37413155333
117010.61502914995
117071.90264067928
117137.50319763426
117150.03959539163
117206.12149683712
117232.31141612794
117272.5451208543
117391.11815120143
117433.88955470247
117535.83217754302
117571.73914719479
117572.45214589866
117600.71525084354
117635.89951805757
117772.80769799135
117871.83463528537
117872.70383521436
118026.0419102514
118112.9420810076
118177.84047452433
118191.50322526679
118218.9837108148
118392.08350468578
118512.63829001493
118572.67178903497
118592.21610321746
118613.48990874896
118632.99357805889
118650.38545078592
118652.97952886984
118675.6524438102
118952.73967256417
119072.16075129464
119094.53288540726
119131.75109097752
119272.19118764547
119368.05133078384
119401.56290728915
119509.72530936808
119513.28236624159
119528.51022508286
119532.84452967969
119692.63816465218
119820.53002296633
119891.71904008155
119933.01010317837
120272.52950427208
120473.380883656
120551.98249897269
120572.830096
120688.67906849209
120873.00807872397
120873.2485869817
120873.94148816893
121030.66748432131
121054.06596459504
121092.58074865259
121272.59914058588
121313.28458131696
121314.81642820078
121331.95310514177
121351.69106477054
121413.25308679283
121472.80084265949
121532.15162757854
121651.77101370128
121713.95600874149
121748.07172430718
121768.23787709905
121772.41362042718
121782.15243715196
121933.72131846525
121972.45813353058
121992.2561147359
122132.73705712626
122151.71646723936
122231.65407889597
122304.91594821878
122351.3440445205
122513.36135698449
122532.87514183718
122572.29525156725
122625.03273607873
122631.40477967597
122793.67468568675
122813.32509064996
122892.01285801167
123012.75943827111
123097.00481935902
123110.90379758287
123198.09671604031
123373.05511578382
123384.51382247123
123510.60754747939
123573.35869900485
123579.88146271085
123606.63202358651
123744.90700893663
123779.24804872397
123814.2991038124
123852.71864971188
123885.8967869329
124062.42128969732
124072.28632840033
124131.70963051554
124132.18167810336
124271.58606351515
124272.76953202841
124512.53727854551
124553.744563599
124573.53391287124
124662.24673852124
124694.30973131792
124712.1772348829
124858.89402695245
124871.93298869535
124882.23390891752
124906.28571139954
124960.63749677844
125013.24915956761
125053.1746704351
125132.40887203247
125174.37395322043
125216.05499853939
125291.88754966467
125452.9325215052
125553.79755379142
125613.000902319
125622.64661351862
125650.79717106417
125693.30246349746
125713.70079132669
125851.65056715663
125859.69187049678
126011.74530534576
126013.09305549397
126020.44493208226
126070.39841610214
126251.51947295717
126271.1805966217
126352.76948973608
126471.71228556344
126593.71091654601
126673.76139137229
126731.08148756935
126769.20527562434
126810.56158980909
126811.36548725763
126852.19669136983
126853.55652051925
126942.13872853329
127251.95504007989
127273.10122462254
127273.36001012569
127273.6394187673
127373.72310447851
127411.60222436019
127417.87827417991
127471.9211871661
127552.85852815436
127652.38497113822
127715.66143722254
127793.21918839877
127850.38564114328
127851.53179023787
127993.95541680248
128057.523613355
128071.87729128788
128073.56146703512
128092.91508258868
128112.69675488124
128149.88106886978
128172.71628843069
128347.89286766479
128444.49447419711
128452.59748168357
128457.24565369531
128592.54559461235
128627.37295220418
128652.29475010556
128692.497748908
128772.0006779514
128832.54102654642
128851.73602213521
128852.35442925633
129033.25118628722
129053.0523512154
129074.08893176375
129133.91283728872
129233.84815912705
129293.37364263996
129351.74480375324
129572.47814097619
129591.49939539657
129632.85861085475
129633.63080957065
129652.99703579601
129742.4865532463
129802.71591672768
129807.58242301451
129933.15002200367
129991.4379031027
130032.39063008412
130273.10067954105
130291.96307260792
130352.58886797226
130532.70944778553
130533.78256800413
130691.85269241517
130893.00177429745
130953.92933660107
131412.83966134657
131793.5657120406
131853.1311297399
131952.42885048222
131992.99606884495
131993.77472110806
132071.17042635355
132232.6379862943
132253.51045534757
132271.92195761792
132351.57752045538
132352.01333229573
132353.0546912956
132452.41175285864
132644.45331566152
132673.7130336611
132692.20835618826
132832.77733374402
132933.04487960527
132992.90260966722
133012.37420792348
133133.23746648195
133153.68361976347
133410.85144898223
133472.28193254565
133731.6422684982
133893.24174917978
133930.9319733983
133931.4024023011
133952.17963929375
134132.9127727952
134197.24993348663
134653.63025579433
134732.97250722136
134733.1585312167
134792.2316133751
134832.81292451711
134852.82320144324
134973.79719574263
135013.04085295438
135133.27903363624
135253.32577790457
135273.522725674
135311.6440849548
135332.2183619368
135473.4784650264
135492.92174349728
135493.4892437634
135610.61781669044
135673.47467460937
136073.27057123324
136171.33614305154
136452.53410344207
136591.91666047918
136611.54384981317
136772.8066094647
136974.30548353613
137053.2824139844
137213.20366950548
137252.78253950572
137253.80254159638
137292.18917354074
137475.23820563869
137738.78029518554
138091.5767195577
138233.8448773516
138371.60416694303
138411.7021914526
138551.66433282857
138573.4947166525
138732.5876659626
138752.61729760937
138792.10300298673
138851.84625783737
138863.63006355416
138951.72481912136
138952.75141465853
139172.61991186594
139173.19894997217
139272.56773065188
139273.05089052126
139372.00832547244
139373.28952510795
139411.99583546445
139632.36919525807
139711.64458152314
139734.59280519985
139971.58532864237
140061.46656504273
140092.3972868342
140131.63929255222
140192.06760233114
140212.4988832738
140289.00174890165
140353.96167126246
140492.88680196353
140651.71146389548
140692.972804094
140700.89607548315
140750.5961741406
140752.0716901258
140853.12026269294
140972.1224533047
141052.72812697032
141133.10281666377
141231.9298994392
141273.7533525286
141293.62753518904
141371.86212147478
141501.69406746738
141511.7738885728
141552.7454007892
141631.8898821309
141633.7475704217
141713.54764732992
141851.80722169322
141993.26915581373
142092.9781816926
142132.69082888847
142293.65336281908
142422.54851121284
142732.3590933712
142752.13067327774
142793.18167762746
142872.6129977868
143072.36028367004
143223.23675647826
143352.68461614577
143552.7022078526
143634.7840399986
143652.3560673915
143792.52219744906
143825.2330583152
143873.7330684755
144059.93996819138
144071.64201536588
144111.5150994701
144118.4154842529
144123.7434524963
144132.55920216106
144353.8293800543
144393.39214157034
144532.9384062418
144573.62103276455
144633.77027912627
144671.9537414562
144711.19338141044
144730.6038051768
144892.6178651724
144913.2263174843
145029.42140252577
145074.88844711796
145101.43782150376
145115.27656065178
145220.43042629448
145292.656035695
145313.05295571437
145320.6686189669
145332.6475252907
145470.3669407016
145491.63367261653
145565.4731172123
145711.68896720558
145819.52422996802
145852.60590744577
145967.7598180259
146041.8622691715
146104.70659708354
146152.57954977916
146153.38458378537
146171.7644967565
146232.24115492878
146232.29381733472
146283.5160143706
146331.23989140065
146377.69472451322
146412.7387148221
146473.6681192892
146477.49230872557
146498.44766483284
146553.4959858293
146612.56807766567
146613.18500809898
146632.68295775398
146633.3771576716
146671.29680289055
146692.39622805727
146712.43163753496
146778.82942247644
146802.3320966034
146837.15140577478
146849.9622884434
146912.98013254363
146972.56598398418
146993.89286859118
147012.3471332096
147041.36701506254
147072.07408718835
147078.02649768852
147078.40993573112
147094.05077363973
147132.16737420275
147188.96921140072
147191.9815403369
147202.59972093586
147226.5839807795
147271.98815178534
147277.51415820577
147310.75454799965
147353.0295348067
147493.3107976657
147653.05708962388
147672.425541763
147733.84803887617
147753.93879880794
147759.20839852988
147775.0079566483
147812.1371880857
147851.80172292158
148002.91237875665
148019.82169958748
148073.23360991146
148172.40925218837
148176.43092885523
148210.60093469534
148339.8100827502
148431.5682888634
148433.57253505586
148572.1056155504
148592.84040564613
148602.9166972894
148710.55578769348
148886.22831530566
148972.58188443253
148976.63507649917
149032.33726838816
149052.9113596286
149072.8475915922
149112.42579159752
149167.94729886766
149180.88832279772
149251.87290183516
149272.5805228032
149293.51149029087
149372.3902662076
149391.5978383428
149473.44259899514
149583.5702060145
149593.19969633038
149713.63997997317
149733.59108299736
149768.2949100719
149909.09493941226
149915.82683675078
149948.5417963719
149971.68108277384
150004.42336872418
150181.63933762748
150251.3183706235
150333.86430974217
150395.88704272354
150471.80277819172
150512.26095798283
150524.2713423539
150532.5375666618
150592.95510770992
150593.0348056522
150709.05414227818
150729.4622333352
150730.54905159384
150773.3143470962
150832.9916968933
150842.86213543822
150992.6116307116
150993.7823383594
151112.0948396098
151177.04147751926
151191.08586792756
151202.94164942502
151211.19804464493
151269.32482805857
151272.4047258433
151278.61725741936
151293.39345672034
151386.48638335353
151412.9752210172
151419.4985378044
151452.87330184793
151573.2224047443
151652.60939244716
151684.79478765166
151689.71237158033
151766.05874111527
151843.77023885283
151847.94559059056
151971.70526025066
152031.8050895062
152072.61000273694
152133.05525071456
152192.50375275317
152251.24132889137
152257.7228805055
152286.5146530027
152335.61739851919
152393.5053711936
152432.38227204842
152517.60756836616
152552.97055616815
152566.62787482014
152573.39256752242
152592.03987375397
152611.49571165466
152611.97657573782
152616.13127555163
152680.64731621853
152683.14261300996
152694.12061539988
152696.0343163492
152804.3924373634
152851.86798654473
152904.83511511947
152981.89671122617
152992.60121359455
153021.6073877153
153032.99942622188
153037.82564180956
153164.04535716356
153171.375697785
153256.2290024014
153313.02360095675
153313.28033407894
153350.04421742336
153365.7112825662
153375.48783444872
153390.85972647625
153392.14651641395
153397.99037459615
153449.02656182274
153551.80891306704
153565.7969764606
153574.06894490926
153613.34232059933
153648.1388028193
153652.60475236323
153752.39811227206
153764.83542820072
153772.23663448828
153792.17555642748
153811.6383637655
153867.2713501124
153872.11298089425
153880.40581586445
153900.2229154064
153917.02195575688
154011.3828572831
154027.47663900943
154043.1888495956
154062.911577358
154103.42184093205
154212.6378107292
154219.28009859205
154221.34412478784
154288.4543258444
154301.87036782005
154342.027712152
154372.49195855053
154412.2960420625
154445.6657176079
154490.81659906587
154512.44226328528
154512.82347183005
154530.48197907995
154540.3475214115
154575.4452860235
154706.19349300652
154870.02113072545
154873.3535261713
154940.72806253217
154965.47764601774
154994.31408564604
155010.0301007585
155028.30252405012
155032.10637706055
155083.84071093568
155093.72468390566
155133.00384213997
155188.3236957714
155253.2759121339
155272.39837573943
155293.74615029132
155398.2716068899
155552.42940326393
155555.0165413731
155593.56261685866
155603.10336867766
155683.3857101272
155691.89504211448
155715.1120792522
155782.07931238532
155813.34649405853
155992.8179531573
156011.3573142902
156026.03532222845
156073.69843936502
156103.69211817608
156152.52304712217
156173.35498492676
156252.27605660027
156253.08430446987
156271.73155911316
156291.3655545268
156344.19575170812
156371.4708874132
156452.86034757658
156491.9175789475
156493.96261105067
156553.2962721297
156572.44020213737
156697.5870516659
156918.58918435842
156932.79835829453
156933.2881792875
157012.0396471604
157032.9136851399
157069.92438825202
157127.37389274943
157132.64017270386
157134.4265205884
157166.69894137495
157181.46455426537
157188.47080922817
157193.28966158433
157194.6203841935
157214.28483206464
157246.60446368414
157373.1642896026
157400.2526349834
157553.78266409287
157612.59162669774
157673.4904179651
157696.3854846624
157779.91285497486
157911.44062371034
157912.74111958608
157963.0298157697
158211.1170827549
158262.21109991765
158352.86344158064
158373.05269900235
158471.37804798843
158530.83208959672
158811.2549685724
158832.29980629537
158913.51941980454
159312.35798551497
159511.8576152864
159653.73725599592
159752.17978922327
159792.46553950667
159792.67404412382
159891.9006519687
159992.2368763223
160132.9602430322
160151.2091356866
160432.566676749
160553.5752546006
160572.61058293586
160613.16745029783
160613.905174696
160641.2757126586
160713.2193225913
160791.26651168623
160992.72944352683
161082.08878435724
161362.7877951733
161472.61382574978
161579.39759944956
161613.7783932005
161700.11568364594
161970.4026041766
162032.71709826417
162211.54292806366
162387.84509961138
162512.41111394242
162592.27824454987
162693.48793807416
162813.57945186138
162818.46571337906
162851.02310868408
162872.6607048507
162880.80913146993
163013.5102614999
163034.8601082597
163089.7240237297
163372.54116341608
163391.93765481273
163711.98698754841
163853.24907209328
163883.78624688924
163893.17852017542
163951.85554495233
164211.32428584082
164251.74107933044
164393.81321765296
164531.65826618255
164651.9658949445
164684.17883116863
164792.8260337296
164917.2489571522
165336.39321099903
165393.21455140106
165571.7270471805
165653.14402350716
165733.27940194568
165793.32853641096
165972.56264597306
166312.07731536316
166512.37292188455
166532.84291881227
166651.82254352295
167212.43749465002
167311.83643102166
167531.58286950973
167734.3053626116
167992.32732609275
167992.68094692947
168012.8892830069
168192.58080887984
168232.43827430427
168292.91418504037
168513.6928834024
168553.60458091964
168652.24616440616
168672.911194519
168812.53691529116
168891.68939517057
168892.49761091947
168953.48136184682
169271.92149259092
169294.39657145052
169372.1315388107
169473.63903815323
169733.37635770728
169772.69214154777
169772.8399859898
169812.7843222916
169972.29159007347
170012.4325022845
170013.06745166058
170171.97303135874
170311.7306479579
170371.74010253092
170432.44437373636
170451.72540692321
170493.8500562446
170613.30008992334
171052.95070817228
171112.63372915
171186.4485673647
171332.5101808641
171332.7495732715
171352.36642920115
171472.79091883166
171492.57321764046
171671.75192851294
171932.11201615192
171991.98467669697
172132.4024011198
172351.90928592678
172431.85012634547
172473.02447233652
172652.35982375583
172693.05660672626
172894.3387902052
172971.66939507506
172972.8654396629
173232.48733443717
173451.2858497229
173773.19353329152
173791.76150901135
173892.75161411337
174093.90986610713
174151.63295167263
174252.26062404524
174252.44690180113
174352.23684884878
174634.1762999588
174651.65818895228
174653.34612752683
174812.3484569488
174912.4149874007
174972.85528977012
174992.10906751998
175172.339256209
175172.70491172018
175351.35975957563
175452.86186907606
175512.43876805174
175532.61129564085
175852.60172203224
175912.63116639547
175912.72693300538
175913.081484258
175932.29448626938
176031.5513825004
176093.00186824796
176153.70118988145
176186.31955529936
176195.80739759345
176207.84269960484
176211.9020759744
176212.92527033525
176224.55441295038
176233.20116631783
176234.56605930591
176250.94247644575
176257.64082470612
176263.02967261552
176279.67554294108
176291.20070272137
176292.37933355322
176293.08931876512
176295.32396009692
176300.30335667878
176300.94164280777
176305.5940920107
176319.8728956311
176345.485418618
176352.13731759824
176353.52052282722
176355.36758581162
176369.36965867018
176379.30244463444
176383.72089164756
176385.66629219818
176386.89039740706
176412.57854466882
176412.8981788826
176421.10033544173
176421.15558385715
176428.40608056317
176444.544825191
176457.98759153968
176459.64851304077
176462.6272342185
176463.66151211422
176464.25527372104
176471.07732343252
176479.73108782576
176483.89572620875
176513.96643216297
176516.05199981405
176521.06891398813
176522.9297409881
176525.11397328877
176525.21972388515
176531.95756987846
176541.20912223522
176572.5108091434
176580.70335629937
176583.00484750705
176603.9080141243
176604.35071497457
176617.97204212076
176626.90290959936
176632.19176360912
176637.5070209777
176644.81349346138
176667.35724169394
176670.51261854713
176680.54799771076
176691.47569239693
176698.7433634525
176704.06433371612
176726.89819111634
176731.6984570508
176735.26043519954
176738.89134954242
176739.37926496862
176744.69610623308
176751.00005093322
176757.11659999657
176763.00623336932
176766.298809478
176766.65209515576
176780.59334199224
176789.05619616306
176802.08205643884
176815.00172563957
176822.89175378412
176832.66869310135
176833.94619363858
176842.13877313363
176845.78391952824
176863.6241211149
176864.4679877067
176872.12005648823
176873.53833048482
176887.03196723244
176893.06676059595
176893.98266629837
176897.37126869117
176907.94745362614
176923.3996965676
176960.23599557317
176962.3955678545
176963.95300913218
176969.28441279152
176970.85734314166
176970.95762772582
176973.37425391172
176979.64616867495
176983.82089153412
176992.4048368175
176998.25455817443
177018.288026404
177026.03606469725
177026.1980194585
177030.49236014066
177032.16768710842
177034.59135398705
177036.42456695586
177046.33329256528
177050.9204617354
177056.46941337656
177058.63112921745
177058.6724308794
177072.63107448473
177075.08321462467
177079.82847767833
177084.19382192104
177085.4354966157
177087.12510520002
177088.0432154471
177091.011498081
177092.7323543586
177093.09665638706
177094.3305603754
177102.5701608386
177104.2202177592
177111.498230442
177113.59347019577
177135.13552828878
177137.4589596824
177141.0301746444
177143.46869181635
177143.99809494804
177145.73687925105
177152.2894958918
177160.89635194518
177163.37306985396
177169.77154397676
177171.7337110286
177172.76529310763
177172.95748044437
177173.24229786923
177186.67974326372
177191.2647302807
177193.85860576486
177197.93113296703
177207.25044673993
177211.52627165473
177212.03325834285
177214.95248290655
177216.3543064099
177230.4523651162
177241.84607434712
177253.52712240932
177262.15809687573
177321.0586629076
177321.08026763276
177330.67686133634
177332.48080489083
177358.5338652878
177376.80620503993
177392.48898458062
177410.8759960804
177421.60510289876
177434.13718441786
177442.416243092
177454.23521356887
177471.6784390721
177473.31739746852
177473.71253718855
177482.29603447908
177493.74288149044
177493.97694323616
177499.6718110131
177504.47041172485
177511.71335169542
177515.36807057122
177521.0026930591
177522.3845548401
177524.48127411693
177525.7985837176
177532.32500783532
177554.1656806108
177557.79282390448
177564.0317846654
177566.16123700642
177586.08867102477
177593.4542689874
177608.27663339215
177611.14544879633
177617.01860315847
177640.53113499997
177650.48347370402
177652.35384104343
177653.85846056917
177676.47735487294
177680.9710656663
177712.17179713212
177748.144375047
177780.46933291567
177815.75613366853
177829.32898233464
177837.86070505672
177838.45737466568
177857.37122413403
177892.7327272413
177913.93599185534
177917.40177497762
177946.58578227417
177947.6196703352
177952.09093594464
177969.80532878183
177982.64526164116
178004.77187943048
178012.73121564407
178020.0853955213
178032.61727604028
178060.95526096207
178062.93708605878
178072.10522973875
178074.67340009654
178089.43314166283
178103.19807958658
178104.32973763483
178106.83017194696
178108.26957242092
178115.70741073892
178119.38664295207
178150.5532887601
178163.84433793818
178170.32071524317
178171.5582650575
178173.70625979936
178177.31715642766
178208.06448230759
178212.45248913116
178215.02720304765
178220.85893441728
178237.7157289837
178252.66251920428
178258.26129707752
178258.43153871616
178259.4754935219
178262.41891202822
178281.43969228462
178287.1682645613
178293.1189031282
178295.94433378166
178296.72705721363
178297.14498698973
178305.49473621027
178312.13445625702
178313.32223464872
178317.0863968426
178324.40822773142
178346.94133381493
178356.03137411168
178377.473342515
178378.38849058666
178385.22911602823
178403.33197840326
178404.56277189736
178424.12853737717
178426.9323792973
178437.87115114683
178449.63335829595
178453.74737602382
178454.29418733594
178456.41260141166
178462.96887564624
178467.20272126896
178472.34153557653
178472.71931157535
178476.37783059734
178482.16444914782
178483.19791215914
178494.67058288018
178540.76398615088
178556.26239537133
178556.41089865362
178564.16422156297
178564.37384432767
178564.87904823662
178565.01628051084
178590.9773415024
178605.28400047525
178606.73256799884
178609.1496134015
178626.465484705
178651.68002927527
178669.1499573532
178680.07681332194
178680.95820005625
178681.19479421052
178701.29686326327
178702.22028621298
178704.80183863977
178712.32119584607
178723.90833311368
178725.7073227938
178733.4931751843
178735.16116361687
178746.60798987295
178752.74199972698
178953.50227341015
179053.02827553274
179095.33916278614
179138.03660301256
179193.2606989779
179193.89742845605
179241.87240754167
179254.49160472356
179285.9099920607
179310.8860374309
179311.10718274172
179329.40839341434
179332.23815114502
179353.2126759375
179360.60896100278
179384.14750949942
179451.06929142613
179457.7016949643
179488.69089426025
179494.69259946008
179531.74312334487
179588.97052950365
179596.51337494675
179618.74598945884
179625.7744931673
179631.55051914172
179652.28738314993
179699.18268345157
179719.32075007455
179761.4648760071
179790.02553094443
179790.37366178504
179912.2691413783
179933.0137471578
179962.37681911333
179965.3715769043
179968.11006485074
179969.92067884136
179972.24403212976
180053.30245005764
180058.61936318642
180098.20579068345
180106.40908305385
180107.94669695158
180112.44284259336
180152.98803050423
180192.78374081495
180205.9623755028
180212.381361143
180248.0049505027
180280.1084914345
180292.39559880606
180292.90755149053
180300.3437171458
180327.32048577303
180327.55803908204
180348.94627334346
180405.57445326413
180464.3483245223
180473.2481591789
180480.352394711
180530.57756560473
180573.99503300205
180591.37227104636
180592.08267677404
180615.15978177747
180632.56354607275
180659.6526204952
180661.58574033226
180675.33027172694
180682.16367352457
180684.01764798252
180712.28974315294
180726.74366045187
180742.04129234952
180788.9467094222
180793.17141243065
180832.12892818928
180838.03155767472
180842.8080973436
180864.84690243
180871.72726130116
180915.70991212377
180934.21912122518
181038.01199624315
181039.60226961484
181071.64649431716
181115.495391517
181131.838384864
181133.71781776086
181144.07383653484
181152.42389498104
181164.87654234294
181168.2384108919
181175.3180648573
181310.90360264454
181338.71568332316
181378.26822605854
181410.35799709533
181414.4274605636
181472.82117704413
181477.04527557592
181508.31433412535
181523.81791796422
181543.93839135973
181630.21928268365
181631.6795302256
181663.1194416303
181702.76321274467
181713.36383930166
181725.0301011242
181731.55048774564
181732.38751746304
181748.3318022882
181774.13875268772
181781.0824896411
181782.61810928697
181888.65173379768
181906.76382278345
181908.41834148343
181944.7990299756
181949.72648887013
181957.48962312896
181958.27840707288
181968.13586408968
181994.72540988913
182012.30840843738
182012.78701349694
182015.01419983714
182052.25971745152
182055.9194368677
182206.21804492926
182277.16256293352
182381.06689889633
182382.86694082466
182392.94227734813
182410.64137494712
182471.52026665912
182474.89922598808
182510.61805392685
182582.74338356405
182611.97016453347
182613.2635477231
182615.77108194667
182651.98030889695
182659.01255782237
182666.17386838948
182700.7330573522
182730.99611614307
182739.01451465875
182740.53423634236
182793.29990202005
182808.77599089965
182814.24250491508
182815.7852898695
182831.74485269195
182833.86024119356
182838.09531872623
182870.08053218594
182872.30695814043
182951.70940691687
183004.06993733483
183099.5586687422
183110.11803630524
183186.65324046454
183276.97915269507
183353.2639111531
183359.5272021488
183451.11163696265
183493.24556093614
183521.13781657038
183545.28373102946
183552.30370330854
183582.93745518927
183648.1688081827
183673.12573877897
183689.38579410335
183697.80908129743
183712.32090711192
183721.5385332221
183736.41869601072
183832.59960151548
183872.46075603546
183920.67561850479
183936.80723247794
183938.66297332337
184025.8953733543
184033.26700130478
184212.39874700375
184223.512543234
184286.7641227497
184312.51799946642
184353.43761381388
184362.68125714335
184377.80486676958
184387.28387574985
184411.5223773352
184494.94030720906
184494.96257761805
184498.24185139462
184514.23848141526
184515.9006661768
184533.10408164133
184539.0886887572
184544.91542360233
184554.35406957162
184560.84480892337
184581.59841733638
184610.84263627205
184660.84368607198
184694.2301169794
184735.03990674598
184736.60863825824
184761.083139367
184779.03813379692
184790.41997080186
184799.936866611
184859.1280314924
184952.83467023683
184998.52965178643
185012.97403474164
185133.0043963282
185213.73515520108
185237.34774302365
185266.79166676768
185273.40253478056
185393.97530755162
185493.18587338817
185532.08535698432
185712.79941683466
185752.28770719835
185872.58814830234
185972.09184198207
186028.90953517793
186080.15810294318
186301.54112403493
186451.9443778586
186492.6737895129
186551.03508956777
186696.16422360193
186711.99682054092
186745.9543394202
186760.7540827982
186792.07748459643
186792.2156983166
186872.07750494903
186891.42549894174
186913.30062470792
186951.67554307324
186953.520487813
186973.5773993556
187063.07701933372
187073.32155721614
187132.08497685223
187153.57404688434
187256.52903748228
187352.52254423313
187373.20342574787
187462.9900789061
187494.40590098556
187572.7919108405
187572.87398089602
187773.06604033033
187918.29615487877
188052.9462604503
188071.86365151615
188073.076739828
188094.3845931874
188373.9916741148
188433.0867365055
188552.64763115128
188553.56554415738
188572.68060916575
188572.78237009223
188732.52246515293
188773.30054705817
188833.66565568894
188871.18706368736
188882.14010291206
188932.337438877
188965.25052787724
189052.50162363343
189092.62893276988
189211.87197781928
189229.31799854955
189286.22459313602
189332.67923651822
189363.2179160095
189371.69290850713
189393.26892664225
189553.43285883722
189752.47837820053
189770.29395581302
189811.5278515478
189813.34765033165
190001.6282842075
190013.18385935784
190312.74171437454
190351.81072960616
190410.79377972084
190452.29212231847
190592.11404954537
190611.2870662786
190632.31262686907
190733.88747277373
190869.98431438932
191073.8240470484
191152.48602131574
191232.30470937802
191272.36496415164
191273.15071659282
191339.04670339247
191452.62886117987
191453.0645100743
191513.2875001642
191612.35630767222
191674.22451838164
191693.10251867826
191773.6003979777
191799.988384146
191852.6927128002
191852.86907959424
191932.9460023017
192053.29007752342
192107.6100990015
192112.0050557347
192169.23949221824
192215.54123662534
192372.13879326812
192453.025343616
192453.42623903535
192517.60911984483
192522.0731919731
192612.93025116448
192632.01285126412
192652.5271966328
192654.25856328735
192663.5903241178
192990.95917308275
193070.7807115443
193092.7362762642
193111.20208295283
193112.3540093611
193132.7229638268
193133.1681390419
193134.70312419758
193236.7433369289
193332.8838324591
193453.7343999195
193512.57248665544
193532.03364858232
193552.88405782773
193606.0153882609
193773.22708308205
193791.87685639845
193793.28131163478
193872.05781290922
193899.69243578747
193973.54751920328
194000.212482138
194211.52537341052
194212.57218758872
194295.74574066128
194313.39973931713
194352.789183312
194472.1810373065
194527.90229370786
194613.05630972979
194653.22949355553
194653.53421453887
194679.63373616914
194692.63198530913
194771.4075487988
194772.0543448721
194852.22200436814
195033.37756570973
195072.6949882532
195131.37527122253
195131.59012222127
195231.950784721
195292.87057647572
195398.14434314737
195412.6655183116
195439.5654921538
195531.19699889782
195532.3415463081
195538.7782836638
195573.66813362262
195623.07838330246
195773.38319827124
195852.0090124354
195855.46876820395
196010.63653276136
196033.57581073482
196112.36576368014
196192.67577692345
196273.18040711904
196331.5033876376
196408.52658578896
196577.85583479973
196614.66358062648
196630.85382594678
196672.83182816676
196832.2816573916
196891.99741310417
196974.10413338363
197019.70604481516
197110.18272142584
197116.9747010729
197172.45564804343
197213.21435587324
197220.09509622573
197293.5787226578
197391.55884937165
197391.75644654114
197492.73023885192
197679.4141195888
197691.20135956843
197712.5488815818
197804.67298496948
197852.48614050806
197862.11480555107
197874.02210920228
197911.98770038175
197912.14568983283
197931.69604703554
198013.9565221354
198072.78379099997
198091.85741947423
198112.1242379589
198130.94100988953
198253.01481733486
198372.36229468416
198480.72464276443
198513.3908760767
198601.88661603534
198608.69236432982
198622.74670562442
198857.67976553037
198888.48112379308
199427.07844639925
199433.37819204424
199472.1941009632
199522.04977172037
199592.81917418056
199672.77032368563
199900.99454296153
199971.48428564132
200031.21209721194
200052.3439406671
200092.94391935848
200133.64879702177
200272.88469526666
200332.61832995937
200611.76570186706
200613.51185811043
200632.58575541453
200672.05438456792
200749.79237056
200773.5720187873
200794.2471759919
200893.2654457928
200957.42472686182
200991.63006645814
201013.16485859064
201040.97096005475
201131.86761336206
201191.58709792767
201192.09408525453
201251.89899204206
201333.10732537752
201372.58309788603
201431.7832654771
201552.63151457242
201571.30556288883
201693.3093563137
201752.47278903364
201782.66531476297
201853.15996464892
201871.4557731997
201961.24681640067
202028.32245225558
202133.16067006704
202192.19785463135
202273.72564615923
202291.95637061432
202312.09770349387
202312.28082177823
202412.69488478842
202510.56782929198
202628.01210782002
202712.67825909596
202732.54957174716
202733.24191976435
202750.2456574191
202791.33625504945
202791.428969541
202812.4130819048
202851.46964287484
202892.9485501984
202952.07064354952
203011.266363555
203012.97328548742
203014.58987215205
203015.19066547067
203032.8900510686
203033.25731791224
203044.05571804717
203112.82221052374
203212.21594642056
203292.77205272135
203329.20898514462
203362.85965261617
203451.04143296604
203452.05128416856
203544.04330635487
203586.95430120346
203599.35381050932
203732.97828346206
203772.5389221661
203790.76296455815
203812.2723941124
203891.64937480382
203971.22009026783
203971.41307963652
203971.8927574972
203972.01432794688
203973.07041494932
204050.12322809792
204072.4634730771
204082.487864952
204091.55456838512
204111.50769039814
204131.58307333506
204292.75948064626
204319.6668330399
204392.17444390568
204453.4874757327
204468.30326102464
204518.23327928234
204560.12087767955
204693.3099663783
204713.30430287463
204813.11220164102
204976.36439783213
204992.96295055628
204993.24227628007
205008.06117958121
205152.64949603015
205192.0927883282
205229.04019007826
205310.96663964825
205319.96518977257
205352.70239596273
205353.56377957654
205476.54139789473
205512.9084456866
205512.9564463187
205532.26254301515
205652.55451158911
205773.33830871465
205792.25305792628
205891.45285942865
205952.4194622743
205972.23420127208
205972.4952025444
206072.09246861163
206092.4276029072
206171.00112964585
206268.43429316426
206273.005025756
206328.2257911466
206371.84899670898
206373.54959380385
206391.71541272852
206558.16091118706
206575.6702311837
206611.25284673015
206652.45250751663
206653.11158715558
206853.20979515574
206951.21629984674
206953.02027904848
207292.11119100498
207293.07599113305
207333.32878341322
207351.76918027794
207357.19150596965
207462.42426236975
207480.85729167645
207492.07450211747
207572.50713854918
207652.77096233467
207831.86407922502
208032.48899212
208152.60783414525
208252.3132072764
208253.34973782732
208311.7570877878
208343.19171918917
208393.62051999386
208411.89971468304
208492.46636682304
208646.660763743
208652.37325964237
208673.50780260342
208779.678722304
208793.53348405252
208910.653416388
208932.7936513537
209192.1199745784
209232.67755650077
209252.40440810146
209253.4993303962
209372.8183451298
209392.58336018526
209411.12616498178
209470.94766093558
209571.9972166686
209593.66600215045
209638.12659854247
209733.0275092267
209794.1974740227
209798.0823861807
209920.4064051
209993.84172825818
210033.36287253464
210052.23393959252
210092.36815056257
210151.69838110253
210151.85572946875
210330.981461705
210333.87012746773
210352.03259727627
210392.0391054273
210592.67057665432
210611.68166046834
210773.1060376143
210792.78999040087
210872.57637257825
210873.8335649511
210933.85715245458
210968.18554997814
211052.47632015962
211101.08603102353
211148.09591663745
211232.21584720386
211350.70130779047
211403.21579040555
211492.00668006358
211493.68839789837
211515.66400555483
211612.01624131776
211839.54082263095
212152.81829655886
212232.3107062085
212252.71403632167
212293.1996047151
212333.0623018153
212352.16874791458
212413.5171144515
212453.26468707426
212492.1612259993
212512.29654471352
212571.76006342418
212671.95413562597
212872.53565502365
212889.09935565887
213070.08154518105
213082.3165269611
213111.58214671514
213134.05219365287
213155.148158424
213232.03411857024
213285.76275886106
213310.68243727536
213362.6744746563
213514.481471369
213552.4505126898
213572.56399174556
213613.056531253
213652.2050426574
213812.641054011
213812.8344928729
213991.17963366385
214012.3743431004
214233.16935526344
214333.73409749905
214373.00122123573
214412.78411394433
214492.93569541874
214512.17137955723
214538.8900241361
214576.87428666733
214712.3762485997
214777.90302075024
214831.11428654438
214913.34343436445
215137.86752596276
215243.62471717794
215272.6697111954
215332.1361579369
215414.34216560642
215591.81774848345
215632.95237810476
215697.29250028386
215818.0056267291
215862.2055410668
215882.4115559749
215935.75555230095
215972.11155676606
216032.13596620137
216126.51256635782
216174.1833326322
216292.0395110009
216299.25584962274
216352.5426294139
216391.88195981816
216514.35743268373
216732.84152025488
216812.66786412557
216813.17396601624
216833.0737744283
216833.7170566465
216948.99617737997
217191.7150117095
217532.3379256659
217532.62456779674
217572.05946849636
217573.56589851552
217693.41458517147
217832.0661539698
218053.6742391476
218072.60654160398
218112.44945531242
218232.37289925473
218332.6733069742
218353.54411000587
218431.4306205699
218893.38872204718
219033.22035174354
219053.72573326432
219133.35974967433
219153.4806092772
219153.53397550504
219191.5330946287
219311.11073252297
219311.7729661795
219612.53559279628
219828.9263293637
219853.58228103243
219971.20024975788
220072.431142147
220242.00820547392
220251.16976151112
220293.98617478603
220713.4890480486
220732.8668679849
220751.98570395162
221013.68887212998
221232.8541969061
221312.27631403675
221353.26531951534
221432.88067202928
221593.7281044613
221611.8710240531
221712.85242127485
221752.80123630626
221812.18905166455
221832.30237123423
221832.4322931516
221893.49172669565
222071.56239201964
222151.45864557926
222231.30719332417
222231.43756992192
222232.6224658156
222332.36990636858
222432.6438516944
222453.88118603855
222532.865073946
222751.03805198215
222813.48722725478
223052.89312638188
223053.53978707112
223183.08225881483
223332.82924017415
223333.2008425199
223352.0428566207
223533.62529842355
223553.06935838246
223572.55354841126
223952.6172305058
223953.33115352195
224001.60182546705
224052.2485127549
224132.2255824932
224471.69997685927
224533.37786986222
224551.5837563951
224571.89040427565
224592.84713754608
224933.1959509342
225211.68877973594
225292.148255587
225372.84261311387
225379.15432713254
225393.40101426633
225501.44938299083
225611.72374190908
225722.48827289263
225730.58426800012
225811.773991108
225892.78060023696
225913.1843097061
225971.81346009093
225973.03719965662
226034.505188513
226192.5826644116
226332.24216412593
226444.50555700558
226652.86571389178
226653.13551392025
226752.78968911772
226754.1935723703
226791.54281782152
227052.65020302858
227093.08390660398
227111.8933618628
227152.85000266644
227372.202946998
227394.58147062786
227489.57644756304
227573.08494069823
227689.55876282323
227841.76082073426
227851.6651889268
227892.33877403388
227933.07155676367
228112.4226987246
228152.35024408848
228172.9237091678
228172.92412113896
228293.36295121923
228386.38913972024
228432.9558600262
228673.32033461594
228930.08689986326
228951.67269288388
228995.79831779122
229012.45727689308
229033.23533578083
229353.2905062269
229392.51895629184
229573.78081654388
229605.10182947235
229651.30662211715
229653.0908607309
229732.6889439331
229834.44296780048
229853.4745914519
229971.7319686414
229991.2563432834
230152.38618702162
230153.5543898573
230192.74467243793
230253.85300539676
230312.12815727462
230371.53422664243
230412.6549024125
230434.5925305098
230451.68692463601
230532.18633651192
230533.19626886855
230772.540288685
230871.75428245426
230871.9441757201
230932.006401058
230932.13588960902
230971.9348957449
230990.0822437799
230993.40206223106
231113.15837798605
231132.86047685333
231211.3873957168
231212.49286680896
231213.05737676073
231253.66987163483
231292.6133164798
231293.42461714364
231417.35541959133
231432.6353708389
231553.5521721738
231590.7400883869
231640.1396402235
231853.5079281815
231872.80469945673
231892.0314264275
231973.46485515567
232012.7903090667
232074.41653111958
232237.64246405597
232253.01172044047
232273.25109951585
232331.4270492193
232377.734624446
232452.38613175377
232512.10809191538
232661.10025234387
232666.0382014545
232733.9267791672
232780.9628757333
232813.12086946264
232832.1242873185
232891.12764131592
232953.02988412837
233012.16491984736
233013.92913419925
233015.85099930372
233112.7231095273
233134.00652714088
233147.6060686336
233153.05088949425
233155.9116411506
233215.93354959335
233287.000619518
233352.32630107127
233444.63055701024
233511.07966244838
233572.29458686005
233572.5612640496
233588.37822640096
233597.33496886294
233608.8321426515
233729.62172454427
233751.597152865
233815.23823528842
233832.15013206122
233846.33985244078
233868.84812678877
233917.03394250065
234011.86013813433
234072.11455106697
234113.27412440637
234122.29379316262
234132.82002786134
234152.51087488278
234152.53144701617
234192.8563806645
234253.44823165963
234254.02789790934
234287.39674941084
234359.67984935996
234433.1169287059
234512.13466468605
234518.84181872424
234633.4762620984
234650.0366553137
234694.75047938767
234707.4300166159
234717.79506766616
234818.94861098283
234831.9988573771
234853.06764901182
234945.94937868777
235000.1902398006
235007.0506361319
235012.393401546
235031.40130513354
235031.7482850303
235077.8813737532
235143.78348503826
235156.86565717033
235212.4770790528
235278.42753509618
235293.51642310157
235302.2601660071
235507.89458432372
235531.89268244375
235570.41870977887
235572.88202295857
235633.7365615295
235692.56681578487
235711.26923328373
235734.73246888974
235739.04002407828
235753.10858661262
235852.23960404182
235852.8530405148
236113.59948219272
236153.0744776774
236220.25870982194
236232.52689142936
236270.44141112827
236274.16487150782
236330.42014707357
236451.7992464064
236451.85999112847
236501.23128922126
236669.60949584722
236671.65004256504
236672.6358306054
236768.06406862327
236848.3228337157
236873.73602860348
237012.50029863283
237030.20190823363
237052.720303618
237068.27047388145
237073.3947820893
237112.45012134974
237149.89702073284
237204.2774612254
237443.16163997204
237472.14943742953
237472.3902772922
237489.90754140398
237513.52203367956
237532.81360732205
237565.3647970467
237568.11308402795
237611.66586583047
237613.20565522768
237750.83296666227
237795.26759747218
237801.03175795844
237871.85497866583
237881.12063290214
237923.6575337716
237933.0657382722
237997.46175294925
237998.28054019823
238112.91121452712
238129.90821806446
238191.55765289997
238192.83983101379
238212.73724898288
238212.7596824119
238231.50725617207
238253.60075122776
238315.4422101706
238442.60290531637
238500.7570320571
238532.99837574508
238535.36908350495
238577.906850194
238697.2012490413
238713.80422423227
238774.79009918746
238792.33327432524
238813.74523871337
238931.72326348277
239017.94779666903
239033.5815544268
239192.71149380942
239193.93395283984
239318.61180507258
239393.23574984947
239411.17581109825
239416.02265849552
239491.00228723683
239573.28736016245
239573.83454810467
239633.3669538904
239633.5849355825
239640.70940362386
239648.9584214625
239652.52767353377
239682.27009499725
239694.369421596
239699.34159877262
239701.74842814903
239733.07891690542
239757.3815179305
239805.98263054562
239819.70739726227
239838.9053591765
239879.73269043287
239931.61928344038
239950.85461206056
239973.0368896373
239976.90482860775
240051.47801975432
240102.5031898353
240107.82373016689
240194.26841387173
240220.9267887281
240231.91905652633
240256.09787506028
240271.86598635005
240292.21060565786
240354.44463018462
240367.7697985835
240412.98209746165
240413.64043835193
240451.96849676804
240473.02188047965
240476.4972322553
240592.63462854878
240609.4545716698
240649.21215204487
240687.27261492648
240690.266819465
240723.96871161152
240797.8727333525
240812.9801183335
240829.51336643135
240925.5547859248
240972.7746169466
241032.59613872535
241035.3350049873
241096.04470964754
241116.56728386064
241193.0852901637
241207.46441730967
241213.47386955525
241230.21917555836
241235.19229256062
241251.6272786998
241266.27221555222
241304.90104401216
241312.82208335976
241344.2818074527
241352.3277449265
241371.7183172128
241430.51222075362
241431.45197118892
241521.38030910364
241571.80557154503
241598.90148474788
241605.63395549805
241610.48154074483
241626.80765306723
241627.6656490537
241731.82948497104
241743.80950861628
241753.57508336124
241792.81399115812
241809.23135352926
241832.10114682972
241832.12153905237
241870.35075156414
242020.9526563784
242033.21621140942
242232.74273568598
242247.54859924692
242273.3177986837
242278.14091868914
242361.88484009163
242423.46383216517
242447.24640142597
242450.4113748896
242492.99593869274
242498.90582967846
242532.75651523244
242552.52583620895
242583.616114225
242597.40734029817
242632.1121552101
242672.0463082761
242715.56539289787
242793.73369739513
242944.77347099
243051.74324168777
243057.7671252424
243065.01821507217
243100.82203016605
243103.2074933724
243133.1298126657
243190.66847531358
243192.05778981798
243373.11301238686
243399.56412957676
243403.32882473164
243411.96963070903
243437.19725232624
243515.2110747627
243593.05042712006
243641.08946383558
243659.90367803647
243693.9538414045
243816.11615594415
243829.0708737751
243851.64191524746
243889.82571642607
243915.94778725476
244003.23992678168
244013.2082667506
244030.8301214137
244032.39512742867
244058.60472838194
244102.07033102075
244115.67741198535
244132.49171208468
244138.8706989634
244212.05292578784
244212.26917497837
244243.67979608604
244272.5099266385
244353.54248938384
244412.0164744584
244434.44541933684
244451.23299421027
244491.36622844584
244512.13635711014
244531.69893803814
244592.41591842356
244592.91980935354
244612.23523388855
244612.85941424113
244652.26523169279
244652.36377691824
244952.67796993724
244992.301972976
245072.04970366904
245092.69868234536
245232.21565924585
245372.4108231163
245392.92667794446
245411.80348733533
245433.12015789235
245452.7161523231
245466.13021261443
245692.14010532532
245912.13384939294
246052.9918839749
246393.1197616852
246433.1066400064
246511.49484071208
246633.51388428753
246652.67582678198
246712.11823671503
246833.27668581004
246911.9847829121
246945.74004497216
247112.07863970243
247165.89804910275
247312.61702830653
247352.17384931227
247372.3566465957
247392.78387484103
247412.30633236555
247792.4466609321
247816.16649673603
247832.11189590002
247892.1953744713
247893.62072332297
248114.00218376235
248236.44996940205
248313.99617188255
248452.40658229156
248453.07008136247
248482.9434859394
248593.1663614462
248713.44974300763
248772.7720343688
249131.83350700137
249153.04502269631
249172.1612035213
249273.08568464985
249393.07683801212
249410.14098046513
249411.9683136749
249592.01879514812
249684.63106322757
249852.31059225558
250051.6280056255
250411.37459153196
250503.47912931463
250591.7501547674
250732.42814219467
250772.85411151653
250821.9398110034
250912.95770892364
250912.99190819025
251110.8448396358
251112.56617488345
251186.01558319526
251216.38047540735
251253.76040319723
251369.64006031747
251371.77389735248
251513.6525960667
251569.72295882978
251612.22417579844
251629.33880433306
251693.52991652663
251713.48419135285
251772.48148585728
251832.7710837427
251973.0096406847
252092.18556643603
252093.0702382871
252111.28743160015
252172.18362904523
252191.90777480148
252292.16139556444
252352.73497789665
252492.5787560843
252772.36834167372
252813.6011606286
253133.9595723955
253571.19761326455
253572.88279338478
253652.82440475246
253711.83996918978
253832.52946074118
253833.1113508474
253932.71018395526
253972.19081705823
254073.77528520065
254172.6804452623
254231.72621767878
254253.7771986427
254292.54150826726
254312.42696485776
254351.01752036455
254713.00314102255
254893.12460189167
254893.40965999605
254994.1003283369
255011.2304488623
255013.24188284462
255073.54383476108
255272.70669570766
255293.23056258392
255354.3471081319
255363.46945073828
255374.57017537398
255498.19540234498
255593.64219083622
255631.69706183972
255672.0667771791
255712.7129635781
255791.1853535471
256071.98186328754
256092.17556910086
256111.2986692817
256132.95874301088
256173.0633278519
256212.30991282276
256473.53161550386
256531.89309343463
256572.4318312823
256667.36404157494
256911.48226190705
256913.14855468264
256972.65584814228
257033.65714806397
257212.48236722953
257311.6471938631
257332.00281124352
257372.34469448635
257692.3059689192
257694.70733352596
257914.14183064902
257933.25047321097
257953.10578019443
257992.79959259208
258073.29871400408
258092.38249986435
258113.49144704844
258613.80497381557
258731.81108136004
258732.65891123106
258871.9419156428
259093.18850422304
259154.20340245948
259196.3772867627
