2.7413095119365662
119.82337857251747
131.53487786605928
162.33697528956588
223.53377992876938
243.74368517289992
304.9914517193678
349.4625249889909
438.04029407286197
534.0746998299089
609.2865420982114
726.8786146208582
760.8244740670582
925.7733015395012
951.1707249271321
955.9836644796975
960.7005261564096
1130.2854606812625
1263.3167510078874
1285.5298905471493
1426.8882625037577
1476.6986458909691
1509.2236540024
1656.151226658222
1809.6195825766881
1819.3573601598569
2034.981147563851
2338.960667457539
2423.997394098868
2554.5279258554465
2581.203381614723
2711.4406990459893
2735.7868654134063
2812.922333582166
2830.1469109112663
2851.6496035099985
2875.8758419850737
2967.97400565093
3184.45656795069
3215.455022112088
3232.610043286466
3289.823779670347
3294.5509986880706
3320.522170230627
3385.363632417723
3386.1400606836546
3460.3819994088735
3462.7013544374545
3607.9409896065235
3624.231403043572
3626.2048975970697
3777.1729497952133
3863.666683718617
3895.5343711562587
3911.6464389637144
4087.463572520915
4203.59740281478
4241.993911180027
4292.658717038908
4453.063068830649
4597.501994346013
4880.603866500842
4881.337351669764
5130.5194602566
5278.36439416262
5323.627157564306
5541.780584824208
5593.997792250534
5678.2348152729055
5699.594598340511
5806.611781645987
5870.575126318336
5939.185357725701
6257.75687698728
6298.477661260457
6470.680016814756
6514.284539629369
6602.930432022605
6637.015636242905
6674.166894400095
6855.651770054879
6912.533027701321
6943.731076350533
6959.603733356257
6999.342655176485
7041.700149293507
7360.233191882442
7577.058143931697
7581.9855508635455
7727.4119658975405
7846.897093190382
8025.304691823395
8164.675191992642
8191.022183362047
8247.815698089224
8402.895934724473
8429.534265227514
8446.9943058897
8451.60198187556
8520.040515967974
8541.478893226813
8650.387088229912
8680.131910405406
8746.873129315094
8940.447218185378
8944.624947210912
8975.809503397604
9151.017347426297
9317.420060928342
9331.144293973064
9331.805030898762
9468.783943619695
9489.467063138629
9515.529962020326
9598.801980709068
9599.72893107674
9826.322555656467
9826.694362011618
10027.741116529056
10189.897066496467
10256.950658644157
10301.14973218256
10301.645826890033
10320.364121210354
10334.90350885565
10443.386287770138
10497.55795935033
10539.323079343725
10572.727673354415
10593.393927373985
10692.818356985834
10819.136227346065
10834.976435116152
10926.839275771028
11008.163405338115
11071.314685807758
11358.405359829165
11438.543188857839
11525.409483480173
11552.871398449817
11565.377315345888
11586.528655385391
11729.267756600382
11730.986345282294
11874.632657471608
12101.112756625087
12313.235578002183
12503.201594989787
13189.993765826155
13199.268611546147
13606.128562960368
14313.386438534819
14662.704262045203
14919.670050336019
14954.403351124542
15207.823080488864
15568.127443559064
15821.386312133396
16593.129117932964
16878.120250206925
18049.507999112797
19166.49707582219
19837.252073019106
19858.548020298844
20231.88593738914
20407.007825738227
21293.97401525473
21834.19465611692
22334.191952287678
22809.692607744415
22867.53609146051
23614.68848813088
23947.33108654686
25448.79161138154
26395.2655711393
26629.859027021434
26708.49548892
26961.37492714525
27029.467764294688
27189.380927212875
27196.328365779744
27228.749902102885
27249.57083731452
27294.798391902772
27296.111591811725
27302.353976819242
27348.501921706295
27373.429454896705
27397.643688871663
27408.18248059262
27417.133209631815
27581.643730705917
27624.906142078682
27678.109720047665
27750.606252514706
27805.540067531052
27825.388139555133
27857.656916862983
27869.412375152206
27879.17787270227
27888.919740051384
27916.910025500063
27945.012675392583
27963.074006662955
28021.205835950866
28024.418447707634
28025.172479875888
28245.12476269052
28246.19241419384
28246.866180619352
28260.068297235608
28262.42176981594
28306.97148444792
28325.960156098838
28341.212222474576
28368.045343287547
28415.04936048796
28471.040434101957
28586.278650471097
28586.514825277383
28595.435752596648
28637.919578426954
28653.40072791734
28754.916965693774
28756.029671662276
28791.35949069958
28822.0661350622
28827.830460295718
28941.511358909607
28966.050786302858
29003.039545142652
29039.708596954075
29054.168233545242
29085.975872995263
29122.3912695957
29127.758865133223
29196.862437541735
29224.745997982674
29237.49617928061
29459.968902009343
29471.341367331872
29474.436217633207
29546.956843131604
29557.67261640802
29607.6765899787
29672.545646866027
29683.555363768224
29695.181997540018
29712.731174478853
29715.196567060004
29731.00643497236
29739.105182584684
29754.72549348094
29845.813789031406
29984.18772470262
30021.531693847715
30023.15064158743
30099.880889157812
30131.193078841472
30196.081055789753
30205.081696655914
30271.144106760465
30290.93548156401
30303.060443424467
30311.136436495723
30341.29261288079
30383.337500055022
30408.535225423282
30475.013894246087
30577.63588668098
30732.187530241605
30783.95532182893
31044.15625673595
31103.364077766648
31127.876651888808
31200.236818870424
31211.80130631866
31222.764975908492
31316.497325881275
31340.656193769744
31343.56560695626
31383.49676665906
31402.964224494986
31497.40124775389
31546.975046199936
31591.313472042508
31613.37643065846
31613.51367382478
31620.70108426689
31638.597954460594
31671.45357636752
31775.116741824153
31798.044303052342
31828.582183443785
31883.252358100573
31899.615501137803
31915.110464456717
31980.34613543806
31988.53327184328
32028.402180279325
32038.872186826975
32043.097967945916
32101.21848945571
32118.635313416253
32119.016118329124
32149.061829349936
32186.175140429594
32190.146268058088
32202.25872291407
32242.354387482843
32358.577358117967
32360.43347883487
32372.978482063634
32512.505380927534
32519.316115657246
32552.393413599973
32565.693057825294
32570.238725467567
32588.588606731417
32637.7310965286
32663.848789681644
32669.851662683643
32708.880520776325
32780.1585849609
32820.082778827265
32884.583358346594
32982.299091359426
33057.59405771698
33069.269274844635
33096.54150634302
33137.810131593484
33279.511491559635
33305.1884580137
33376.180033728895
33481.75103341578
33520.78458667516
33530.29499191651
33572.40696066021
33588.83123381997
33652.92394850289
33715.19360282678
33733.300275149784
33751.24488366116
33848.633135944445
33902.58858153854
33955.34418643449
34032.44959211176
34070.017965393214
34079.332880647155
34091.32565571315
34120.261496807434
34236.277786915285
34246.88293450704
34312.34701888634
34393.63041544033
34439.16567517717
34596.41488492351
34631.65210367921
34665.87833632349
34676.56175460654
34749.10690607732
34821.03768292959
34850.91650955478
34861.46493539176
34918.50699452039
34924.77295961454
34925.009242940054
34940.23688535158
34959.43267445185
35022.36807361909
35025.00728409108
35060.93631396633
35078.56458065055
35187.751479590625
35187.88859477416
35208.29559975834
35258.80412385495
35305.15768424003
35335.46685511928
35363.54628850572
35415.29117287775
35497.888397799135
35558.05513636671
35637.49740296524
35656.63091536162
35665.35817303196
35735.59127819125
35737.01709872201
35758.67130991931
35858.203241670824
35870.617845883775
35930.35908335474
35980.95709103163
36055.58138484901
36080.682001596
36181.568521944886
36274.44551766991
36282.40267953277
36397.77895406199
36441.82613812828
36529.59156787721
36556.388668525375
36633.072725410435
37054.8562718817
37430.86319994392
37475.518250682326
37490.95741149714
37498.649790272204
37562.64497046209
37582.17988644117
37597.11223287414
37706.847354325386
37767.608296937375
37977.96831423609
37985.500261820365
37997.54548716465
38136.815732939736
38289.18850547408
38514.447556197505
38602.85028783163
38837.22654968487
38899.051814510516
38993.74141418686
39076.472649200565
39183.61947129842
39260.22447343305
39410.59020768096
39444.876575797076
39601.81650170938
39729.7467150504
39877.39733501417
39888.96808619738
40339.194224371
40344.59074806067
40356.689936512754
40442.87732344877
40462.05769586651
40522.87130019814
40534.90105877511
40639.08315217837
40704.41963255372
40731.97404627414
40742.54953647616
40822.160178389
40846.49877703533
40910.034511227175
41230.02321545937
41258.9637477182
41326.174030327646
41366.95392336548
41590.83118283137
41632.828572735285
41817.657214075945
41903.278003300766
41911.070578955405
42036.012261801785
42074.96551344948
42224.751496368204
42229.14778774747
42232.96540224627
42273.54470091739
42405.54777644107
42438.73653821074
42520.61764767211
42664.384234006226
42690.296894372026
42743.75070902369
42806.258682877175
42868.41129997973
42910.59774470033
42968.195639008234
43059.60406921908
43060.7043410735
43107.22962131359
43352.12706626573
43373.39640608231
43417.212809011544
43521.36009967925
43541.25349626392
43609.766450915
43611.7585412434
43738.25866506821
43817.72238971641
44014.4291177346
44021.223672415945
44107.767144666555
44702.158036287
44901.29459205946
44968.97317858937
45248.1407519198
45573.46269627227
46231.75620851997
46333.24964711822
46959.626759765575
47030.49796067363
47214.99267821483
47256.82063791235
47267.6281630651
47371.835101021046
47695.70232261716
47852.35349095504
48531.84413401017
48917.75741937594
49092.499972420104
49140.633593708895
49322.44119188438
49372.91576680961
49515.00667715523
49649.29810088415
49649.5983335608
50105.815594112966
50444.360604352965
50501.65736974557
50601.4837164736
50997.08419837208
51964.68637776224
52111.97853359778
52230.37803622918
52300.01838213142
52745.649512783304
52875.79068446278
52917.948305294696
53453.51441793876
53549.13164781999
53552.42737040068
54004.214366476874
54224.02665191597
54240.041372019376
54513.58053004739
54628.508200375465
55077.42879597508
55206.78122226453
55284.19104562019
55285.462951034366
55411.60207964267
56138.009562684456
56426.54925476297
56737.605372109596
57014.75169154785
57377.25326018048
57564.661230388956
57653.84155490704
58197.77675073113
58282.575175238955
58548.6135843186
59748.386969310486
60267.13931825824
60361.6854016628
60692.306462117886
61244.56117344657
61393.562961428186
61524.11576390074
62005.08138764318
62594.11882866825
62886.50376318233
63030.14218288436
63257.091964596155
63343.653829967276
63421.52882019168
63458.32215983539
63478.30269161238
63902.81210246106
63997.73451353042
64372.37581987598
64556.456805867485
64582.54125211226
65047.588885295736
65516.08270344994
65699.17588162105
66138.50696299445
66223.93661047328
66331.4359082178
66361.16245884878
66624.3116216658
66633.90104213424
66728.75095204837
66857.33835672415
67168.3481646105
67259.24164897416
68074.72629824026
69051.47845589701
69172.76892923408
69254.46750504783
69527.26583679389
69687.69392526754
69736.46419391628
70005.55076200743
70333.11376110572
70767.23968759242
71687.42133233431
71875.69125698382
71990.41374550747
72054.09689203992
72067.06981295602
72371.61878368341
72393.0365540379
72451.45774964946
72518.62003523626
73007.07026574854
73034.1445031935
73170.59326241893
73319.67838135133
73483.61717777888
73535.83698970792
73612.12881871394
73632.74815268672
74000.84237639472
74254.8779598585
74267.5007868194
74522.42646203538
74620.05374273246
74804.00924586171
75183.45303914054
75666.01158136684
75758.19450835216
75907.43339743585
75995.80875971357
76003.79890777885
76346.9623640326
76490.25370667403
76787.88223385764
76997.46049153247
77090.25480227488
77178.99387357624
77384.9288807924
77401.22972351928
77784.09261458917
77885.86170813831
78040.75674262739
78099.35531483393
78494.487386185
78936.36493302931
79571.71157037135
79907.40860055698
80085.01177218714
80103.09558173585
80254.9807878056
80286.76480939721
80322.9340973465
80368.35866819324
80430.44244056936
80550.93444808107
80577.18789295423
80626.65685815905
80846.96014119172
80849.04635664177
80908.94809392658
80981.96241147931
81098.14494673077
81236.05912986367
81346.64010991552
81449.11961372044
81673.46294844773
81817.86615569088
81973.58780152412
81977.79299465503
81990.44265098561
81991.17943416158
81991.46381331365
81992.27041583884
81992.99873368672
81993.04798238286
81994.03785475752
81998.00989235706
81998.15495214175
81999.21230226179
82002.84535905476
82002.97379739753
82006.12384455862
82006.22603555628
82008.87373933199
82012.52983001615
82013.56863048261
82014.0657901419
82014.58875718339
82017.79436648701
82019.9876057866
82020.71137088841
82022.34618877019
82023.35393584431
82024.00989543069
82024.85180508358
82032.57367839578
82040.2084645476
82042.54118664161
82045.96599748459
82047.58446140253
82052.8815275782
82053.19457318218
82053.30938283874
82054.99805547393
82056.04477422919
82057.37269169015
82057.81575870483
82059.44791856357
82065.95119079623
82066.57018354884
82067.24218563615
82075.84401807877
82077.62166620854
82077.69019007318
82082.47832050019
82086.88143016267
82087.87802824973
82089.7467985087
82090.10109452976
82092.20578804424
82093.5496065852
82094.03536099583
82095.8038862533
82097.55511585304
82100.87257645496
82104.47779597675
82107.80095202959
82108.83477228999
82111.41977286772
82112.48759255103
82112.49424625088
82113.13226131749
82114.48917130499
82116.78747596087
82219.22973073585
82362.61690969563
82405.61240850633
82524.84151782386
82612.80871489014
82638.3249650079
82718.28938075602
82854.78459868512
82939.11145044316
82958.4476811265
83155.61508284757
83167.91637190075
83214.95225088693
83347.14970898617
83388.21379954931
83499.82936025201
83518.03145209239
83525.43180080918
83586.27701439393
83590.62387340037
83616.08555370425
83648.8000646758
83671.71765587907
83723.15432805524
84057.20726923534
84060.35219790498
84072.41368569374
84093.15291250333
84170.93052801739
84252.09003429668
84314.69307399815
84362.98013423804
84414.59613015509
84476.5845404546
84694.59396415071
84707.3725774631
84762.00311495143
84778.67984296408
84804.41811425674
84845.91398969312
84883.3328131814
84898.23322423847
84928.43925665731
85092.26023563345
85177.36018618972
85263.8857690682
85284.89856338636
85347.81239606002
85355.84276645642
85403.23268017748
85538.0665906598
85630.28976112194
86008.97748473157
86011.62232627039
86025.26648314745
86306.98483840913
86355.29550870592
86383.3060813059
86645.1448008061
86730.80098992158
86831.89389991607
86839.24585341332
86962.65114027596
86986.60769829451
87009.25521688497
87088.5082070266
87279.97001828879
87401.57725196534
87421.20271925483
87505.46051156154
87579.79626977106
87596.81383278032
87634.12118200847
87754.79958782493
87943.08885201917
87967.38883551824
88003.94849240196
88030.11832945693
88107.54003455814
88217.90489544201
88418.25744726243
88437.78704929868
88451.31081552462
88498.84668251465
88549.32727076775
88584.4877162241
88654.60316360365
88712.76405375273
88723.7217806252
88733.64115182954
88784.02224369382
88834.14710497399
88863.45448949568
88979.77715601074
89198.90445661229
89203.47403595144
89250.09325895792
89287.87308989417
89343.3971435303
89375.45065240414
89606.98905921838
89643.73604141096
89967.81246144194
89996.18363881786
89997.24107614685
90310.70913215117
90496.27251038479
90553.93318630727
90557.50753721465
90639.68684422593
90701.77605642687
90734.78258300872
90883.9679707083
90907.94298291755
90960.65867389267
90986.35017455506
91017.56456704436
91020.10386488624
91026.68651749704
91097.09437388972
91137.85805614518
91191.74288343848
91286.58974293813
91292.63680275521
91296.1410481886
91461.94069468886
91572.81271292001
91585.9021029441
91597.33033904913
91609.7223505281
91715.47451615636
91724.75402359785
92099.93108096923
92199.89448785364
92249.1692368609
92273.2605160689
92416.33180805121
92472.42215878009
92647.85748838239
92654.56782068875
92831.98616912094
92962.45226675441
92965.65078566418
93040.11533831758
93069.7897310165
93244.44450916721
93301.78383185333
93405.2939280185
93490.66596743384
93498.06062906982
93567.92635303494
93671.74587563048
93678.95343360078
93739.35640338834
93805.00896279165
93934.14984687562
93948.07025892982
94297.75663860959
94320.8741290196
94355.55069197045
94545.37455370014
94707.0766396559
94750.56538841128
94845.14460604946
94883.91249765764
94904.35790083952
94911.40560387663
94947.51425664227
94952.22632420268
94975.64066515438
94977.3422560229
94993.81784001473
95259.21695524378
95278.1462233965
95280.75427327945
95311.186810459
95339.83541094957
95356.49596172055
95473.37257474639
95581.26400390833
95831.77760395747
95880.32946089463
95899.03612726854
96009.06215095051
96114.81492264506
96165.5244655392
96200.23285603948
96213.06160368097
96327.17871849675
96336.9705777674
96345.42808916452
96418.33697321692
96490.42203287261
96547.59662169422
96614.91255303261
96684.48616416538
96798.67472282876
96853.90804878637
96992.29561723497
97048.21445314509
97084.96510046336
97125.36951896921
97606.13826277545
97638.27892873061
97754.26645389244
97883.08379282802
98040.59479347206
98157.22251298261
98157.48299225893
98197.7111940413
98316.0155193622
98478.0702986013
98538.9616807474
98610.58857321925
98822.90160031767
99127.93862109663
99218.45072538572
100039.6622685668
100599.77651167812
101155.55369928155
101583.59640631119
102557.21908323478
102603.805708642
102843.2478142484
102943.20948335723
104533.01235451274
105060.20061289758
105811.4602550775
106771.98689025639
106922.8851524751
107083.05349897573
107560.88229269265
107908.65521814933
108029.84206272285
108076.18082440816
108302.45371050911
108887.20435776726
109078.60006755953
109533.31973699352
109679.24672805684
109979.03192327531
109990.35839918451
110703.80888200855
110937.39196912193
111626.4751768258
111825.87044791366
112158.85678181438
112496.84537093111
113356.33609279184
113356.88323537128
113391.21445722993
113399.6079674078
113512.83010638342
113536.88978072435
113601.06182810637
113661.7923442481
113704.08082897546
113706.7860080495
113762.0128914743
113764.65695366531
113772.7392764756
113884.90674677523
113896.03224041304
113998.72720903828
114009.6214238055
114105.69238714344
114112.1898548702
114176.18082598972
114221.17697336158
114240.92126795006
114271.84741967535
114325.76201357566
114392.97789810752
114414.45864956698
114417.04180217112
114469.07450386902
114491.03841179264
114568.54959832005
114589.1816361769
114610.8309384188
114720.90119084241
114745.06625921259
114864.99711434245
114952.06732968849
114980.7646978255
115023.84701569995
115026.81673623057
115135.64421645485
115158.68020162749
115216.08035173944
115225.02942662677
115276.47632820252
115324.25052716848
115389.29114370821
115396.470397548
115451.15517448346
115460.13837231234
115461.08145764814
115490.1245272856
115502.997661689
115529.07455460606
115575.914793167
115580.04141015916
115740.32130827227
115765.85167475062
115789.34623408291
115835.44101454118
115840.25953186661
115866.38785626528
115871.05082871666
115882.92668980785
115968.69395200614
116046.61262771656
116055.12058060885
116148.66686391323
116159.00705310793
116269.11421925707
116281.05219728507
116298.93336304423
116393.3296913285
116395.43291721967
116403.81933389614
116483.84305511683
116599.03036397134
116606.10463805783
116635.99135377743
116639.7633031953
116647.20203890243
116716.78373479952
116722.058071957
116759.64568274096
116826.35738340048
116863.54297066099
116884.9485059478
116910.66026584046
116918.76697171961
116967.65371966307
116970.59954554422
116974.2930643498
117014.45119394045
117037.24651839926
117071.56613419074
117079.3043002125
117092.67412479686
117121.86180538076
117123.23491416455
117193.8293667807
117201.72695089251
117207.2041492723
117228.98597544845
117257.81905872306
117302.1508887944
117345.05721462783
117375.31288785953
117378.1468736145
117556.09954794103
117597.5002231714
117632.42614298502
117655.5167426996
117676.58726254039
117742.67740068599
117776.80388877378
117895.86186134734
117897.555438115
117930.21759968073
117948.22902595706
117966.37849018088
117966.69836121643
117974.57765359263
118060.30742363774
118130.24600462252
118185.96441779702
118197.3690976326
118285.08032959943
118293.0738561747
118320.98930981374
118398.29861287933
118493.35775136121
118550.57290696846
118594.3921571435
118610.23332428066
118626.67046484957
118726.75380049556
118746.4516100923
118771.86642857622
118866.54384925123
118895.1514200986
118909.33911680306
118928.59012921853
118965.62143080414
119043.62677102053
119073.8374881023
119083.35310106781
119084.69793031158
119152.25222884651
119154.5082333575
119190.04187435805
119192.26487022181
119243.8372327006
119279.2939194609
119290.02369299662
119446.94020422324
119452.39750968153
119475.94660816445
119486.49659256422
119531.55593229656
119587.08815555621
119617.6984014874
119652.22167589352
119679.85764886093
119691.59336118426
119827.29812061033
119916.05165936527
120045.61651447476
120091.95849752409
120127.20020381891
120140.62221980083
120149.64434287293
120196.9472812028
120238.51542305274
120244.42550141059
120267.45232165686
120338.58695227306
120459.76352309139
120495.0009216313
120528.82883848382
120535.5184141257
120641.24833902849
120658.66908687685
120737.49351645863
120768.76341085791
120840.95783340945
120935.5199250368
120956.03866736969
121080.93456157157
121171.69354454365
121186.3307287186
121234.32747597864
121321.27829258278
121417.17848004696
121442.87975814685
121470.2325522704
121477.97551828512
121484.42037129035
121522.14530962938
121552.87914782227
121562.43290532439
121565.60310932179
121716.96346924748
121764.32371411948
121773.11410770436
121783.44160201983
121811.26287160782
121835.93037671728
121882.08645759168
121952.9202199881
122109.32414301927
122365.38274512155
122381.19600157216
122403.77072735023
122403.7820716298
122446.29629792989
122448.72848498281
122465.29208223989
122566.27533820043
122581.67174116106
122697.63378364412
122807.59202690808
122856.12149939047
122873.04200763733
122914.47722755515
122925.96824385531
122982.7485361586
123109.8906086001
123223.65784552378
123227.13446423814
123248.15416585037
123352.39441492147
123452.80416604405
123502.6412009806
123730.84307754357
123747.64012319106
123882.91142925891
123946.22879200598
123978.26376702214
124163.88863613298
124335.53006847217
124353.77602104201
124376.43953314079
124503.5610011603
124585.79442885204
124603.3637275179
124725.58471392875
124735.08639031832
124760.75855746353
124793.51564724653
124866.29724874813
124872.88194126936
124999.55724762779
125061.7199637097
125106.05665354122
125237.82678634868
125433.91593716755
125566.45059971484
125681.35684544283
125743.43123324656
125873.9265519366
125884.16700854225
125919.26064721172
125933.4804814555
125949.05987644839
126043.14404084248
126056.27976625877
126163.64474946377
126352.28423572675
126363.0504803753
126407.56271024172
126460.63587493949
126467.10362196076
126472.0237642558
126475.92022897935
126534.19103812167
126537.1548773541
126648.78728482005
126889.68849830114
126940.57338308492
126955.05236212185
126962.37285585032
127082.58333327904
127170.42430984715
127270.84632328786
127284.04327224335
127288.66710316669
127492.31271033184
127514.79762099421
127556.17461398157
127561.89561846468
127585.47053201811
127896.9352752333
127933.99818288133
127939.04868336311
127974.39984896587
128102.27778621568
128177.0787207791
128205.15331578063
128235.16899697046
128264.10282915508
128336.6830100432
128446.74178462347
128478.0120313486
128604.8588356622
128625.46583047658
128787.36287281755
128899.59129082176
128907.22837805605
129138.654066287
129478.39194857769
129500.64931421421
129550.29996863485
129595.10747060235
129609.16371948415
129750.16672863712
129756.3906368053
129860.79400285601
129863.23983664715
129876.02547925408
129946.13427529868
129948.77135030521
129971.1647597658
130030.39496553493
130103.84395251732
130164.95502485099
130188.18970392519
130255.76686082216
130277.04051198033
130305.67091962798
130314.89786654036
130383.1669219181
130451.65996015472
130623.86384936093
130716.33427639259
131307.27206366265
131847.69491731265
132008.3155998545
132181.04409372667
132231.1767642696
132302.9908397721
132343.27188825654
132478.20256117766
132549.60661810188
133108.25398911606
133158.06549082632
133163.2334550577
133994.37854380903
133999.98153049473
134014.9475105052
134063.27752665486
134506.49718246207
134693.33294943732
134724.4488935498
134907.12997633265
135085.59175066793
135215.992596558
135326.36785496213
135386.89294603665
135477.5745768749
135659.65180859482
135753.44301002088
136004.73771181604
136109.27856591265
136173.69674784003
136502.63160621977
136564.55642166996
136734.21845844664
136867.33138492855
136960.09929828122
136993.06547401485
137611.04625490878
137937.10069402878
137964.48686407384
138168.98261022678
138649.06044642936
138747.14192213223
138819.40988666445
138877.6928117008
139122.24336248197
139586.53230272423
139693.60796581313
139999.305046184
140614.42277411243
141137.15722972093
141169.55234721908
141216.20869618453
141435.51771594113
141466.23997988997
141695.99463669967
141801.94218011294
141848.32661479877
142080.24926680667
142204.91004418494
142996.89712023124
143006.81768196975
143194.50071374892
143253.05886244093
143275.65750187958
143634.97967007232
143683.04550197246
144016.46681106833
144152.353728852
144374.844187233
144511.98188836768
145092.26925582756
145428.40341427206
145535.98406536022
145859.5622941801
146566.99323740855
146785.56750394995
146904.89395748213
147150.96525749186
147256.38743999955
147678.72364616644
147719.89003927057
147965.39914656448
148321.31840711855
148342.67206578553
148356.991742354
148458.24479221893
148774.54218128556
148958.54446343504
149343.35119904502
149750.31879784627
150177.21387225384
150976.31754208799
151204.0616436876
151361.10826599243
151422.0959100904
151534.681542715
151550.0681922942
151623.9063988488
151627.16708944982
152223.56325092932
152231.16710700694
152374.03725713343
152594.71416481514
153403.8659341815
153665.84580665216
154188.87365092261
154249.47529862466
154503.52803067706
154540.1296829954
154881.67114806292
155106.85603446455
155153.09000089532
155243.32441461127
155265.71875517262
155485.0629281688
155599.57228789278
155617.4200573638
155678.61422132736
155738.04599383712
155748.91058699106
156315.835799186
156542.72691676387
156692.51169515832
157491.73533443498
157524.21591342386
157646.0921085197
158002.9189849731
158109.6185696387
158257.82867443634
158695.68595982075
158785.67338949995
159073.18181340833
159201.33338838283
159532.42715301274
160019.01697927376
160258.10055472044
160448.35196835033
160763.83565933083
161055.5580965619
161239.91957780992
161286.42660586096
161332.73875878588
161376.19291792726
161384.11155850178
161434.66320325207
161689.58181110752
161723.09350633522
161884.78835420334
161896.62146227545
161939.19929475978
161965.55548906047
162201.09146011365
162219.4924739303
163348.38805050048
163674.96239837963
163679.16009025645
163911.05592802333
163941.0568703143
163994.59432312002
164126.34940153518
164137.67131327157
164278.92017943668
164331.8631804225
164392.09446795395
164686.82022774746
164704.8638877844
164709.76090135836
165022.86273499843
165281.42255752714
165319.04488842035
165503.79191297555
165538.27012462867
165954.94033428474
166277.71771254105
166587.17043364767
166724.6703865516
166725.76024224563
166798.15963480415
167145.04298615962
167169.00047712022
167430.21968198643
167465.04165446156
167515.60157888988
167538.36308634252
167557.89395331073
167639.86375811603
167870.55219887386
168207.88577399286
168239.3893579683
168373.49396987975
168373.57070184327
168376.20711527232
168378.1150032101
168378.68646786697
168378.76301177568
168380.28723833497
168380.88749416347
168382.8533426814
168383.53746499756
168384.2707550092
168386.2509970975
168387.10391041823
168390.76259341545
168395.51769190957
168395.83612443806
168397.5150294454
168398.40400200844
168401.75399809968
168403.94985123203
168404.91184386262
168405.9293080458
168409.66602049087
168411.15668688627
168411.27014498273
168412.86506545602
168413.2022175196
168415.95436809835
168416.87074713624
168416.95330247006
168418.41471716715
168419.55853767315
168421.4412664217
168426.26140783948
168428.31648028898
168430.48715240136
168431.86786750436
168431.931344133
168432.57906394714
168433.12934954942
168434.40234070085
168436.29132145425
168436.57211491768
168437.29678225404
168439.96964323774
168441.32027466284
168442.303087395
168444.9403874298
168448.10538652813
168450.8845759604
168455.13702215816
168456.55955225555
168458.1598516246
168462.50281719648
168466.86030701594
168467.15779107704
168471.12400576234
168471.82057743083
168471.84700967095
168472.64918040636
168477.9656326496
168481.76527714904
168482.78156961006
168486.38985478994
168489.4371463246
168492.0716498382
168496.4091274582
168499.52842597582
168504.31689778145
168504.5820060126
168504.81450688775
168506.15414814773
168507.08708078356
168509.34969496928
168509.59841303196
168509.79860725877
168514.11289090005
168515.25029028315
168515.89813158184
168515.96107809196
168517.58661667345
168520.08541212432
168761.89882047885
168764.8331737778
168798.26699058642
168843.67281476335
169045.1151053987
169172.02186464623
169195.0467075154
169252.8726328081
169347.9214265645
169380.39543339357
169431.70074112713
169445.00342943013
169445.76977790816
169552.23455680843
169587.84681905608
169610.2480685491
169641.66297842853
169816.85899099882
169946.61975179074
169973.21979421936
169990.4923938039
170024.18941305357
170051.71838771494
170059.0803708509
170131.42677718966
170141.39722852194
170151.7786019924
170154.03455500392
170171.38360954076
170226.23612492986
170344.62939891015
170378.06790352322
170508.52846770803
170675.31478144607
170757.74944788977
170766.74693082523
170784.40251481129
170884.8201554442
170995.4665526314
171079.61982193723
171110.03892272478
171167.8783304271
171236.39095247147
171315.31069798913
171355.0338180413
171366.64145743244
171609.2342239538
171809.1849762075
171822.35302289674
171983.29509701396
172006.1120578564
172047.03924878908
172090.0176696438
172216.55881492258
172218.61395590735
172241.63938979385
172306.13074671163
172331.9831628588
172343.44465043454
172380.8697529683
172470.47701203235
172568.83378731582
172576.34278237348
172612.30238118337
172759.40623755928
173072.75705854877
173088.42350055993
173224.7140210016
173259.7679644995
173381.61625260534
173392.09160731127
173465.23401650315
173653.85372358214
173810.8264831923
173861.2164126289
173947.5990084671
173994.53679514583
174009.75258929667
174010.51375356442
174085.91806202574
174196.58913206478
174224.97957440146
174231.7077158388
174388.08366454943
174393.87630852795
174435.15776537734
174483.870444071
174726.99466474153
174776.65825645684
174826.89674943188
174848.1657095537
174867.94176649433
174918.48751750906
174927.62633491837
174938.01829467746
174939.5380592245
175016.68526793845
175023.48688915212
175045.06790224582
175060.46295343226
175133.3206102733
175285.74081130562
175323.35946795042
175338.0723835582
175497.7282518156
175528.05072254094
175620.28951690305
175645.86600588384
175651.55841490888
175750.80884249392
175760.03015480985
175842.4932088923
175984.8765922182
175994.98677587966
176039.69855667485
176109.58877228896
176296.68250865428
176398.6150610545
176436.07085137846
176611.4705068704
176705.90926787833
176762.96511052654
176876.43448795946
176904.53657694283
177046.99332279438
177139.1885513246
177262.05340500074
177265.74607185673
177337.43825192243
177354.98171079793
177355.86585896404
177493.17761472182
177495.91008914457
177546.23236240377
177735.68338502577
177897.9982745844
178053.55269615902
178053.8907578802
178098.88362296752
178134.52355643673
178134.5464716477
178151.772044349
178241.15989669395
178263.41936358693
178327.59447845258
178394.9493106402
178438.04040196448
178530.12316310583
178736.79550923535
178774.28624351314
178823.15935719773
179044.1099304481
179095.25581679455
179101.55790281744
179176.94260536483
179471.65589126307
179486.20942957397
179593.73426570903
179596.63864564907
179611.82180106326
179682.11582445656
179816.68158925357
179842.80480767446
179922.2785300664
180252.34429532592
180310.96474844514
180313.17985509822
180406.72748153337
180433.08006895616
180440.36274935596
180463.59991703634
180519.98058252747
180540.20681032146
180574.30507088706
180576.42306417937
180767.1359103703
180894.34140632817
180911.3089711569
181087.8613862957
181105.11362278208
181146.57712574082
181253.1865547672
181526.56865195226
181543.92820199454
181564.6551524955
181586.13742716977
181611.34395066567
181664.1571558423
182332.12138347837
182353.1193820386
182467.38527209373
182527.57606384612
182537.75620584676
182600.24260331888
182646.82665658646
182773.19209429115
182955.2931693435
183077.04352833136
183150.50583304153
183240.75356544214
183250.05628325228
183285.2795365402
183335.32410603244
183341.04060762
183341.49276951683
183375.15797223072
183393.5938110026
183403.2570416536
183555.58274520328
183604.0322696004
183614.3393282346
183731.31476543055
183732.83285996775
183800.33955983928
183916.35137411638
183934.4144221183
184005.92354575012
184151.31535256671
184189.53745217132
184432.8035166046
184477.77769204052
184592.5948335732
184599.60637616643
184687.98878237267
184765.09071953048
184935.38387393733
184987.95906851688
185008.59942602902
185053.9468619187
185405.50654378536
186374.08182901345
187480.57260791693
187888.9247466103
188031.5011217578
188968.1678814749
189562.70136069768
189985.6047981489
190185.09881294682
190559.1608558093
191045.68893722634
191192.1905477146
191263.3632676576
191804.76291113635
192401.75784990838
192523.72209201928
192840.34071103082
193494.1482375437
193790.31621289294
193867.9814974754
194029.68664922524
194213.86801338833
194509.55827176225
194856.63057308638
195224.67622626113
195482.61691118154
195740.0007378205
196276.3481744108
196728.8149019982
197223.60724364413
198161.76583058448
198383.65848907395
198441.47290597646
199376.63276713877
199803.13173269492
199847.38970154745
199870.5671409564
199871.20618099268
199892.56475539602
199904.535651404
199914.801646124
200033.1206336341
200059.39116269595
200062.69403195198
200157.67277394878
200202.41856945478
200224.399398143
200227.64744247627
200327.34292875024
200339.91586512935
200385.11332008094
200386.8307468431
200396.34170054828
200409.0900996103
200418.77470298577
200430.8527806618
200446.28686188982
200476.21915497258
200632.6504839545
200680.34460646604
200705.51516223862
200871.51551799828
200896.937561227
200982.55790748983
200991.61565002578
201104.82517522192
201107.81543155052
201111.18662461726
201141.01577515737
201170.29276579613
201363.83132973895
201379.82605650538
201442.01230313387
201458.7868882266
201503.70127426513
201525.48564570022
201536.79227482437
201566.10037509576
201646.9429853464
201909.25989179514
201957.88652230374
201968.8515358188
201972.45771333494
201998.5932298267
202114.41369217756
202168.45730049151
202183.4875716748
202187.59154766024
202233.3039249655
202269.4873876487
202300.29642739065
202322.0036142989
202352.92578251372
202407.91378678018
202427.28419033356
202455.94332577972
202527.159261676
202614.38671553633
202698.8634640408
202732.97008956256
202748.91750705507
202840.2391860135
202851.662053497
202863.7096704489
202878.44201928988
202878.98246232496
202911.30848414754
202940.61886792333
202986.551633227
202991.6734335149
203024.23795706508
203137.6183841134
203140.67263981068
203143.31844720469
203198.48402901134
203220.9944856265
203237.31416599997
203286.64999140054
203370.92678996176
203424.30199523858
203461.95780632886
203490.17049186956
203563.3417536574
203612.17887223314
203628.68753681876
203653.09707030028
203691.3720568167
203702.31697601537
203711.85105229382
203798.6904055819
203814.56154310761
203823.79305397664
203873.32024112117
203911.91764040635
203933.50141047203
204126.19474621347
204127.14654763276
204133.0527169496
204159.23883815279
204246.35401641665
204294.4322314138
204341.3262417781
204352.69938720943
204356.39242721602
204358.30306247922
204448.92199393714
204465.90008218927
204467.66808716534
204494.21199495718
204524.2889444442
204539.23359021376
204545.5640356304
204558.86379608183
204569.9513161524
204692.788419297
204747.67838507117
204750.00231026902
204755.74596391706
204796.36753680068
204818.8055624979
204834.1034210825
204854.91234355592
204950.70443732888
205029.057010711
205084.04815328954
205156.04784136612
205174.64967203303
205177.85443783514
205199.01811193206
205205.27011043447
205221.96555387718
205245.1702415098
205259.18946654088
205300.41811978852
205310.66775474488
205312.70275929366
205316.66509192518
205345.97707482587
205356.6079880171
205595.35549768817
205619.94027658325
205657.14709923006
205662.99516792948
205671.19011022238
205699.4322541798
205790.3006458459
205811.1062798291
205913.274778146
205957.08977012004
205999.1019919438
206043.74484535944
206137.17432943595
206172.12197420734
206172.177550796
206216.39606000565
206242.62525475855
206256.0842698502
206363.90642374364
206380.68425232085
206477.64171843434
206493.6111157628
206517.5600564964
206530.0399755549
206611.89018976895
206633.5717999794
206692.95195397103
206714.46572179356
206756.70918633637
206820.0572789074
206870.65078996055
206923.78186221817
206928.48157471
206938.18624695326
206966.1805635001
206994.34367135222
207022.75366243641
207029.35723161735
207047.47371096048
207066.4571814819
207106.4063541973
207166.86546046374
207166.93012637674
207201.37815480714
207212.07176937026
207232.10321933893
207254.16220276058
207286.5467970316
207286.65133917698
207341.5414958853
207367.77074231952
207372.42037456005
207400.94451655942
207414.84346922868
207485.71344219285
207554.27083964788
207605.40759145594
207649.2234922592
207694.7947696606
207771.6997637302
207779.73482557747
207828.93222861039
207917.0021918023
207928.72748330998
207968.7548930122
207968.98438060447
208017.72834716534
208054.45634640555
208059.13635944805
208078.65938168942
208089.1556847313
208097.29869388996
208114.01549846728
208178.89017194387
208180.18697815147
208226.63978081776
208227.1296536651
208247.86174200897
208267.67950133397
208290.04088849283
208313.46886249608
208323.5883177704
208343.67105671385
208469.12076258566
208499.1424324562
208513.51967296534
208525.89071817443
208570.0788193043
208573.24404011708
208603.20073367853
208670.86867677543
208704.73139446453
208706.35237512062
208752.5513824928
208842.75273330032
208850.60768954895
208876.20297208635
208882.94544380673
209009.5742536075
209010.2955935982
209037.92495209392
209169.92721804263
209194.85178952408
209240.81331225406
209342.36353584524
209397.1982075149
209405.48305963594
209418.8611592363
209424.23708424522
209425.1200254065
209480.94815243548
209515.14134011173
209671.8526087067
209747.4746089498
209767.2682788019
209797.83612857456
209848.56771601576
209969.56578015
210004.42193181015
210024.26908065003
210057.01918181032
210078.4007018963
210125.43694588428
210184.45091301936
210269.54277666152
210451.35533175847
210466.56397345453
210500.51720590235
210586.42009675442
210624.6317865649
210649.4983362966
210667.98767380818
210696.0844821383
210817.94561725788
210839.95188290998
210933.8140887209
211049.03974920054
211107.00279255287
211167.15928949718
211175.11334172043
211214.11712934863
211288.62888520255
211447.11620223385
211498.31152974363
211655.96110993696
211731.89421404648
211760.5470126663
211957.23220859937
212073.3553188592
212135.64978414832
212167.15135814168
212252.6747854034
212286.32392768207
212335.71349108664
212400.56488757092
212415.32764356775
212452.02999827714
212456.56493426982
212469.273113225
212529.87790465096
212621.16726177608
212839.4418679392
213042.2482321272
213082.6914106035
213085.02463244897
213196.91627011186
213205.55264835912
213288.70240397623
213306.6930801709
213307.71782644902
213390.55333699984
213572.1353606031
213630.6215187413
213682.02610352793
213745.96419774633
213810.8031085916
213838.88562502805
213880.9435150732
214078.41495392218
214226.77775047408
214425.98802755936
214546.1511699595
214569.02730013157
214608.85848599666
214622.24748101883
214645.9436020333
214801.9796935948
214813.86250272207
214897.92303625596
214932.21011785892
214981.3397300146
215201.73698195955
215291.17218461572
215350.8447111206
215355.02302458958
215511.72409225022
215557.1549367273
216016.31703569865
216056.119320604
216103.80571200952
216294.7284842562
216314.41691592685
216535.27895703958
216537.00434470014
216635.87111302515
216656.89982522052
216967.5565682377
217057.29408372717
217236.01499522664
217253.91851114907
217284.22423893964
217498.29778172352
218209.88714904492
218221.38494970393
218244.4857329855
218404.34695318885
218418.16480813062
218614.26605033493
218949.03281479358
218996.2920869306
219255.8367323279
219615.53286120115
219648.5008724282
219842.3730800529
220146.52867027413
220406.0801862666
220466.3269209873
220924.2779787939
221754.32353864625
222016.49897475005
222164.00814086135
222221.14228353614
222994.98329199597
223074.84573465004
223468.46550089165
223617.50465204281
223890.54150629658
224166.14540588952
224176.4735360244
224369.281442006
224451.6565119231
224734.01286367688
225127.29657618506
225206.41487467248
225247.34425740858
225534.94676521918
225827.52104402817
225910.9721869285
226691.68383087174
226859.89836540134
227405.78932937077
227738.77113261816
228100.32959426957
228204.0518259197
228267.5487667961
228278.36797466356
228522.834805918
229260.97962496718
229297.66738696286
229300.72566332057
229312.49428918783
229531.2200663011
229575.85533153423
229636.29701660702
229982.15835710155
230108.94841472132
230227.31060663905
230250.6018194721
230260.06059514396
230271.6892342567
230466.43595826215
230637.7508223903
230720.7764507386
231072.28245479736
231149.0391361878
231497.54681050504
231648.06963966184
231693.46456050113
231753.30721899177
231880.82551248046
231922.10112420094
231980.62064529574
232493.71119207644
232590.44842263134
232705.12293460825
232774.52706012578
233663.22168919217
234127.01930375083
234606.5738596615
234674.22801075474
235320.41826621428
235491.08016468718
235513.5097908253
235791.445178497
235797.3730806363
236081.20404403712
236199.61206876842
236228.57435910922
236791.83626940628
236922.1008541705
237074.10536233225
237204.2202101523
237299.38707629568
238044.92264017236
238381.54378493648
238440.0965140508
238649.31439341052
238814.17642793508
238844.55285932432
238997.08061301502
239214.93255846028
239652.26194474398
239734.02139684948
239982.42177463404
240108.89823618473
241078.7344972416
241155.54988164493
241466.71225602727
241655.4302527166
241944.6157676833
242029.6561889521
242141.42739973558
242210.97174654366
242282.91977661016
242324.69650756064
242461.20413466217
242473.52416713003
242569.74728143588
242894.81830962258
243260.5134372536
243384.7149100232
243533.32861680235
243958.4127268931
244230.19950146778
244846.17500422493
244882.08643358428
245088.94871434983
245283.45569182053
245331.3847623568
245577.22894738626
245678.51499251137
245980.83179138
246164.99708287296
246237.34837305205
246744.2704342227
247679.0867026493
247762.58570841854
247786.64219233795
247945.6220686508
248044.50096531434
248165.43203437002
248191.2165335581
248391.28081462212
248450.27415459117
248895.78719784605
248953.87086541211
249208.6965030611
249604.28698495816
249912.70887761598
250068.19489097252
250114.53672500455
250415.0366978937
250550.32651318389
250669.75146287525
250833.59577649288
251253.60243173945
251346.33467386855
251435.9218494165
252047.99451906135
252750.7904593401
252798.82218621127
252808.5491566406
252960.66401780382
253243.36825154017
253545.8642672837
253556.59426338313
253967.46834428702
254095.065415352
254442.19832143077
254523.60993748312
254538.299941956
254773.08483397446
254773.8285770821
254775.84194956
254776.88449608
254779.43700732995
254781.79529186475
254785.23728041307
254785.7703484046
254793.5601813976
254801.71938990144
254807.36802392878
254808.02503646133
254810.5851760109
254811.81017210457
254818.7133779926
254820.11423276918
254821.01941904076
254822.79684680415
254823.70071413642
254829.06879973758
254832.49037997326
254833.05842962026
254834.4594598618
254836.11775910138
254836.68864952028
254837.1336626954
254838.6882090269
254845.92061853746
254847.88303257356
254848.51800573868
254848.86221240126
254849.24123661913
254850.90506189907
254852.01854400517
254854.61674222792
254855.48040180796
254856.20597134763
254863.73111758358
254864.35993380373
254867.09395853095
254867.69460268712
254868.7778015365
254868.91431357208
254869.81478796917
254870.3757077828
254873.0031452034
254875.44341711025
254876.58950841293
254883.6451611906
254885.08240175893
254885.18075824715
254886.40858144785
254887.89094519176
254890.23957581547
254893.73324699787
254897.52226748818
254898.4691641227
254899.0872397442
254903.9381407139
254904.9158333076
254905.0332087429
254905.56371437683
254905.89400894294
254906.79285240182
254907.08447467396
254907.93818216637
254908.61490115823
254910.05780695158
254911.41191693622
254913.65560608884
254920.4767331694
254921.77997616923
254922.65562485
254922.80013041865
254922.86248376215
254922.92855620975
254945.39056303454
254967.62516955036
255041.7197544688
255066.45126319927
255076.5178588468
255101.0127050784
255121.94738279225
255163.7730826569
255207.30679236917
255281.83492425902
255295.29579988564
255316.3145220836
255418.1690560132
255608.33991459227
255703.42513361678
255843.07274364575
255874.085647434
255888.72226555482
255967.2793067787
256033.53442508317
256079.66877708695
256249.06178363104
256311.2104032395
256358.83182716806
256371.76888150937
256558.24594536558
256636.91140107924
256774.51154213276
256838.19078529527
256841.08526724458
256953.39413761985
256968.10412636644
256986.36506580946
257022.8317237163
257069.76301165455
257075.10327486385
257095.6783338642
257158.71748729615
257193.61561402102
257339.22480733634
257436.35924834566
257442.6396558085
257499.61898579728
257531.30951972635
257632.55539074942
257678.809212084
257678.81657128135
257917.2999536036
257997.31418931123
258013.13757850573
258016.73597179848
258042.8076776586
258150.89313660332
258240.86733691714
258391.26895757788
258532.26803825103
258553.4355545856
258632.61352560727
258696.8148220866
258857.92205924445
259127.1239623567
259141.39115557534
