2.740513979610464
27.570123265095575
33.81855487862618
85.68138558107437
100.05406253262342
139.32933114833955
153.32914333912544
154.8339611979708
159.57883145834398
206.46108599236825
238.29054174825185
243.167831665962
263.9795398842553
332.05192939993793
344.21239301025986
414.32178048128145
447.4354887209937
449.6539001898396
544.2232659819277
552.9632949800144
562.2994858717689
629.5562588310911
675.3661693459663
684.6381618688434
718.1195142690786
760.1171351091617
824.761851268176
842.4167501380497
910.955804094234
921.8145345365122
928.0040471244779
940.9772607362829
946.03085414899
983.675967219127
999.5124170030318
1002.09704165278
1032.4738181499583
1034.077647519543
1049.4447419877708
1052.1725722616304
1071.9692134478373
1092.791565945852
1105.8236313937316
1109.1169005273164
1117.5736761254072
1172.9824566941793
1191.121201139204
1203.442381484739
1220.5180723663982
1225.3319995939305
1405.5026215795958
1439.4730879881417
1478.8657902068821
1480.4839458405793
1511.8660491405521
1518.8291751188474
1538.194647844432
1549.2432705631377
1565.3619651332438
1611.1129420194927
1622.247576922308
1630.5425714784847
1630.914634572266
1654.4399138530578
1660.7416487489204
1667.9584851982158
1678.7512015188968
1697.10971973837
1699.4806814416368
1701.6789476125616
1715.8978532070746
1716.5137744447647
1721.5834039229053
1728.9468864953787
1741.370670755638
1756.9163718863513
1811.0095235850556
1835.320904280477
1890.7674459895181
1895.702366340938
1958.4875780995096
2002.2787109799347
2039.169139030107
2056.230962760537
2063.32838996133
2087.5298033117856
2132.676380823948
2144.5262898694755
2157.298642023635
2249.259049533409
2259.5003170532505
2279.162495320609
2321.345448736868
2327.2244439802735
2359.496075113344
2365.6800531777826
2392.0662384848674
2439.84976082328
2462.641797198482
2491.4069437227695
2501.697867809615
2513.110476316065
2537.8690499854906
2538.3818098536094
2580.8205935494375
2653.0730476759545
2665.777659212447
2694.3808331451323
2700.389464844137
2712.9539465686075
2760.384265243175
2780.394004969476
2825.9311855639166
2828.5588416250353
2892.8297026625305
2964.9644378573817
2970.4276912429677
2979.9337303339153
3000.4300913742522
3001.4245127538343
3049.50991905499
3055.716731080838
3064.015475457114
3075.006282904188
3076.6983808386335
3083.1893743425994
3130.734549011165
3135.3571977471315
3145.746458540058
3169.2833770305733
3240.5416894820723
3309.9352574114896
3362.7262286248456
3378.4014958023026
3401.5341349361374
3428.5575870026073
3443.0005638898597
3575.200178398175
3616.6863320406515
3664.39015239002
3677.062360610266
3677.785686490284
3694.550873713595
3704.8074713547135
3706.211175299503
3714.0736682588863
3731.852979201861
3780.564410515604
3801.574870455114
3811.285628789445
3815.986419606615
3826.450110488967
3843.363868225413
3933.67313289943
3936.0309207262367
3936.4188945108003
3942.077368829443
3949.9577638625183
3950.7752621495547
3952.512363657579
3954.1639913509507
3955.0214434259906
3955.3486184587664
3955.5800043448903
3958.0384692177995
3958.418040396853
3963.8121553050196
3968.917783662573
3973.117845666843
3978.4844145278944
3987.148086936165
3988.290473762436
3992.580000917061
3995.929551765377
3997.4135931377614
4002.7633609852583
4007.2842072911826
4010.529820939886
4013.1328050118054
4014.9448454116455
4019.017760599503
4019.842084623772
4020.1885823179036
4024.5043757710528
4027.4383620407675
4030.5830543217303
4033.8371783107855
4040.1999886248673
4041.9698545352644
4049.7623445945487
4050.358442563185
4051.5010841553676
4053.1878316497646
4056.807919784857
4060.014656499567
4064.2896489828145
4072.6602548304513
4076.3031017748485
4088.0197899832947
4093.452981803406
4096.2405382426805
4097.086236902299
4101.536553148184
4102.508256406358
4102.854874653015
4108.748021669224
4113.268319084849
4118.326714681837
4120.408143520683
4129.325821050073
4133.6567468441835
4133.8417027845635
4136.754074876194
4138.0734184453795
4142.150370073223
4153.511330363112
4155.974870388266
4156.36211388209
4157.567841066351
4163.005576215563
4167.790846585919
4188.896251584432
4190.188074562378
4194.250997659314
4194.333472670742
4196.971072111432
4201.3474304832835
4210.052785984425
4211.753945938061
4212.599435670929
4224.988760064489
4239.5302658136725
4244.153438333958
4244.636455069207
4244.689984469606
4248.567716185252
4252.729255971654
4254.786349955822
4259.241565274221
4264.872321880012
4267.229775005051
4269.86090629967
4270.660643813099
4271.184222142183
4278.858249960574
4281.137823271322
4283.864630083117
4284.785017673541
4299.479849207418
4310.826774574626
4316.16949627397
4342.178157773805
4342.522976288811
4348.388281162624
4350.864693620304
4354.960062256453
4355.699355691085
4355.844764005359
4356.6123903656235
4361.9389452644
4364.000054830587
4369.011585598832
4402.517494985464
4414.142846710641
4417.321782366066
4420.029192772308
4425.790634341238
4435.71482748265
4453.801639960744
4454.556273925776
4466.7355347466955
4467.092626939411
4477.558229789377
4482.556132875979
4483.501798728828
4488.404613861184
4490.2251819146
4492.432995979117
4493.265154719503
4501.954734367824
4513.760396124571
4533.9756816284535
4539.489097407384
4545.893851695014
4546.435876318178
4554.09997434267
4559.474498503174
4560.674896545974
4584.721113951554
4592.918826622922
4617.209074696197
4626.340018571021
4631.025642142753
4641.82182313482
4643.883851540006
4645.642842889689
4651.953455782959
4653.163757859844
4654.504902861024
4711.952994208732
4731.969612296052
4732.476462667196
4993.3516890458895
5586.5958095430115
6523.513091247647
6582.0420120012195
7103.826062723778
7154.537459533097
7201.572642022358
7203.621478731991
7422.064149841064
7493.547790679036
7585.7070912410845
7731.083995063559
7871.42430302539
8477.854114273616
9173.958167435525
9636.704785522918
9646.110271855518
9657.849887903461
9666.923322572084
9793.762912400032
9807.156901700848
10295.07881572464
10883.26080757273
11058.932449220656
11079.375720821257
11092.81950235356
11222.8048130283
11444.078376826792
11533.10522872333
11687.390677201362
11692.710874344166
12328.856621207293
12332.089287830848
12478.522908338187
12991.919103344559
13347.06774763381
13414.754200769095
13886.844088966174
13977.774477460287
14458.358157801365
14462.481806394153
14462.524510810055
14585.598264411577
14981.08801897437
15091.14719264377
15882.39211532129
16006.2137469111
16032.428449367831
16062.016608274027
16174.739164346247
16260.732400854935
16618.37310198521
16789.326495571306
16862.025921485885
17233.482320689785
17250.14873397473
17395.55853380385
17436.198134429185
17636.838691725
18073.613546617056
18332.004695244355
18541.672205028804
18709.909095279556
18836.602641159552
18944.490544357952
19038.067515324234
20010.1275286328
20086.610656686862
20178.837666373238
20354.419951760403
20582.105326632576
20733.998408844654
20962.486601459063
21023.03738169276
21150.875499822763
21264.426841623575
21412.70939973229
21480.12563530355
22413.36918800275
22429.26619363097
23131.24964116986
23707.323698536406
23896.697271886227
24167.828527684942
24393.006580304296
24510.812575241165
24600.935157456377
25042.381126071617
25159.723387747516
25397.457781059926
25450.39542191488
26659.252584091908
26832.82304415724
27003.53026969866
27167.64735847683
27616.963082126782
29479.523215119327
29552.300685060523
29588.623967134572
29608.653912210793
30294.874228796598
30714.23024766724
31186.498392380545
32184.25036072499
32416.03283157096
32424.142638767215
32815.447651258735
33132.33659610423
33144.05963300349
33152.977517270745
33198.121579319304
33198.325841101985
33201.62228662226
33211.636526862014
33214.582030502694
33218.78680738979
33228.01067231168
33239.53099168712
33250.70974498171
33260.85117336198
33261.73756056505
33261.93405257543
33269.717111160004
33302.529997187725
33309.21675337589
33312.95396020768
33344.86483035373
33352.181258653385
33383.989777363335
33403.59992659855
33404.38215985033
33408.740088297185
33424.434406758664
33431.84445238644
33435.74996479199
33436.5443703904
33438.387315024236
33442.55202877895
33445.244845343754
33445.98709274471
33450.17408908124
33467.16186083801
33473.864132005925
33475.463632975676
33485.11566191609
33498.502857190375
33508.02071673263
33511.765636295386
33512.96864167822
33524.67794462737
33525.06905802305
33528.74990930046
33555.783677969855
33569.377428926724
33605.49944640939
33622.34349785526
33644.806861866135
33653.107090202226
33658.254175070535
33674.414984116804
33697.2225166865
33720.84544306262
33734.2617412893
33739.15742584432
33742.29043198531
33748.06663648137
33758.45231555129
33760.6955142686
33764.06094236593
33764.69735121968
33797.54643074685
33798.96746905838
33811.37716369772
33823.572579124455
33832.30374973613
33863.99426356748
33864.764652759644
33883.44435134824
33917.371250660246
33921.15014377254
33926.75064247817
33946.54238517652
33962.64485006614
33971.06422647122
33985.88756945856
33995.45796859264
34000.88367006187
34023.29572760089
34024.581298194105
34041.97555019517
34042.28337872702
34065.52089910418
34087.79542407141
34124.70678045761
34128.96027356032
34139.99814910387
34195.81064347595
34214.154447371744
34222.667563651485
34222.97246589882
34225.29006193216
34230.75641321306
34265.90173608332
34280.06278503979
34299.49500527244
34348.45885690281
34355.368389937816
34362.90341256754
34364.73204382092
34377.59130317132
34378.50042837981
34407.313137903555
34426.00159909416
34427.98082530029
34447.581926779625
34448.20559689043
34450.514065220705
34454.17861712578
34457.47188179369
34466.801408649524
34512.52467506604
34541.21456835912
34550.12473425345
34557.602943022495
34577.17115381905
34581.84006482976
34590.29219738311
34640.44512664228
34650.008620068
34657.70262801377
34673.8181739591
34692.43193869612
34692.66739324042
34693.88669681029
34695.61679792337
34697.966053538345
34734.279159039936
34741.59533276299
34765.98106112154
34783.67297945172
34786.17767092967
34818.923965570975
34821.49008473525
34831.22030701734
34834.2574816312
34842.784022476
34846.39340691285
34860.30157114021
34876.43894718422
34942.43674002002
34958.795195434366
34989.5147734741
34990.96716957041
35000.00786496207
35017.29918544057
35021.53790670262
35024.63704157301
35070.42096719264
35104.37032406637
35104.839504052645
35115.57935819161
35122.8041720322
35130.58947520022
35137.736372761596
35147.69829980447
35162.871722916316
35178.528865431144
35225.02385142934
35247.74496710495
35263.42361477625
35270.289155563085
35425.45173353688
35639.490651416716
35670.96054498173
35932.742961946926
36252.1454243252
36367.66337414303
36563.91753740433
36702.45292482029
36989.72641089986
37097.18184563626
37159.02432922993
37166.274070099935
37211.12616928337
37250.13579424901
37360.760821626296
37421.39971733815
37637.03343585048
37639.00589412962
37684.53371760131
37727.072969795285
37731.40556256622
37828.87532592591
37889.79919987359
37890.24622804893
38174.7479705309
38203.28011624257
38261.136376225055
38291.95267256057
38361.256626042945
38595.01351628536
38716.20062498803
38782.938289392725
38874.71013977109
38876.645854455215
38893.80007206472
38943.31404237318
39237.05089310172
39351.53290649186
39528.133842763775
39927.40437717292
39963.464851879566
39999.282467806814
40076.51415540465
40126.172119457755
40641.18599225165
40836.67838412877
40895.68317424501
40945.90926265159
40969.30320687973
41121.47462086405
41156.27483275675
41159.89872895431
41230.498102709855
41268.05377824192
41366.32449326104
41375.23181911894
41395.63028988344
41401.616188788976
41497.95185064567
41643.13086014433
41797.24487866523
41914.38020384578
41946.837824644186
42074.26296141637
42158.924599931495
42298.37000344648
42319.87612321691
42357.56647017378
42431.774970290884
42562.28432622551
42634.48155821279
42647.740613076836
42744.56512680339
43004.285623674776
43092.6448340342
43122.87898053432
43166.88112283881
43279.9262693115
43318.18428015274
43469.71302953252
43519.42228827012
43581.12404206036
43924.516045038916
43952.908283378485
44026.78685353776
44232.353092273355
44276.22981706585
44641.903550064366
44783.695907224734
44804.2680726652
45201.3053694651
45516.98778745875
45728.58150655289
45790.05815010624
45978.60117934493
46059.72645473092
46066.92627438641
46077.18817307477
46099.07742735336
46188.30254329378
46231.85813153788
46366.51040962788
46526.36088758222
46530.04937701296
46692.018411714176
46752.20846166636
46781.27990052105
46861.34062749019
46922.76741140154
47025.14388958574
47188.764572613254
47548.41392216518
47566.873615069606
47631.87564699005
47986.681499408056
48054.67387253121
48128.19213873141
48167.21322167156
48201.98735777254
48315.55933287699
48501.72727782268
48594.16809058314
48692.01192914169
48972.420914495444
49012.87820602549
49037.70393404638
49177.547995456065
49716.00970110115
49788.01596998823
49872.66384347638
50021.95934285165
50165.700570722605
50308.78565057168
50372.97034635989
50924.130846114924
51263.72021635519
51280.29436252718
51329.32627078338
51414.19983067498
51436.224556387846
51736.66044481359
51904.24494177168
52327.78603525003
52430.42529744419
52594.25188314919
53156.32746754045
53221.586859161696
53455.73239199086
53470.69068679502
53500.07848300547
53752.35676333506
53984.55555932851
54169.573733808895
54217.756858682675
54821.61989730345
54829.27667422597
54881.80544190698
54908.42418513234
55262.999724525514
55421.32347783361
56036.892552733145
56160.74437171701
56233.44240540383
56381.114860651345
56558.59061058442
56566.617092899294
56575.35049795305
56601.873076021846
57332.88267792243
57437.06886998773
57639.45535839952
57907.8809576691
58498.514941033674
58679.40159700651
58680.07776911402
59038.00504649599
59147.57313947842
59367.90229236196
59932.1471854447
59945.64307620819
60029.52715291604
60389.16961990092
60589.2201585662
60691.109290156994
60776.2748111608
61031.29365991373
61034.203751331814
61255.83644616299
61714.707319289184
61852.72298493023
62415.10479590627
62440.87942182
62507.01258855286
62707.07253958468
62793.34922471264
62853.78480158121
62874.14237538093
63551.62169671882
63909.67261259336
64326.34533007031
64345.77726219455
64365.294120775616
64465.708139883216
64694.64719444514
64922.21562999565
65062.61382584048
65209.578372795295
65273.78588632975
65299.36629078592
65359.19549919263
65375.5104457992
65793.33598516714
65814.51880164661
65903.34526226681
66058.10560840342
66109.73448035531
66292.33611449931
66707.83261609844
66906.89807298318
67030.2366362788
67183.76264151551
67285.08903849617
67552.36380727052
67654.64074976499
67738.49455041897
67856.48316966863
67902.3273730733
68170.99050342328
68666.7009228495
68701.13081269985
69106.62389113799
69568.32473770108
69568.71778225809
69569.74226249104
69585.1623864207
69585.17008553531
69586.81991499088
69594.3818019805
69596.32465033066
69596.99237337805
69597.76261324104
69606.13231328434
69615.4301443281
69620.73352120667
69626.75201309574
69630.3868798497
69639.72718193156
69642.98254488583
69650.68815253889
69652.44284350933
69684.2116610092
69698.52953990486
69712.34495728131
69713.6508227452
69714.5371550379
69730.51215244796
69739.7499015937
69752.41621426564
69756.61330262989
69765.54900827346
69781.78362038865
69784.69636035332
69785.32679057875
69787.53540497454
69791.7852937594
69795.85802139505
69796.04269045676
69801.24848441656
69805.92052744138
71560.94976646616
72872.97997068956
75158.77941377719
75350.07812810762
83262.84704198988
85273.50591573222
86050.33332614528
86358.40344379898
86430.41839454547
86457.55594491973
86527.16985296913
86578.9039648362
86587.02479967299
86602.83129166544
86622.74577122189
86666.22968258166
86679.93518455052
86703.30824504791
86706.20789010669
86753.27148349842
86792.45907500124
86805.18602541956
86939.55109361214
86961.09636081284
87005.35100854962
87011.71168895601
87022.78718034866
87029.83136922376
87099.52228644985
87245.63402042894
87320.9561802462
87325.50650734134
87340.62290506667
87345.40122629046
87386.75857161015
87388.00985806932
87404.43594023483
87413.46373281576
87416.87715808765
87447.20721667595
87449.24637917567
87467.7882109737
87474.92122781837
87489.98876129079
87502.51522690304
87524.19270235438
87543.62111520924
87565.66562253473
87626.39244235818
87632.2039718189
87663.33991900503
87670.81434394313
87682.66665302418
87744.42283169388
87748.4906552127
87754.57072933234
87761.75763055154
87764.49223455657
87765.12086958729
87768.06251633653
87785.92268776949
87808.33834851831
87824.29294990304
87847.8932193485
87856.35664175302
87868.37638693753
87908.74356810476
87982.02325029619
87987.77515308732
88045.16245362349
88058.29616932977
88138.6923768574
88216.48232421122
88266.02318043706
88383.63252088644
88414.15720698678
88429.1098633421
88445.55848960248
88460.96384770545
88562.96264839484
88598.05349965379
88607.04647323495
88611.53472228328
88653.78120677493
88688.13268159369
88710.74500905427
88712.53816198281
88779.19760092668
88800.86548824522
88836.83372465617
88838.97761185434
88870.13716375723
88885.17503001224
88914.71056151242
88968.5359956589
88969.06815909295
88971.79997016858
88980.59635046664
89047.42280523397
89051.8359674085
89069.48560362202
89167.45338880424
89252.1650146862
89264.7530754986
89298.98647101405
89324.75529660258
89429.73571034108
89502.46691089937
89538.81297174082
89554.31492138926
89555.91342514954
89558.61165690978
89568.5957303737
89570.28337695864
89582.2932404747
89583.12120392227
89592.27445490532
89597.93484252374
89658.18981428522
89660.66214815878
89699.01311715363
89751.72609748867
89792.12748396081
89821.72649514147
89890.59818546812
89891.76875632635
89924.94279843579
89936.77518012204
89957.49401844357
89969.83220877785
90010.03012414082
90089.8529237211
90127.79544940821
90255.09207599644
90265.89047183684
90271.36111415183
90294.62755026559
90316.8268765237
90333.92675041314
90334.89020681719
90338.78212367799
90344.30074079003
90345.64358945058
90350.61247521992
90354.40526755605
90357.37941239003
90364.07890358864
90367.65076586092
90368.18917007244
90378.38039777598
90382.15830432514
90392.52855773615
90404.66487868063
90405.92505486292
90407.57437986774
90414.5955618859
90419.22032540786
90422.34317962278
90422.57820388353
90425.92287464719
90431.63989204759
90433.04395290575
90433.48507942169
90441.4762280846
90450.30875695184
90455.09758850936
90457.28358153797
90458.25774783142
90458.8877051234
90461.33074735767
90461.64793314518
90463.31735574613
90470.70372761146
90475.72960538846
90476.08262350729
90476.16837676273
90477.80372911795
90481.32152334103
90482.21395738357
90492.74744080337
90502.93911002185
90503.71332725137
90508.90182915282
90516.77931958757
90522.2273495394
90522.96009029014
90528.41066915881
90529.35108386868
90547.4045460106
90553.45089876537
90556.19726490614
90563.71360179532
90567.84791869341
90570.96946924044
90570.99380900414
90576.02785512578
90577.94492914763
90579.11824716392
90594.98153117638
90597.02596827506
90597.36271378554
90597.45520736529
90597.68348581497
90607.4017734839
90624.06660714408
90624.20735181519
90624.81941589505
90626.30582916598
90636.69527676246
90647.56350460637
90653.22309684406
90656.13023109428
90661.9710078476
90665.60119206105
90674.64321428697
90675.47504868622
90679.78509806505
90694.10862219284
90695.06280964868
90706.48091751257
90711.26182861954
90723.12088695295
90723.12156166598
90738.61581185053
90746.81542750838
90749.2899811716
90755.47840931997
90759.71303045333
90762.30195005963
90762.50937549587
90766.07739664827
90769.0527454152
90773.34099955785
90775.29566840272
90775.42818270648
90783.40953636388
90784.30270438174
90801.88955664916
90808.18103852647
90810.04730164983
90810.33416366471
90815.15236607203
90826.60559395487
90828.21538433038
90839.12532684578
90840.23161943996
90843.69124267645
90850.90617267837
90851.7955425697
90865.17450839643
90868.95663989047
90878.27810402979
90891.51268024581
90919.80782777508
90936.55853693555
90937.73075237495
90939.02381919061
90940.8838275905
90946.36185556331
90947.0892608142
90948.99253111903
90949.09628321005
90951.90145910115
90952.58781627362
90954.91375026283
90966.09649638538
90973.9811838922
90974.28115324944
90975.57774116566
90983.08998572358
90984.58644463205
90987.26385814612
90991.17099754559
90993.24265386784
90993.8270324155
90994.68719305779
91000.97714183603
91022.8483286316
91023.42251093927
91035.01624752894
91036.88461850221
91048.44661375905
91053.41755107018
91054.08422012451
91060.1902857021
91447.13435382508
91449.28033307055
92193.88313849058
92664.91372468608
92842.19060451901
93037.61771106122
93440.18392275879
93547.24802107822
93708.86673549868
93792.49550317077
93839.80916727493
94710.90784430379
94740.87761447154
94833.38389580227
94861.80427882823
95352.30587679945
95482.3326023258
95516.04510367895
96375.3377561099
96486.50173450387
96754.10275255116
97273.23304868158
97506.72567925052
98211.7076016109
98211.83152411018
98558.15130506258
98583.52683285918
98661.74316597509
98662.83936064728
99187.02303572364
99484.03931999077
99510.52967381597
99535.07440588358
100099.42851473475
101665.2806982508
101993.3276820784
102448.82678797808
102616.55914257058
102668.36287937232
102840.53698845753
102853.5388860538
102882.28045712717
103260.28816346281
103271.31907312913
103523.54943055556
103538.48002639588
103840.35488903263
103840.36706225818
103919.60808106734
104056.1189516626
105093.8305163879
105096.92515334509
105315.25594649995
105584.05082070464
105638.60199445172
105762.89047161167
105902.75778564342
106065.2557210458
106092.06947819403
106117.22633860837
106295.34008261347
107145.52513641672
107633.50788292612
107748.52228377128
108545.85066488475
108761.4921181082
108806.06278123539
109237.1972690515
109261.72786579873
109471.74253855123
109759.79737600544
109783.1994347303
109851.36313763421
110129.00734182299
110138.81809753725
111137.99406691863
111294.58784107954
112451.614863475
113740.69692485787
114059.64778898834
114673.61089324081
115229.28821756964
116669.05501146603
116688.03784692704
117092.14020457708
117212.4436654475
117401.8530247098
117686.50637519943
117894.38223931128
118006.3843160077
118018.15730577233
118905.20278149321
119090.64120534885
119253.06208194964
119472.99206053442
119476.78761777864
119534.72374086859
119535.4585005739
119539.21652845852
119539.87471868252
119546.44225209596
119561.13349092781
119561.38841372052
119587.76126263691
119597.4029040181
119598.70400163525
119614.11727354677
119622.13307788732
119650.32749186156
119657.06075682252
119672.13584768648
119701.92216511042
119705.47086006092
119715.29130979351
119735.18036824581
119748.76396933096
119775.50286354689
119780.71016582684
119815.77138422051
119821.0571829324
119849.19191033038
119850.85440370909
119870.44820735147
119893.72571589693
119895.20128538556
119929.96125382767
119955.3246606157
119959.3640627226
119959.86326355857
119977.17542715919
119984.72364298944
119986.09852324781
120011.15871355831
120071.11102581306
120075.28920684391
120099.62798087113
120104.252044211
120110.79003104498
120128.6268894014
120148.47509506345
120155.55610374428
120157.1174902542
120172.33100262163
120187.79681145104
120189.0654414795
120213.09901985485
120217.84286497482
120237.15078207797
120237.96734708018
120239.5550018129
120244.09366133159
120255.64110995445
120256.03382863464
120257.24754719087
120280.16538750962
120280.83347342107
120297.50311192805
120318.6908121933
120360.11839595124
120393.42710122777
120405.83890384377
120412.87529884682
120427.08939960416
120427.51002263141
120427.54257716061
120438.12543800878
120443.77033356397
120463.30539619026
120466.52239137341
120509.01767324598
120525.1292050177
120543.98048872527
120550.11659769606
120570.19482870403
120572.7667088028
120579.737883844
120584.47146411016
120595.22880618065
120603.48772281245
120605.46292085105
120622.89399217482
120631.71834369414
120647.23810324122
120655.56783892759
120658.32006970646
120660.20142066685
120664.67404367903
120665.93856004396
120673.42690154065
120675.29920517202
120695.91435810097
120703.62204034266
120712.37385629327
120717.98873937818
120718.47694259617
120719.92664087465
120761.90920941657
120769.0185765306
120779.18970844898
120795.27989182912
120797.60167169977
120798.52012413155
120811.36668684996
120831.99546534693
120845.79726783367
120921.27371605196
120930.40961430983
120931.51016161492
120937.73770755428
120939.43294398661
120945.48803826256
120949.05158448679
120951.42258579508
120956.52401245073
120957.97256451746
120964.49830650569
120984.27519710388
120985.42550787222
120989.73861060181
121024.8851042761
121029.20189104995
121059.53112042774
121095.53152737122
121118.56656980189
121138.0502498901
121181.54324855324
121186.29948307553
121203.43846388688
121218.55323588834
121252.81352246812
121257.25043429929
121262.93479386962
121285.85714758636
121287.61373208891
121288.03468938588
121298.80625355025
121307.66492588939
121328.93572656586
121330.15121475479
121332.27531991631
121336.22889272711
121352.70223844773
121354.82964904208
121361.99141324786
121370.82223400337
121393.4065963024
121414.66782287639
121488.19524882601
121506.38697636484
121512.96937297034
121514.40543642687
121541.14896541242
121547.23779755709
121548.86849896131
121641.03531173464
121644.51676595074
121679.68147066771
121681.61260734085
121695.77532248959
121777.19407954862
121831.29376862892
122075.08361734035
122082.30054797416
122194.47126269614
122241.70777596123
122411.02030855526
122478.50941831377
122492.15382596504
122583.90108185381
122587.26221512156
122704.49401580472
122811.78485561747
122830.98619346984
122836.85867571199
122887.7250873599
122983.55172159923
123131.986824978
123564.65360765709
123919.1728365604
124095.2689719371
124351.90249553442
124523.74135266214
124776.32669451364
124833.96617288092
124862.01936872565
124887.04824255299
124914.99536442402
125033.55739140045
125192.04532486477
125261.31501440899
125459.44342030631
125487.87505728385
125524.1180534896
125653.49414573191
125981.95652022718
126025.85031609041
126028.98549770241
126112.77968839055
126211.6821791755
126251.14041554133
126284.04173508211
126431.42718977277
126463.39507285805
126569.59183242996
126851.19757466108
126900.69728748356
126978.79795799236
127012.0318215088
127039.64186455766
127127.1702193804
127140.67628156093
127267.1707256848
127378.60888947263
127402.91398041468
127638.87340619892
127668.3908447114
127686.35868220564
127747.48899739553
127854.47488402645
127920.52996979293
127977.76455193544
127982.37352242073
128105.68060532038
128202.35608350637
128250.9407666602
128290.52129894728
128469.98482211142
128569.33222189668
128644.50970907172
128704.78300364551
128713.76649535121
128770.9426718343
128800.71556007922
128835.05099727212
128923.08888043887
128945.42904844765
129200.09584350702
129206.54561133447
129233.81358447272
129242.30402751452
129311.03657985173
129328.06070117943
129442.63952836173
129733.75537200883
129809.22885396832
129848.81594422892
129937.46096324082
129984.068031401
129989.2249876004
130135.45376621728
130140.06838756514
130145.22281710825
130237.93397144155
130322.80358952895
130338.73651262082
130367.04176249194
130454.25037963878
130511.36114625543
130659.0861161002
130682.72953147397
130750.93632207613
130801.08982176024
130869.40745552165
131204.72835568286
131866.1584627548
131913.07147767328
132006.8523728199
132034.68211264603
132356.9895497503
132393.39204851518
132407.73476422398
132472.57490267354
132704.73289292684
132910.99781848147
133250.87346164504
133656.8664886613
133668.8763020753
134105.49896117958
134437.12301493742
134579.12363085442
134658.15345033264
134683.22694762607
134812.8607913843
135102.7401972884
135357.6033921108
135607.16524209114
135697.28380035816
135726.8796272398
135887.95189672828
136105.3155744392
136364.30233155628
136628.8684116126
136897.05600712926
136913.28313308995
136942.80927769994
137662.59027335286
137714.76308083464
137793.7417246159
138102.360925522
138108.13794458593
138469.54063627505
138590.45695172707
139131.36308833346
139151.1690061644
139646.25391753923
139715.21234522722
139757.94523285245
139834.0441110684
139848.65021915955
139885.45469370167
140297.58018152585
140468.2964977355
140481.7461573095
140685.93896569603
140748.7716739141
140880.76181396144
140896.1710814123
140945.31853218804
141113.52648265526
141569.70586038317
141699.319862062
141750.0215193674
141914.87969043045
142225.68244681883
142377.90240219623
142666.59802669095
142682.26990486766
142747.89271721704
142827.67404870896
143075.21349251157
143120.7567535319
143125.68972543
143190.63183861924
143198.24746260254
143306.36803560267
143440.5456071247
143671.07243884867
143672.04863214178
143913.79834162118
144060.79290875938
144119.17746309345
144537.7859346292
144936.66785790128
145175.5816212364
145245.3338278543
145257.8843484182
145370.1347838998
145500.0706761945
146270.37079200897
146312.9943199209
146324.2369819519
146694.61804919344
146822.2032065801
147986.02424097687
148015.05448194678
148088.89979806216
148166.16061806696
148239.5080263398
148437.93760993078
148460.221276589
148536.52169774054
148614.60214798056
148778.4441925524
148916.50576243908
149468.8773152347
149838.34141566383
149902.9696142424
150029.4276832696
150490.6702255312
150603.3623315126
150615.34982184743
150903.87586487053
151019.57262698156
151054.4076558396
151071.34276876407
151216.87906788272
151337.34209453486
151397.43232486327
151493.04021331607
151499.09964849707
151774.8699830821
151963.79061878144
152251.3355747359
152269.2772296486
152356.3308557035
152364.93735104968
152470.3480674664
152503.72606947867
152583.0258308312
152650.66885142506
152709.34776343725
152756.61480171542
153325.9074982529
153539.11800779394
153751.66337040294
154091.22512074775
154519.0005633861
154799.1440785437
154970.3637473944
155170.59612696688
155608.43948351857
155682.51951455983
155847.54640929558
155927.2835154031
155963.78027787496
155985.97655208947
155986.06229193817
155986.58632379086
156000.21080538165
156011.09869517345
156015.1335329687
156016.46495483408
156026.2696825891
156039.1860133108
156042.3805742153
156044.71437463237
156049.12822879816
156052.6014040762
156056.99920575944
156084.21004441753
156110.96745335328
156123.3678423971
156128.44776563533
156132.2383213549
156133.31994906653
156158.26064251323
156164.67068200491
156165.57598581153
156177.28480544954
156177.551075273
156178.62471795027
156181.14369235304
156190.77936029545
156192.39515970898
156201.93369098095
156206.22822046888
156620.39174801504
165334.64938071242
169448.8902268553
171095.38412810452
171146.33129290282
171741.16717681533
172740.52634237235
172758.44481942774
172758.72255189883
172779.42543683643
172785.9615514311
172804.32882943464
172822.55302589992
172823.65258165152
172836.26854242067
172867.59087563257
172943.83651714475
172965.83845033168
172989.44591267666
172995.16731569028
173013.90272985867
173014.19589081747
173047.7488551912
173050.06602358786
173064.28754977573
173070.5762533114
173073.46959603755
173091.66619112005
173097.35451324508
173099.72829132935
173149.14296996428
173153.96035124906
173174.45886199226
173177.8580972057
173179.79149161163
173198.20778887323
173209.1244636862
173243.94342270397
173253.72638577686
173283.60544132837
173295.7150202682
173315.87751866409
173322.74387541576
173373.5157193069
173388.22912536762
173411.33281705732
173461.6392855304
173470.6973417881
173502.39595763452
173560.84024512323
173634.71642617503
173645.92178093232
173651.41979985172
173732.05724635246
173753.2519243535
173774.14680057726
173787.6292403733
173801.14911574064
173878.03300617423
173890.9542107929
173921.03480939203
173924.531814294
173945.63088293144
173947.20845854047
173951.7306890027
173953.00405767537
173953.28794880855
174009.4538494148
174051.89208020075
174094.1895056008
174247.04832234097
174260.38297979653
174267.95521094522
174317.09979712593
174339.21399118408
174401.49049617315
174407.07695640207
174447.15803272428
174560.11641625816
174590.52724659804
174628.4932189222
174645.15365097087
174677.42522729066
174683.83304473097
174700.88981007176
174720.79023790715
174735.62485376975
174762.51996103866
174775.21098326214
174802.16271585517
174836.85389229667
174856.01233543563
174879.02946015957
174904.65950300806
174945.2910065336
174954.8487421122
174971.9311478588
174978.30390229888
175088.50847129608
175110.10524589653
175123.92445146618
175315.32579663448
175321.7010916714
175324.2515858103
175361.4047385496
175379.46820602583
175400.6021458267
175414.45318842915
175479.77381834225
175480.72971630597
175501.0534955312
175504.4917701444
175522.66753699814
175539.38778761358
175549.2785250304
175552.0476600927
175611.3682072672
175661.33845571085
175680.29258870162
175708.16265763695
175717.21987079052
175735.48825257117
175764.03450500834
175928.7274898836
175931.2087025021
175939.53386654213
175960.08616974152
175991.24627313274
176045.43612566145
176054.70109202943
176070.06485230106
176074.35482378994
176114.96607916895
176129.30912152494
176137.60879114072
176138.5275522664
176272.10818467982
176291.72087567
176404.45714951094
176467.37756873792
176523.74848831855
176580.93189677282
176621.38034041162
176627.67828116595
176647.01027732046
176653.8600987087
176668.959568756
176674.69856543557
176698.16295540967
176721.0540123591
176721.58182013864
176723.24579494508
176724.84775935957
176733.42931469248
176740.1478464068
176748.33834280295
176750.03838314902
176762.15370578604
176762.27538000338
176762.51673467635
176763.13641024265
176772.93874020086
176775.28146761624
176787.53280133402
176790.1979903557
176790.39814204193
176791.91100321332
176798.89449486657
176803.78447209936
176812.92243421252
176815.5446057166
176816.4134144781
176820.06015461494
176825.49707255946
176829.143289769
176829.5676681806
176838.7196331505
176847.3088616734
176859.56014959927
176880.83070235458
176891.422872241
176892.2290270323
176894.43408201766
176896.57191195502
176898.97917555334
176901.26667125965
176903.26365399233
176905.40079293077
176906.405712216
176910.75768844117
176913.26331996353
176916.65269502206
176917.10236347266
176917.43579416923
176919.83425259643
176923.19680669543
176925.44049542007
176929.58129717904
176933.73594946534
176966.9149105553
176969.9300429531
176977.13493927114
176980.08714505227
176980.3325366584
176982.2147827324
176985.2131958593
176989.20543154818
176991.05506943332
176991.36994882207
176993.16301534293
176994.0425872123
176994.91512451624
176996.68947947872
177006.50417889093
177006.5287811171
177006.9514185508
177012.59379105244
177015.84270531195
177016.3081279118
177022.6444983585
177022.6759436605
177023.5401334298
177028.30060160236
177033.90500764363
177051.62161715113
177070.88821951556
177071.6708937554
177073.3264062194
177076.26682281142
177081.84932496518
177083.8295672647
177086.1377766313
177096.12714708623
177098.60876814506
177104.72307957272
177115.20949203457
177116.94697650406
177125.776126417
177128.4443921065
177130.0961194591
177132.2564437377
177134.74498148207
177143.31478025744
177158.09071871903
177167.07549648132
177169.77934291572
177178.79206336447
177181.60677020447
177185.14632364834
177187.32548508229
177192.0999227135
177194.37451807872
177196.41828967424
177201.99580951713
177202.7329094083
177207.1611367762
177219.5498944897
177225.3738870073
177255.3249741266
177262.66217821467
177265.42558080688
177292.47171059466
177294.26081143008
177294.86566108547
177298.2225863972
177300.2230243013
177301.18645512688
177323.76352437303
177325.1718719342
177344.91817741253
177354.09223246315
177357.6834032244
177357.79587591114
177358.0615129305
177361.83410598896
177362.71761121243
177365.67693449088
177371.9618213042
177384.83159353407
177389.1412041445
177389.3979797613
177401.48469005467
177401.64635263596
177406.09754477692
177421.9071378489
177422.6419400887
177422.82104180416
177442.3585238741
177446.95594371026
177450.14380209337
177455.55516157646
177461.92454012283
177551.96771748364
177770.03437909152
178088.5098022823
178197.47671026993
178551.98729990423
178599.79107626263
178965.72171481888
179000.0986072293
179097.5020999912
179233.60284769055
179294.29312215088
179345.67398425032
179391.90342609535
179571.89607073748
179763.2628344284
180199.29987269623
180317.58766683273
180638.104071349
180816.57068759782
180881.33148086857
180907.5050108217
181480.01515149948
181606.2327715134
182225.52497925656
182560.70213163015
182646.7946179172
182756.4035749535
182923.14088911773
183178.9149234496
184047.47131080035
184197.70637739683
184207.23859729763
184474.99903062018
184577.80217361337
185167.83920696244
185241.32050322165
185665.4616479088
185909.98635158865
185977.85689631867
186184.89627766906
186431.69875914478
186447.26244654914
186889.60608892195
187080.3722818316
187170.25925629685
187296.7771970653
187522.30942409072
187985.88901967992
188011.4863133689
188331.8249733308
188992.74320570342
189159.93297046106
189319.8392209972
189707.182407943
189985.09470034778
190218.77616275713
190536.28106796008
190624.6053367248
190937.35793279958
191266.50743068423
191867.33535805627
192766.49475622742
193187.62248044455
193190.89901730814
193387.56430614003
193428.49489456316
193537.1923504407
194135.92582873403
194368.7744866692
194475.37656567118
194973.24125749967
195009.992791292
195292.79648576982
195294.36758620458
195445.07377190184
196180.74234681678
196181.32662241414
196485.97674440066
196971.786495596
197495.07884896672
197547.69644931934
197718.8844300944
198754.05911274644
198977.98507487215
199417.07225560333
199456.5230332169
199811.90246471053
200957.56736584235
201120.28332856286
202151.02567435248
202353.3783506095
202666.60843078676
202924.62648889897
203336.4270108177
204335.5732436087
204424.3601456997
204599.05303375874
204674.87847837675
205092.73430870808
205534.13564641328
205842.07861685514
205933.09085013816
205940.40440847474
205964.85739543213
205966.43055048207
205979.6665664385
205979.9153363907
205980.5876179721
206004.55785923428
206008.30753846117
206010.8397651317
206032.08584914423
206036.6370664717
206040.6149725648
206049.79996822533
206055.23923197974
206056.4252992042
206093.0614335998
206111.15068764793
206122.7023798225
206143.82208617782
206152.47167362782
206169.41219427594
206196.09238721707
206227.61973463514
206239.76998920448
206256.12966550517
206275.14136281685
206285.16227964335
206304.7845458897
206307.34137613236
206313.9549321316
206323.16844433287
206325.03647351897
206328.4382169108
206338.84062965147
206339.6335786863
206351.7996552007
206389.2257620662
206394.42850617535
206395.7787775863
206405.15891011135
206423.02980708165
206430.23348424234
206444.10454597737
206452.7485162514
206453.77432678183
206459.6442690218
206463.59331380972
206475.27663274267
206504.9864140096
206512.14813228024
206519.19112505205
206581.73155271367
206584.0312077366
206585.1460310258
206590.33981636405
206656.59354616486
206667.3458383217
206679.28024185856
206715.86198492977
206720.0392642438
206731.79460061697
206756.99537479834
206762.7922294148
206762.93308608557
206781.34606007257
206786.80356186142
206840.05800901877
206845.08925736937
206851.27854911337
206868.23997473405
206882.8499015443
206891.23582331015
206918.57890928793
206928.7069294381
206932.5855807593
206936.38265216234
206940.82025820058
206941.24642870363
206953.79834619304
206988.94459537772
207003.9939298897
207008.75880392868
207014.15212432615
207025.96262972
207026.04544393293
207031.7321586741
207034.61788125755
207044.3843934206
207069.7619666675
207074.17539527832
207134.86306616524
207136.44780887198
207142.9211673595
207143.10056948382
207144.1701170829
207145.0050358245
207180.05394680006
207188.69133613328
207203.32181928479
207270.63359907872
207273.2080048863
207304.05292272678
207321.82372667623
207324.78697129514
207329.61972251098
207339.45264334232
207347.44026706883
207352.17585785265
207392.94129972873
207418.94169969767
207424.29728291064
207433.36847756876
207448.32234172162
207471.1193664394
207472.32846974945
207474.2142895108
207481.3435134691
207515.12970545015
207517.84931150335
207536.30070775733
207542.63226943478
207544.54721949497
207552.39101562658
207552.7175067167
207555.45833421277
207559.20692800984
207561.79457291085
207571.50880101544
207574.3832678922
207583.20749970415
207597.06629891202
207608.31885964525
207609.59808769697
207618.5979900229
207687.5373531156
207701.16926661387
207710.2430312569
207713.62280020412
207745.7559869758
207776.0576768233
207811.1888573866
207817.63957505304
207818.72480543965
207820.3797109702
207822.53842226576
207837.7576574872
207862.83506742847
207866.65898812996
207867.68279112253
207892.40756941834
207919.90836102978
207936.92043534835
207939.917154379
207941.47315309625
207942.94782766828
207948.20654171216
207969.025915931
207979.02062786245
207991.9101232534
208021.40177241294
208041.3439483699
208051.1878927536
208085.15209255333
208085.60168661355
208086.60286877808
208089.48915131
208145.9073967086
208291.38292424945
208387.81411524146
208442.72138209367
208461.53499326485
208507.42889314794
208541.3871544687
208709.56469303367
208763.11377525202
208833.18178948754
209061.33723302177
209317.3654693303
209408.16470945516
209490.07418720252
209601.49956491316
209612.94123378614
209627.2217103562
209634.00541507793
209641.67558369527
209650.41005607805
209803.85376446554
209834.7678266415
209954.35737309942
210000.6372505997
210004.54254456167
210205.13367669994
210257.49615717834
210284.8194469586
210343.56123402913
210397.09365094046
210691.01887010952
210776.81862066992
210877.64420991924
210979.6439329568
211269.6050636769
211334.23525384083
211406.0395763658
211415.90061730403
211500.8731485719
211626.22473007368
211761.66620356514
211792.83771962326
212080.55016915788
212124.83839151385
212345.8490906887
212361.40965434827
212377.23218406318
212383.89345727052
212399.91658231456
212498.5646112335
212528.4944615515
212596.97168900847
212611.05018563685
212829.68496919723
213186.54755380066
213262.93080360815
213457.28055713014
213645.4679239618
213835.92143527046
214014.29465673782
214039.89525815976
214047.26908508822
214141.94879151287
214206.56257860814
214211.22486266287
214242.19104943192
214272.65076536912
214284.12219867122
214340.29217484914
214361.47968188042
214384.7077264489
214433.14808456856
214434.39622806513
214459.50700472345
214605.72085950838
214673.50137286648
214751.6994105762
214953.4823569531
215022.96607343375
215261.83423411136
215338.41159191637
215377.48768265508
215450.52083361137
215507.402274788
215557.04647506814
215756.02703929457
216001.7977257868
216067.84198198916
216070.29467252005
216138.9885744783
216191.81717745206
216196.28838672995
216363.05780300024
216473.1517740477
216517.02218651067
216519.47806125955
216579.61249788603
216607.99163197636
216685.38187441518
216691.7486816545
216734.8465679183
217199.72073271434
217204.26041400197
217243.70577216594
218127.26424399987
218299.48144605666
218822.75262856102
218824.52564185392
218921.26842967467
219016.71454753936
219326.3001859234
219564.27455998975
219841.80682519087
220173.0699251446
220315.55717894767
220318.5627385773
220598.14524747222
221013.76195093017
221232.81462308386
221276.94238184494
221511.43154446763
221867.02705365533
221882.70805391547
221954.19728830564
222162.32335934803
222367.0855026209
222396.309796232
222400.8242758547
222729.2563615805
223280.30919396027
223381.59332159543
223732.34809377376
224080.7977369838
224145.52544029476
224219.14125140206
224290.40824787476
224330.55204756072
224457.79875063262
224533.02825171786
224589.48451286939
224805.20562628406
224838.7230635782
224900.97863423964
225012.37372756994
225041.7561494834
225351.90025045298
225395.99971805143
225522.7269446457
226090.987567259
226374.44858602964
226438.3431816367
226645.92712730868
227650.50721079696
227827.65804957005
228524.38541965387
228685.2183224971
228839.61007216535
229135.1064277596
229182.13946662482
229534.8152992963
229750.88832329665
230282.4917185516
230645.73761602174
230821.42078047243
230840.0779912165
230935.23838526773
231183.0258650693
232364.56988187128
232438.62796275967
232652.46369062812
232930.35448029693
233009.4449637827
233012.97021972062
233058.63800556026
233648.59374976158
233764.47483593904
233779.2858020836
233885.79469587255
234178.9294743288
234290.07503473252
234422.2921611638
234614.32069886595
234640.514469939
234703.28027876315
235004.84114760876
235091.12729148442
235362.50988702843
235428.0632488635
235532.48645828117
235800.94770506152
235821.0798875709
236090.22375855673
236207.0187459875
236212.11751533046
236267.9136176536
236735.4192428156
237091.16455101725
237482.94154823732
237548.82640675665
237583.74254150398
237636.66230350107
237761.68384104865
238090.93211977184
238470.38721229555
238478.0210980266
238685.6083888046
238725.73685206822
238907.8659659885
239079.16429457246
239169.94113099188
239500.23219400324
239665.73285707884
239794.15343212662
239977.61163913106
240208.8782987935
240213.08754720195
240213.93927539507
240616.13487751363
240714.04676636597
240760.57267399994
240872.47615336173
240967.1034293965
241216.0397920598
241366.99158396875
241568.8202599949
241672.3695350478
241706.11153765116
241815.49770212432
242263.77160422722
242364.5360144499
242368.54466791794
242368.89455164084
242369.267793302
242378.7521589342
242382.61452017847
242390.04709597418
242391.05517327122
242403.39043303343
242414.8900030647
242418.81965090032
242423.78901530587
242430.27856468374
242435.1471911085
242459.18072003877
242459.42589658865
242463.95372975804
242468.87916660972
242492.7037875748
242498.9563898669
242500.38692368616
242518.88555098866
242519.2433783469
242519.84997777967
242521.76712348536
242527.94573653635
242541.31678498205
242548.73436054957
242552.46791341336
242553.69736773073
242563.97025814815
242565.4090670506
242573.15231898462
242575.05848922033
242578.62087713456
242580.79935573178
242586.00304072906
242603.3999022892
246047.8324076523
247442.9782505436
250425.0414494681
252295.031023607
253238.58907206226
253470.10683030926
254691.3608355016
259164.24482932116
259166.62226673646
259186.73811425437
