80.69540326956223
333.3333688312086
620.9552019471962
1544.1699365362658
1837.6718911483285
1995.5915418440422
2018.1066078029587
2053.29582006893
2352.1618619025985
2356.4278974034423
2423.1218058904296
2452.847751381251
2502.4443519985116
3115.788369410368
3263.519544456297
3447.2957747407913
3595.207474246575
3648.099036859812
3860.78587691907
3930.70942246659
3984.3314502128296
4011.0960811580367
4052.890856654991
4584.516582556078
4771.623944393451
4819.846611191735
5215.697446734481
5604.199081554106
5774.826689913475
6049.532292475608
6143.791325720255
6144.283116472228
6150.4594268861965
6243.667613533614
6273.55992675816
6394.718157368558
6427.295357345415
6449.819552048623
6493.625929711212
6569.566675973178
6576.860078372978
6635.462736706287
7146.112519384867
7304.376083694728
7384.6449064429735
7437.833614884689
7481.989902090447
7607.7955863327
7779.925399872365
7877.243959707131
7923.004268898162
7956.410441772463
7959.124139336832
8013.287428365057
8223.635079556363
8259.398634217432
8363.303042382933
8465.314581402381
8558.105964009614
8636.523570911386
8720.726792495785
8729.302791394079
8732.164180740452
8852.999566439354
8905.704966567873
8984.191854991155
9221.446142441378
9239.209157700894
9272.092358182337
9607.88057020641
9620.994079723805
9686.55207711131
9705.043949158791
9918.804326338317
10020.054678117956
10029.612495800107
10066.849405370005
10123.561322156052
10204.862032491204
10723.180315346686
10771.313522834203
10798.095422349377
10922.553922845902
10951.848257949181
11076.110374470885
11117.753564861741
11121.044416123545
11123.673039070598
11124.599223800047
11125.019685731853
11126.499105338784
11127.113959267243
11127.736592756944
11129.958320771782
11130.324019189833
11130.8092877501
11131.784650487945
11133.672832277583
11136.62531767258
11137.803543870683
11139.751231371658
11140.229799158076
11141.197814769781
11141.763248742956
11142.887955691858
11143.74212293423
11144.085652152191
11144.854034267197
11144.91833694015
11145.694480424638
11146.49950627975
11147.407991966096
11149.460909918915
11149.861055466434
11150.862354019608
11151.84591901402
11152.42552519879
11152.535551371508
11153.187447022481
11153.927874089866
11156.819306288136
11159.44422587672
11159.445518763125
11163.5030967741
11164.485570971541
11169.097554232576
11169.959777237023
11170.246080870353
11170.367015858406
11172.106429926931
11172.12418570135
11172.265776706703
11173.673845478661
11175.327029066244
11177.924148896438
11178.26526174386
11178.779232442734
11179.391243669306
11180.817101566854
11182.12943703848
11183.240460333684
11183.5408484715
11183.811854575311
11189.445570130032
11189.591536157166
11192.528916520485
11192.832300423144
11193.035633463242
11194.753678470583
11195.702879291597
11196.120717108031
11196.157938460698
11198.834575985135
11201.803093703327
11203.285359413092
11205.011511991073
11205.50419311594
11205.727207949049
11205.900056209568
11207.575324194619
11208.66773293033
11211.025020209541
11213.260052799014
11214.17006144523
11215.723289039199
11216.35238911237
11220.677731191921
11927.932138260232
12218.896964669022
12245.309988710593
12282.411161655062
12623.954236183376
13450.09492806932
13492.381776490769
13694.955247671762
13695.507966450961
13907.394460452017
14209.182449173893
14223.804862059207
14689.671286136718
14720.78101285699
14978.586292078398
15031.407503021404
15204.599239414938
15210.883767182002
15300.960589745118
15782.296231591112
16106.88079976067
16979.25054184333
17536.706519059157
17831.15874045702
18400.131739301385
18998.090126057476
19024.14894386625
19187.910404368366
19365.657439567065
19740.097323612004
20175.383970699484
20334.199540002024
20619.696614737953
20825.486584311046
21397.571792801915
21854.101014364318
21924.863052473876
21996.813684971978
22115.724099740302
22159.067142435044
22427.465730075277
22481.26733723311
23066.0667461217
23273.351093507612
24080.855706134214
24374.170078679057
24448.633686196103
24707.227736343535
25004.294190326105
25231.825784690875
25501.59945935186
26066.05511664625
26148.248174232776
26246.67020120009
26331.69320959029
26602.263402171786
26717.322769295974
26997.64318438452
27176.41312707916
27187.426295652233
27479.25229464276
27587.35101828252
27731.605113177968
27843.531434853303
27999.523007560685
28428.718739389722
28442.78790523134
28479.216817256052
28733.73136490086
28774.886498735905
28897.433933977805
29109.114752743444
29231.05857617906
29310.776260189956
29650.598234737896
29905.939169205347
29909.65286123218
30051.04459439702
30274.282784629522
30330.84016334712
30865.763125416255
31275.740116155084
31289.466876561855
31671.857027735943
32116.749600886676
32172.636574188342
32290.995252805
32623.418881350077
33552.423249487
33606.44188074606
33860.091033022676
34036.52856135857
34074.21099559169
34123.16483615153
34538.63534445013
35202.02472599956
35725.63087037492
35749.11639243946
36028.91028493939
36144.6236432668
36572.76290340445
36598.897980627145
36678.00848028005
37143.26353529694
38217.11203833154
38236.18143251738
38258.14526808244
38288.99028511663
38527.13314627073
38921.53244400406
39378.81091724338
39618.997592484906
39717.15609736982
40137.81170785701
40483.065230517925
40909.635972421565
41103.427450928255
41188.37900821755
41537.860130889036
41683.87114192076
42028.03364444287
42103.609451722565
42308.69964006724
43015.578617206935
43160.15938683438
43166.37806412098
43316.979224628216
43345.217797742
43380.93122275211
43482.9167627123
43484.13482863671
43524.05842484022
43961.97367261131
44131.91894083258
44230.415444538296
44253.2706067583
44427.0798801567
44443.268177866914
44771.68837827734
44775.169069189375
44807.883761441284
44969.55838773203
45068.962416788665
45130.01620592594
45218.12791023663
45275.43537993832
45413.47770562097
45479.504248473066
45507.79503787368
45574.24710542539
45734.49938568981
45831.658365498195
45907.34235361812
46113.76881510402
46131.16349078848
46212.43976504951
46218.05138150735
46311.21102504166
46335.965265322535
46391.66841813342
46444.27125353628
46458.81457390595
46600.010872949766
46605.234527904606
46661.70099952421
46716.70798152552
46729.97054708171
46808.97989588705
46832.75447442989
46887.137439289414
47018.76512620806
47155.18610408144
47364.26310562003
47396.46689760895
47403.5668139922
47603.537374378495
47757.36310912996
47796.62880207951
47846.157503022136
47909.09366537931
48049.1515615559
48198.70460829899
48446.587555176615
48515.95536370222
48718.89746291703
48909.16212865168
48983.06570139922
48993.41067687394
49507.8367748882
49542.624403207235
49587.80711054025
49867.73667855944
49984.255725409144
50018.46680197714
50217.751358205125
50230.23679485835
50475.88087857965
50490.00205636543
50558.57355732604
50631.618971180134
50794.47253387938
50849.06371876441
50953.79266335222
50959.85143293169
51082.614310466975
51088.279819837655
51238.42697789519
51261.87127104236
51271.632476969986
51541.152290052596
51705.67701976291
51796.084905336604
51863.68486449805
51881.86086227509
51903.47236468968
51906.74965480999
51961.30775645652
51969.75063373201
51978.52678309107
51978.63023694945
51980.47567141057
52002.02020096548
52022.956128806414
52024.656781870646
52033.57003263627
52037.48754345264
52044.478983505775
52051.61198584158
52051.61743411677
52059.0115764906
52073.66143057253
52077.336017945316
52088.54060840891
52091.18237457062
52096.98673779855
52112.95981894783
52115.64138597166
52122.60460323097
52150.73756552346
52150.93266139423
52157.13758511279
52196.10093256549
52207.53519427707
52214.28730350418
52224.68714764083
52225.23330726344
52229.83784990787
52233.968967083274
52246.819967634125
52250.583201835085
52253.66452665807
52261.20263631394
52262.829790196665
52270.593651949384
52272.6256755264
52277.47250698511
52290.1670764582
52290.766824301194
52314.91835859674
52316.46101861073
52322.08552873099
52325.16413822201
52325.87393380674
52333.442656145045
52343.56912840447
52350.53352632455
52352.67558725999
52353.52954918072
52378.325207434114
52397.99047044244
52400.6058124576
52402.552040413204
52425.06127706296
52425.77459129448
52426.656350325546
52433.540517185975
52436.12329399786
52437.77899982713
52439.14613427888
52454.76026722191
52457.811410723276
52457.88222117187
52459.217221431
52462.517395551215
52471.88381322306
52476.68034857993
52485.77001282633
52489.699077495134
52494.19178165765
52494.757340359385
52516.84361092653
52522.639181049104
52532.98875682713
52549.419471016095
52564.874144302754
52589.272040893724
52600.00231329
52603.2803413247
52631.638251490476
52651.99409534737
52660.941539419146
52669.63764827504
52691.282986416336
52695.2795421122
52709.21510086534
52717.303380619574
52732.707166980974
52742.543391512794
52754.70588219033
52778.378272362286
52830.21230913279
52847.26218410893
52867.709086123316
52868.76647696656
52889.58573701522
52889.78018633278
52897.10846222183
52898.80506183493
52913.03635575086
52920.00323345372
52921.218844248106
52925.489030932076
52957.38883380811
52985.09102282387
53019.507948586914
53032.37476346631
53064.868101289525
53065.8782524146
53071.57822902992
53091.52519849308
53117.77372870201
53129.3896320798
53129.81776695656
53131.62904158043
53132.04928956545
53151.34976005838
53193.025962800275
53209.116442484155
53210.835902690415
53212.31277377426
53217.61339733876
53218.50949774251
53218.81935551283
53222.170237991144
53225.833587650835
53230.428301741325
53233.50280274266
53253.63205722017
53254.43331783743
53273.79286000318
53284.414019870004
53287.786190557475
53297.22144613033
53297.34920968166
53310.78339541281
53322.07467513342
53327.6698390878
53329.3034312707
53330.56553293473
53331.146603814785
53338.465993835416
53343.35165561588
53349.5305320668
53358.91947293008
53366.136999414004
53372.25928940513
53380.68084241622
53392.744699003415
53392.78039825029
53394.224384629
53414.835997865244
53415.186829198195
53416.571435027545
53418.94031393195
53428.2075389621
53435.351429655035
53436.41161211924
53443.261909832145
53469.01661146029
53475.09320781487
53477.294956702695
53478.54966158637
53510.547424142016
53517.67726975176
53577.38652636262
53578.43034929803
53579.71854601001
53580.73970141065
53588.71157828636
53596.15308277826
53616.75800180932
53627.037274582464
53628.83187167595
53638.08131978353
53639.33061661868
53642.84036667018
53644.397533323085
53653.59780737787
53681.527470173656
53690.39305300631
53696.59066290502
53699.867563354106
53702.94859307347
53708.77371384547
53735.97560435746
53994.114579867804
54101.12095428086
54108.58864127537
54399.464691712055
54406.88750661909
54492.864347844676
54722.79625879382
54778.818654332325
54819.64079459238
54853.36748178058
55198.27805495878
55391.76457710682
55611.75512082775
55757.50708981042
55836.96694547062
55947.96468388629
55967.85545873507
56028.45026985331
56305.073878752
56347.679268416665
56449.20799677903
57482.34582831461
57781.229437854134
57813.907673812966
57902.54567141276
57943.325382660776
58158.991189767694
58381.15863319553
58518.946032835214
58643.10307470396
58692.55952619879
58812.71663630656
59393.9549545688
59446.756664504974
59458.343346270354
59512.42978316443
59629.34224284248
59803.143414966944
60180.747752044546
60447.4526825763
60467.27545834979
60849.96924798644
60852.110621582106
61235.89028694723
61257.31338199768
61505.75582026108
61713.76561177281
61865.18098627121
61906.8980879926
62244.33886208265
62253.98617707376
62289.56423971602
62366.53658893862
62554.41155866866
62565.310780363616
62644.14268002433
62799.11547902491
63510.9365936506
63566.59729516643
63593.54145815319
63723.15597330776
64122.49726345077
64309.136763913455
64453.09846619322
64695.67201250257
64900.63420845259
64953.74591781698
64982.29816435888
65095.00660341125
65102.21504239044
65249.49797512129
65361.01837063314
65393.59623400968
65458.75493202908
65492.854904904656
65786.14699075147
66074.86080668418
66163.56882301201
66505.14726138637
66523.56431223788
66535.44168527884
66697.48865706292
67378.44567391476
67571.43118111527
67641.74597434697
67681.00284848805
68078.43768087369
68460.53141552152
68916.59065961002
68962.31270892473
69024.17364564828
69083.9455326497
69118.5967725764
69121.78234392662
69197.05613115974
69369.10483725432
69675.82218947932
69745.12724412736
69857.0911283627
69938.43878761503
70367.5027208127
70666.23002889163
70707.01141408474
70802.49248795735
70804.9756231159
70961.91151911544
70965.02323032018
71071.0832058312
71685.70145019308
71750.16378709071
71757.68015415479
71891.68633649756
72078.09447800339
72111.33075698963
72248.87021000292
72268.0729503227
72312.61305709956
72416.6316823842
72460.14351404786
72691.66334596703
72905.52671377626
73122.62722652148
73186.17345616558
73658.16624257178
73716.54043197792
73802.4330922831
74158.88905174778
74342.07044079644
74354.36464883339
74364.4853929629
74431.22282835073
75254.6765008696
75831.04253504555
75844.62517313797
75880.42718463203
75919.12980064673
75943.06575739254
76090.17547735713
76241.17313543985
76285.72857658284
76537.77803507188
76600.75646982144
76684.49161346757
76734.16171784092
76756.86748232853
76937.2546895166
76970.84045500145
76987.01850869288
77059.20599157138
77188.93764913616
77303.1825092718
77526.07790913257
77721.44723514674
77726.71649955203
77904.0502974298
78016.2594261487
78018.49080619651
78087.09881314528
78264.94860061105
78382.8356822049
78465.06191397071
78615.5791291086
78698.6426020413
78788.8268407898
78914.181094063
79675.08985050129
79715.39508750373
79838.73762018504
79911.6813846436
79931.55061484606
80009.01417870504
80245.5073107167
80251.15507070775
80254.05567235526
80265.21483059847
80290.77999406785
80330.59635711755
80332.31496707872
80343.59910521624
80356.82075574793
80368.2525357262
80387.37670198467
80413.78366107571
80422.54564121648
80435.83562215779
80463.75343421564
80534.72996702055
80535.36929643022
80605.16549622547
80605.51454137791
80605.7870854166
80606.15531647459
80618.18618576018
80628.24490849143
80631.95153729683
80641.27889664381
80658.41573912126
80665.39648651153
80669.9619873673
80724.34410086661
80737.87331040682
80746.96088598568
80762.49290636551
80797.91427850066
80842.47839807991
80873.72309341533
80883.00592386705
80888.82102726806
80903.4996037744
80906.99118277192
80918.09692667343
80948.79122013644
80994.23295717892
81000.97516595494
81007.94393670134
81022.72712724083
81050.0757406877
81053.08354456238
81078.72514587585
81089.06086957843
81089.10271775043
81093.88664856908
81095.95935898188
81157.76148181688
81158.32249644915
81158.45304867763
81195.07709345498
81204.2113642972
81209.24408854614
81226.17632894836
81249.52633008496
81271.69726263778
81272.940413383
81306.52605876453
81313.19735981937
81318.72174792046
81324.67053226828
81344.25873305059
81430.2594673289
81447.73502189954
81511.42362813448
81527.3347690403
81528.5298045994
81529.00070466692
81534.07675569484
81544.69972239567
81553.87513017129
81559.77007418021
81580.62916482013
81591.13205880886
81613.07494768708
81620.18920759288
81636.67679856719
81677.4158287061
81757.15635435689
81771.9761379987
81794.25653548994
81794.68263910645
81821.83739202115
81828.23896742235
81925.496129063
81931.7296798104
82149.09642150166
82215.98363449732
82223.78354429087
82268.29776757701
82559.95783037147
82842.14473924873
82870.52105526884
83126.9498207286
83386.3571258655
83508.34919151751
83844.1953623067
83846.39351017517
83900.8530523386
84082.68144735
84089.04790388705
84396.65974185216
84706.55236269582
84814.36959260656
85260.29318139506
85489.74635732816
85700.21932192345
85755.07309096515
85849.57652677961
86224.08725557507
86556.4575282869
86680.76251134882
86684.1419416995
87082.83227130196
87312.41874309914
87440.44279566334
87467.54278230436
87619.59928904736
87994.640420212
88558.60174488818
88620.10074443271
88702.01190883518
89521.15933560592
89575.97045228357
89748.26431593743
90025.52663148732
90137.96542904014
90250.16105945836
90290.32523543989
90304.278812561
90539.03787869513
90780.57039896502
90845.51235353833
91052.735382025
91094.22865776188
91440.43579654826
92017.14242991086
92086.98194105882
92091.72733013729
92384.41081642767
92519.78555675357
92527.57444344272
92914.83654768617
92998.30044878088
93241.0442246343
93587.44849376543
93788.56362349636
93807.04598405614
93885.80699625962
93930.32809767126
94242.25581206528
94282.19277318253
94319.19716547869
94336.34494113985
94341.36455896308
94364.44865969762
94395.6418623176
94478.94245461641
94533.65488820124
94596.86994207326
94779.49075792798
94808.85781703309
95054.93042839775
95106.01839533269
95166.04090374483
95248.2852757281
95262.88112854658
95327.52778229704
95448.63874976945
95614.76951024792
95627.76452245716
95634.1578500463
95682.67825195285
95919.88035053673
96116.39461075977
96244.10825072872
96411.20656982777
96471.50464018712
96676.54286991408
96790.01149465928
96888.33242395919
97116.38318956073
97239.94455752941
97470.84329623939
97513.60139028032
97513.93938206347
97514.25614248804
97514.63380028203
97515.14341994512
97517.28146966835
97517.57704713303
97525.72401911645
97526.17221813402
97530.70425372991
97530.78525950026
97531.45352534266
97531.57679247619
97532.3177844506
97533.1099389596
97533.14546851502
97534.98272994932
97535.1491351251
97536.120115348
97537.37838629405
97541.42158535753
97542.44940500219
97544.3899439571
97545.35856885563
97546.4559272077
97546.94122373535
97547.17364273476
97548.30215053668
97550.6631005374
97551.85906109356
97554.84559097345
97556.29418376804
97557.17543193085
97559.33064672578
97560.99429918677
97563.42877580534
97563.51792353115
97563.58691620853
97563.92494346523
97565.05588632659
97565.9754961824
97566.27151219251
97566.90280911936
97567.062983885
97571.02741626807
97572.5721896168
97572.85798764907
97576.32271032283
97579.69214585084
97584.77761315243
97585.40475665062
97587.53488855211
97587.92718486013
97589.6885714225
97590.24691559024
97591.26828125742
97591.28775586314
97593.80301154428
97594.8325250014
97597.40760986131
97597.70607043245
97601.07085567585
97603.55354481313
97603.70441101374
97604.78747589994
97606.52320491687
97607.23192338561
97607.68648725747
97611.04772650044
97612.08028833683
97612.10484441582
97616.78784370073
97617.58966559518
97619.05843361522
97619.92623287268
97631.70533036567
97642.01470616744
97716.38924099432
97741.9407828242
97937.81724128658
98166.31633625866
98626.90415616322
98822.46385155067
99232.32227625296
99285.0898593917
99547.72502439831
100016.4558861994
100689.75632538852
101128.74174516372
101673.2737211507
101844.39476346862
101978.88634209266
102781.2029209294
102813.0167124407
103099.07558263483
103557.29856686009
104056.58341244952
104468.5102348551
104881.81322836548
105201.1647521676
105204.36608522866
105361.8472794092
105862.07662628917
106587.23662815362
106902.72812276281
107691.14934778024
108282.6274604588
108694.2322910419
108728.48013746103
109437.90088338812
109599.88878866893
109629.85494807604
109812.73830752714
110177.5310674475
110330.81892204043
110761.7696172549
110833.83960502176
111421.99739014325
112166.34764346671
112272.53141712281
112672.69550283648
112708.45987750616
113034.39069395114
113464.92342323171
113701.73864236248
113844.88309789862
114502.22023249243
114765.56987308412
115333.88034686739
115465.69893287221
115971.15777578877
116003.18170608598
116288.09352400679
116478.40400840295
116572.7508122197
117089.88165253034
117797.91899668328
117808.14742456771
117955.19110831917
118146.18018200008
118344.49691786846
118578.82368487501
119320.9940160558
119405.9221720057
119503.70738092603
119644.64687061682
119933.821606168
120087.8046509277
120700.7192450609
120747.854343263
121008.50638809513
121719.32715764552
121817.58801559481
123257.34080054378
123837.00082244643
124091.98961010264
124412.60388007952
124435.56965212847
124744.19367245473
124876.33952134466
124991.7362899785
125065.16690496249
125322.2200296039
125708.97334474565
126488.13013977915
126976.51158288016
127488.08855186372
127605.26529524056
128279.3020491462
128327.40437269167
128367.19670644862
129485.9086449148
129524.71969917102
129595.16383358606
129617.01027947431
129799.87514600837
129856.92303061052
130010.94088106047
130281.16341624007
130541.93122979894
130688.40816171016
130854.32619300808
130890.3158372553
130977.28382906996
131075.94552593262
131158.55525722005
131197.63755671625
131281.91048598307
131358.14253514083
131608.13453513116
131661.16868076648
131813.49886567084
131953.11090270695
132512.8355513459
132562.9829492377
132714.35623328574
132827.1287111491
133018.52483202383
133180.43227143845
133328.37479342
133379.13559331815
133472.99693895507
133596.8908275072
133598.90189692937
133608.63215294195
133651.3756373468
133764.04985432237
133835.11171303876
133898.1364887023
133966.10976450774
134003.2485587361
134023.53837651547
134552.74046275462
134681.5676081474
134736.97910493411
134808.6577947308
135159.86558230026
135314.49962346227
135436.176404554
135720.50717188703
135722.279790989
135781.49855378474
135800.4905572688
136185.3603412906
136237.71319699337
136389.31577074496
136412.95434380238
136433.65078603174
136659.16296229037
136841.26619204786
136872.49215563879
137083.01981433624
137163.4689086122
137252.54990254197
137287.7687029657
137305.59458197726
137503.50830782863
137545.0375495457
137671.65448738285
137766.5811850059
138093.69293795933
138369.61481655392
138383.99005218418
138417.4243698308
138424.80400078185
138425.32331780388
138426.74869356837
138441.32338571938
138449.4551206998
138460.4955646437
138461.48145841074
138477.02995260278
138484.4188032147
138496.93171861587
138506.94423389193
138507.39014483537
138519.7392135327
138550.41062120209
138562.52717224832
138593.85644623078
138595.9558688142
138597.32977838538
138607.23362962992
138611.60258368714
138612.5416402503
138615.83888142652
138617.14362247652
138618.5140617975
138653.17647678693
138676.87456586675
138691.94862600404
138693.88290564268
138696.6548604395
138714.53020044195
138715.39462623952
138723.7478588281
138724.01635375284
138738.1451669397
138743.26070497063
138751.1050384334
138754.57470180333
138759.349432623
138762.9280085733
138775.386188658
138779.35981324984
138784.74293549603
138812.79316150676
138835.03067376115
138840.24556832635
138846.7274317653
138850.41181908344
138856.13542309243
138877.38972466634
138884.19368463836
138887.22525990894
138893.3907228667
138909.7018523095
138915.48113416656
138921.78496439627
138942.72789041448
138947.15447459242
138949.09430012899
138963.92562096048
138971.96154349385
138973.1050604137
138984.11143929968
138990.04559144645
138993.17562628095
138997.02839748847
139010.64944894577
139013.8867909314
139017.81863758794
139026.4822323841
139048.8567803969
139049.48843846805
139058.5705394045
139061.6374460284
139070.29508547595
139076.99283188413
139110.9728755022
139129.6448468755
139152.0318845208
139161.25531852175
139177.4905166116
139259.7938913816
139271.31227037913
139278.06030869705
139279.33514356118
139297.00155423282
139303.3108363724
139308.59390324002
139318.25282962617
139324.99108443415
139371.8603919823
139373.038928935
139376.52221824805
139404.982831965
139430.50233302306
139435.97528584255
139447.17008868884
139457.2806853795
139469.3090096019
139469.54431692758
139475.0489713728
139484.08229825477
139499.12436136015
139505.2864333451
139523.3906243667
139555.63739040442
139573.0472267874
139584.26648086554
139591.64739530778
139608.16347914547
139615.79629883217
139640.91618004357
139643.51629431138
139652.5416176365
139660.394016614
139676.76127368087
139688.19307142607
139692.83328394714
139692.8567354813
139702.20133366506
139707.61047837284
139713.64826394376
139745.47692884356
139752.5522179847
139759.15155928893
139766.5933505005
139770.87898033767
139771.5071191183
139789.6460907368
139805.0030883542
139817.63429935984
139822.10775206352
139844.9603808377
139846.8278353813
139850.23899800656
139853.74181110028
139861.8401195999
139864.4450419112
139880.93766554882
139883.2269996077
139904.5319388439
139906.92005607317
139907.46361788156
139921.0662632145
139934.51596422834
139938.08097917048
139942.26652516684
139954.26255272975
139961.19258002588
139972.20052223484
139975.27674799613
139990.73204385734
139999.46743818364
140003.02757756738
140004.52622242237
140009.4884155372
140011.07432137334
140039.56092742033
140041.55331860651
140054.0216577636
140057.79073347786
140058.0187863992
140064.95896883105
140085.734688435
140093.65081387036
140106.55190825107
140107.5530977981
140111.2071218262
140120.62613453844
140135.8421691234
140161.68656365128
140312.76972078718
140319.32818047493
140697.1520773162
140790.73838974474
140870.40233081035
140879.88115166852
141379.06658750176
141459.81842155234
141616.78028269822
141738.80045041777
141896.38456578838
141941.99954839534
141975.03731113445
142102.2361762503
142258.7670014543
142405.52801025566
142518.5685583401
142608.8705406713
142618.50798146435
142748.81319189657
142754.08888435477
142833.6622475847
142914.0571824675
143042.9952204763
143145.19073132396
143449.19171519775
143679.66839705003
143786.82848858152
143850.9909700013
144211.48863457527
144381.30657356253
144862.29596997693
145098.57028098055
145306.76766821678
145485.00572901985
145809.75159402724
145864.5408972932
146077.0886992025
146183.7394401656
146315.58323929683
146958.95738099236
147019.27819720248
147026.463927191
147252.26124561435
147280.3431913889
147368.66540224035
147409.80510521407
147414.7326575173
147425.82914833387
147511.20327101328
147692.85434046565
147714.66972167842
147725.16343520238
147844.51890965147
147877.2689915197
147951.97291578283
147954.1267983055
147983.40698519524
148066.68605284678
148166.60203786322
148421.48482093535
148422.89668149792
148465.2823727362
148816.18150141905
148868.37349160502
149273.78413388712
149280.2501210507
149354.05667663447
149359.10649081867
149360.70219404317
149514.03798341312
149570.57058888552
149590.36512957915
149839.0172154078
150118.26128606085
150134.2878097246
150275.74406593217
150453.35873412027
150589.36666975325
150657.42937734874
150730.23893768704
150820.63608754653
151131.9288629914
151251.0263800411
151508.90949554375
151772.32613366042
151781.7538504951
151824.40126965745
151981.9156002623
152022.5045376402
152125.2960021172
152230.47596611117
152383.1622479371
152458.5463331257
152471.05332620468
152563.57073827434
152802.30104709291
153062.33708509488
153119.3367015756
153278.8989831547
153280.5593668233
153537.13786593237
153665.5440949882
153951.9784107468
153972.85967064468
154238.89606744045
154703.37729337893
154799.2515277143
154905.01709975483
155130.85187591048
155233.3213482672
155368.11919889064
155425.73490212794
155579.2773670277
155726.65830235835
155914.001066646
155931.59999566866
156008.91182613774
156026.80710544772
156195.06737319953
156391.65555981736
156527.5178677317
156675.8656714006
157142.74280712637
157171.80909738323
157291.86961441615
157344.37478042336
157616.8387085538
157648.88722272404
157715.50998468482
157739.17537300117
157951.7885875203
157963.41668271978
157972.52429997572
158006.05648716562
158178.32838998426
158346.3941088788
158420.942978
158698.67940689606
159006.31823751677
159366.62962612574
159588.35168757287
159594.98654446314
159673.9359417652
159846.1311913072
159999.04533177218
160231.89942653308
160343.82164478934
160385.08850802295
160500.34667427698
160753.2437208873
160793.448631583
160921.0297036415
160979.69188776056
161213.99767737038
161346.47926361946
161352.75640457633
161448.88483165196
161561.5529787685
161614.39222768688
161717.69972891267
161749.71184238468
162111.03863635918
162236.40274267056
162285.2576103673
162297.82739946293
162405.01229717428
162642.61952321534
162757.40526606108
162798.2841956037
162846.42848775457
163107.63244367944
163346.37814839385
163432.6774869468
163444.19398426177
163476.07294887645
163654.40555229978
163668.2266526281
163846.3001355785
164591.26527947583
164879.29679382383
164958.49445016813
165008.0717500186
165135.35506876284
165196.25704211503
165355.1745349036
165458.38780642592
165734.0554351689
165869.31611553457
165922.87269482142
166412.43634723593
166628.66412699578
166640.2040360951
166643.58885130554
166644.37571138417
166646.46335927423
166653.09652496962
166713.34624947346
166719.19745136803
166734.4216975745
166754.6918528821
166769.50683127053
166809.49398358166
166817.7769342921
166847.11850701825
166978.70092254662
167018.76583962975
167020.79126495047
167067.80025865056
167077.54542637448
167088.85147270578
167123.42482867936
167148.1416358284
167169.11158356446
167188.62020547048
167206.11830682185
167251.83413758164
167259.45220275148
167273.5720720245
167288.06463423482
167298.5757277374
167300.56138291705
167301.97285642195
167312.01929783358
167381.1256380724
167390.14608636132
167402.39635049884
167406.70578795281
167407.4935166906
167415.86759474524
167420.19984777196
167421.3015652125
167436.33583512902
167459.418655705
167470.27206769626
167477.88953358406
167481.97811901214
167493.99619771424
167522.99381949124
167529.9726294605
167537.90186484426
167541.61436483185
167554.7399486375
167573.31011956534
167573.72840794665
167578.11728096288
167585.52011282736
167596.24441019178
167620.12328041636
167633.46073278727
167658.81227602236
167664.34330662852
167668.61342904944
167677.91324310377
167685.33299116604
167693.71332774532
167772.41833606618
167812.49760952935
167824.7420150995
167844.75346659363
167905.29714205023
167943.72552570247
167946.29617528076
167950.35792096786
167963.0624466202
167967.2555538973
167997.6107071224
168010.40364015324
168010.96639558172
168014.64016918285
168035.46837760275
168055.53537091357
168063.01177911588
168067.4553866515
168070.83451626575
168084.6621136583
168087.8647515977
168117.24997927388
168144.4771481994
168186.35933868698
168222.77122261
168255.1587801359
168303.87316798873
168304.09681974107
168309.42250057386
168335.69202644072
168478.0730043317
168514.59288580154
168632.40256927576
169081.026317022
169251.08144037006
169382.6831628476
169966.87741285778
170121.13181723224
170136.32684344353
170148.32686200796
170297.79341981548
171002.77859979827
171353.61993155017
171357.14544744627
171477.17476863472
171488.98791784796
171550.08309507032
171729.5942493784
172126.18197587947
172244.76026984223
172254.83690594445
172301.36887672552
172565.92770060123
172645.33507602077
172746.10054360563
172916.96585432257
173601.84589655104
173606.21999286072
173671.49292715447
173798.7190533737
173894.94785621503
173967.88486706687
174208.77601281917
174287.9382614702
174298.92149936457
174305.51991116576
174352.54604839755
174497.31446944727
174834.44647510652
174893.01383929077
175013.2303848131
175015.6440213864
175259.50948728446
175301.57074490632
175359.18302825218
175433.33054833955
175459.98547361212
175535.53207407665
175570.9485997092
175580.48401442688
175598.2838472989
175606.06267396797
175629.16394060507
175921.33663983643
175981.91809498897
176634.56562299433
176671.35195416637
176725.32271697198
176853.27417209768
176987.37260704083
177147.3964300431
177210.3109974165
177231.25767874208
177246.5107371595
177248.8420114941
177708.8614947258
177866.69118993016
177875.41619718933
178201.1765396749
178552.73605458782
178553.61326771305
178718.90346582467
178815.07014267598
178899.57342454596
178930.2243038762
178958.85283377394
178995.09898485773
179096.34668802688
179257.88029344036
179405.66731884325
179461.36491200267
179528.01429041906
179551.80669473967
179592.8337906009
179686.38215973665
179726.61075873816
179809.75339420117
179887.5655000152
179957.60848583945
179996.01830711792
180024.58971697136
180138.41769974979
180280.9632914755
180302.39827816907
180606.84977264033
180640.701823261
180657.67066944184
181024.1764146625
181169.9604988951
181201.8521822103
181343.77143634806
181358.0891143402
181416.3772420463
181420.45489226002
181435.48610936452
181468.7308757362
181482.59617309785
181654.68469639006
181700.91235612106
181871.79855830508
181875.0789182418
181880.03774970738
181893.89795956353
181894.1754426495
182016.08197804316
182270.22684235487
182288.72466037766
182326.7418421638
182477.92121143718
182526.22653038232
182568.71465835482
182621.67476511077
182662.29559832055
182763.5652047224
182814.03312979834
182973.44765393966
183073.51275114575
183107.8486073742
183268.87200073304
183273.78290198563
183355.87630624732
183445.4269954442
183478.57438877577
183572.93409412756
183622.56885382344
183749.95879479224
183914.0140403243
183915.28060624909
183916.06532656125
183921.50546731523
183926.28831598532
183927.4717696595
183928.9852676792
183929.5677074103
183930.93393953764
183931.67833199972
183933.0608390623
183938.11209378054
183938.15035454312
183938.45023293607
183940.73732342038
183941.66582170204
183942.238231554
183942.56205137016
183944.89547072852
183950.92182101158
183954.19001714012
183958.75149861892
183958.89261442126
183960.55042937226
183960.65857973043
183968.73469301034
183970.19125764468
183970.50239539522
183970.92718756842
183971.34482098214
183976.75246503254
183979.69225444467
183981.60059149168
183982.71412797767
183983.38747165346
183985.55745893045
183989.7400404737
183993.9210299049
183994.11320716306
183998.26504927242
183998.36430537893
184000.19046179156
184002.6877716573
184003.3203468318
184005.73910066206
184007.90242548217
184013.66596019344
184015.31965398224
184019.71796049082
184224.58637870068
184720.03223868983
184773.4514113104
184776.8262727362
185650.49763375064
185881.03860767907
186155.92791210875
186214.9799923776
186263.54789435092
186987.77378965536
186990.29412148055
187316.88053206177
187922.738668048
188114.9868478154
188179.45142562236
188815.86879970648
190330.45064707243
190437.61836716655
190516.30562998107
191019.22165128085
191337.74041363155
191435.17912077258
191726.17968188747
191812.27113351366
191852.62073911232
192039.924472249
192097.28866930777
192235.4439372328
192568.15422757156
192646.68123118483
192761.60069853437
192818.8885606734
193273.26179294536
193293.33371837818
193460.44125842355
194816.7994883155
195585.5759865018
195710.45851740037
196900.9960895421
197124.22677750484
197761.04016433234
198534.67222388875
198588.56403743755
199262.294254623
199519.68739837853
200401.9980557966
201145.92363985142
201678.4677697295
202483.9788333396
202588.36822995025
203295.69267637283
203307.80570153706
203996.98393359574
204624.3989948767
204653.89462144749
204851.29456864565
205300.4991376545
205355.34804819262
205876.70680069842
205978.43409831793
207536.3751944358
207857.1482616607
208058.55062129904
208072.2762040888
208815.67530508086
208937.51475857897
209004.95850761695
209070.29641971822
210175.26439488612
210205.3318993501
210352.79378532025
210373.02375457337
210453.8136700231
210811.7113362407
210828.69105252065
210894.38338659803
211034.75558326952
211060.52809697384
211250.82302576394
211602.2586398829
212069.54481807209
212345.26146965468
212356.7880473101
212476.4336435068
212850.99642033083
213211.58913706327
213431.50745340894
213520.33887297704
213671.2984147356
213707.8080852463
214321.4378677298
216135.40365174934
216154.7770410349
216254.01530127096
216273.03912677767
216536.368853396
216653.29350982778
216757.26025292213
216942.9621939243
216989.11712205134
217052.62834023635
217083.06500326566
217105.26540862513
217231.3517280102
217287.2499383546
217396.38487220282
217498.48714236036
217512.83089128663
217561.55683440127
217590.93685503583
217604.86268280388
217929.1965073985
217974.89486430818
218018.73569245264
218054.14407935643
218192.66118882567
218278.9544672797
218284.94112720233
218319.32193445
218391.51901633496
218552.52629077493
218665.01283605825
218773.67000905419
218843.52249227124
218989.13339651388
219159.96767506088
219271.9899794231
219334.1894309808
219678.9254390053
219692.7164676668
219850.63521985657
219961.2754779788
220124.3019255906
220173.04939747538
220179.76205612678
220670.3838113838
220702.1530688251
220739.351122105
220763.08415546734
220864.71689757972
220872.76226938015
220969.09797515412
221078.26984904494
221099.87312375807
221433.4947640304
221479.8337755385
221587.44664148288
221603.04732416
221622.36245450441
221720.19624146508
221769.60327125457
221801.97196772348
221834.26307793552
221925.94393802914
221982.80254258943
222049.9056584079
222460.8003326633
222577.65171631606
222591.2138096568
222611.84085236985
222661.9877369728
222784.93698198153
222809.39371202004
222900.26053382008
222905.07945881522
223030.43794655055
223142.85008046453
223170.45088164735
223229.31497810318
223271.66323936483
223374.93282573734
223518.41385132054
223560.25875271208
223564.02876590827
223602.24645496614
223608.02801223437
223644.93357885064
223693.05528547533
223984.22938891876
224017.22619690737
224098.27013349955
224103.0832913875
224180.7813777026
224386.42476888272
224450.88418317027
224463.5767838593
224569.21565308355
224615.06260261819
224673.7875769621
224725.72804067703
224772.95908276679
224802.35399232604
224802.82567900847
224815.88822047994
224816.12986529717
224831.95933948993
224845.43435595918
224859.14185522613
224866.27468438516
224877.56448809136
224908.2587700458
224916.81361400944
224921.0420375227
224950.6310971726
224951.69034586937
224974.85701042748
224976.24292447112
224998.03012355082
225006.7637546609
225008.60025354914
225012.8218393401
225014.47033209837
225017.91919223114
225076.51151311665
225092.89012596407
225096.91953598955
225101.49594822212
225109.00996406755
225119.07643798232
225120.13655655796
225121.35889810667
225122.41323626987
225124.95008779247
225139.30414339667
225159.33666311722
225162.80845546245
225171.70504136255
225185.46661780874
225197.24485167768
225222.26409977386
225250.94897712578
225256.58642233943
225271.60740531367
225290.92548642104
225295.59651593934
225296.6334887205
225299.63130453683
225308.24215606615
225308.8783523171
225332.24243900826
225334.26509851165
225343.2145545917
225343.77905193524
225350.7888748338
225355.0718538044
225367.4784662068
225372.52448506717
225382.9811360165
225425.0323798406
225478.88006207912
225482.1132241357
225535.26537901012
225559.64102544272
225589.10586831783
225592.39631058663
225612.45641514016
225614.4841581748
225620.12814152587
225621.7189328609
225636.43739692774
225640.710672523
225649.94448321348
225657.33192605997
225665.1036612809
225695.56304454763
225700.5192790872
225707.56544666534
225708.76396925986
225725.97610330489
225737.65625528482
225744.25729894114
225751.1229733122
225763.42341520518
225775.67691163247
225790.84828743985
225801.67540396648
225801.77685968834
225804.92196093235
225814.23350193579
225814.9638046805
225816.79655555493
225817.36241435722
225824.7150538652
225835.9803508959
225836.94679838058
225846.4406919563
225866.99729916235
225880.75623077754
225880.79336677847
225882.51349576248
225903.21055665016
225903.44460732263
225908.9317063815
225919.92375121557
225927.06959648707
225943.01261928384
225956.3585171547
225958.15855747275
225971.69116624584
225988.10994465477
225989.85182036733
225994.89108062242
225995.80581454362
226025.72825980483
226038.94110068533
226040.9240624457
226069.7444729504
226083.95114214282
226096.33849387354
226101.09773304174
226111.2371036344
226125.38762811304
226145.9503668784
226146.18003516796
226153.40364633297
226168.42699511527
226168.82404365792
226171.03600140178
226176.16032732147
226186.40594607795
226187.96483662393
226205.78096807693
226207.97466401264
226208.13497309052
226218.94179138882
226224.50328489323
226261.75741869607
226265.12792951157
226295.69338758732
226299.32930601854
226301.12622996123
226310.96733648537
226340.06767240312
226347.34276193095
226349.90233955724
226355.46434464614
226381.86374447105
226383.3866654043
226396.67615859787
226398.83369574018
226442.44736716177
226470.832960606
226474.32480208663
226475.63670376112
226485.7899220232
226496.9366944118
226517.97891551018
226523.99956901453
226623.82161869202
226777.7043675062
226792.97326715055
226940.04532245873
227270.54109332254
227572.32573653568
227652.77156767526
227678.96165511745
227800.38045209442
227927.96209562372
228124.80576947518
228551.00300421013
228592.25534456284
228973.9773725415
229009.57223245705
229050.74129019905
229074.30224971083
229184.70419050724
229194.2332611402
229223.3407156107
229303.58535996015
229351.38955531304
229544.13702913898
229545.1454016983
229805.47452508588
229815.943443303
229961.92888609145
230423.8222505342
230430.75944278765
230467.7433575276
230724.7098234563
230882.71992678562
231087.05401637504
231175.05783207007
231381.90994619255
231386.0298056561
231409.63138810007
231426.01869064025
232083.90175385814
232162.19415889884
232231.24174881648
232449.49991177855
232451.00207067252
233217.83880948048
233328.2095182254
233348.0582563689
233593.3517246148
233620.0880779529
233844.47543480384
234114.12869753942
234249.86416441182
234406.1391400935
234464.01200054472
234607.91137390523
234625.3151506708
234646.20610950745
234725.6588547384
234733.03303899974
234771.76249047107
234809.28562659572
234854.9335428643
235133.56557826878
235222.75693973235
235356.6039644904
235363.9979820195
235413.3577624661
235460.7043031521
235476.39350917377
235582.31521999306
235624.71984786922
235821.74057002764
235877.9224492491
236211.81029763262
236301.45243579816
236311.19417024252
236765.97445509682
236858.50249064073
236937.99009836893
236949.5724883841
237487.1113512877
237516.57625195058
237652.78109673344
238285.36731568672
238285.83916433726
238411.02868866664
238788.72074270816
238802.25316488396
239059.42484369577
239220.64047942706
239391.51749730122
239493.59628167195
239526.92425227648
239567.39334283507
240006.56647586403
240017.70383022787
240048.8565555266
240112.15001537648
240333.23865177322
240416.6360816548
240663.8017409204
240684.69309928175
240801.1629043833
240900.25204358652
240978.19833169118
241159.22503594612
241319.25376259623
241348.3146394358
241524.42797598883
241633.94817556022
241673.74522912776
241687.13450819155
241796.19200310885
241981.4161009958
242027.46058109088
242073.39809655666
242321.52806213044
242389.14491642293
242408.48258372862
242469.4357913402
242626.52020501427
242747.0778479993
242970.4999706766
243066.63554687542
243124.35213792318
243192.60109400994
243266.66248785434
243421.34576003847
243649.18077908474
243908.32612470875
243909.73894070063
243943.98421581148
244017.1813083922
244061.64897727605
244152.635174128
244412.0588789644
244518.97832467806
244857.6932096738
245000.1570961619
245155.512157627
245171.21548761474
245214.39565904197
245397.523286886
245597.13282627088
245767.60375997965
245801.13287576998
246077.8343790291
246268.07585218962
246365.5407760708
246613.17757924253
246764.3284283539
246849.89329651018
247116.28173963923
247274.0494855244
247286.58922665264
247549.37685893677
247561.02959005744
247577.15197026767
247603.49554425513
247758.0667363011
247876.3918684167
248160.35537202997
248268.51400149768
248344.8170416736
248351.7203370488
248370.9501672175
248451.93202829766
248564.9776749577
248768.77726558415
249001.13124593731
249103.7339131452
249150.7692342878
249295.00460530614
249359.57552076565
249369.38795556937
249387.74839003413
249509.98732037106
249529.2777438205
249587.5803197016
249893.5104506258
249920.26803288245
250289.48825543185
250438.01281544892
250649.9037818225
250866.1856661272
250920.6575568759
250938.7107847171
250957.12140451744
250962.14459558594
251083.4868990091
251298.38676802546
251560.6549116523
251754.79938267963
252484.78936645554
252788.85176880803
252806.25263920485
252880.28117269263
253023.17847543547
253092.5977446177
253098.0935675869
253102.38772877352
253103.45236341673
253115.05468840775
253124.28637432435
253152.15789384837
253172.38998199464
253186.43487752066
253188.91077294148
253223.1646863715
253225.05339102063
253226.47590610606
253230.75632858314
253247.90892077435
253256.02237226575
253261.75304374908
253277.57128801683
253306.5392506142
253318.89206581237
253348.21656801153
253351.3985068329
253383.482223543
253412.5341408815
253420.0922351554
253435.98824272552
253451.71180638886
253496.4107949622
253503.02557402212
253511.97044867772
253516.38630177517
253533.8729168391
253556.37540847447
253592.0576114739
253601.88349962176
253612.98797869904
253615.06814600958
253624.3537577239
253625.81971123078
253634.33989949166
253655.23133595975
253655.26654497453
253691.0688993829
253726.98139738548
253727.6560885514
253738.4597379893
253833.59881838562
253833.70843537815
253864.01176849543
253869.4359711589
253879.11835721123
253908.1629151813
253917.3663837512
253969.1560471494
253972.4308429297
253972.78586939286
253972.84649066025
253988.52026414103
253999.49457469175
254010.59299379063
254022.300014065
254049.9151123129
254052.49650857394
254055.2365024325
254062.28136010113
254065.14195893204
254065.20833471126
254087.00108338252
254087.26965693256
254094.14907415863
254097.54421453492
254109.30626659078
254131.21771576424
254149.47847103787
254174.5815310824
254175.26556733967
254210.590999178
254224.05608364585
254269.70862696273
254273.17331885762
254335.63545719755
254337.5247565629
254346.84742136218
254387.26395115166
254412.81394093565
254413.89026974703
254419.95254979003
254441.88086300218
254443.19533016504
254452.63190181728
254477.81607609638
254498.75131246264
254521.65219799188
254554.75326139075
254565.19993032588
254579.07300798246
254603.53365878732
254630.3083841368
254642.74207102577
254679.96117426542
254682.1567494184
254684.72687192966
254697.78240174998
254703.2337763516
254715.17319625366
254721.7833445322
254944.95647866285
254982.66638447868
255027.9517742227
255033.42940221998
255160.4578879709
255245.1221212964
255345.90869337285
255512.09190710983
255520.32310009914
255845.4068873485
255927.5626354719
255946.49463095726
256233.09617910237
256295.17605646135
256352.95767624473
256496.65247481602
256576.46829267114
256594.79996302805
256698.9012510836
257055.3907529118
257349.8621778601
257354.28842341184
257496.25122386587
257609.3574031465
257620.73093717464
257654.6870703653
257808.52092916012
257826.4775801536
257888.5710915673
258007.40917166608
258725.5572677428
259121.2289717506
