20.309117296362047
28.34081237124087
35.47656322110048
52.05743438908218
56.5764540428797
106.41587961385756
144.49552249414003
161.32779803267593
230.53444711507444
335.47611320948323
385.3552788279345
398.46253368987436
515.340808659857
515.5283385401635
559.350538436846
562.0243721308823
563.5933283647524
599.485041964018
602.8882590439802
671.1262922941123
762.7108871448521
763.7435721694267
955.1428107889659
990.32117655093
1001.146633826527
1034.374521413536
1051.1365209819821
1089.5805958345593
1158.6790656702224
1194.0155453044551
1261.0339816341157
1279.9132284949364
1291.0044757864657
1406.3169951600205
1454.8190919378599
1535.3311794203605
1575.570809555522
1635.9947104190435
1689.089411470572
1758.8497834489444
1764.4750749414698
1772.3022242629359
1889.28468519905
1910.4230245651852
1953.387913954727
2012.164222232815
2022.3223064862339
2130.796870277917
2174.429300723849
2186.8276120902533
2192.0818661813346
2225.5991924244277
2266.568658179728
2375.014991759949
2414.587302970404
2448.1659470450563
2450.310911204656
2499.0933976839665
2513.669610383372
2545.908884094984
2558.860742256275
2560.6515789890714
2561.7243120177613
2669.4188406876733
2676.4414418190468
2683.829107761041
2708.0489909737457
2757.959412833541
2864.442987277178
2864.6196631519524
2897.168164275079
2899.0883451576997
2903.910909319423
2935.6966027787466
3087.5534026376126
3245.943744655703
3249.4268012204857
3305.5139598904325
3378.8847837728895
3421.7865997770446
3455.441267161414
3544.1714461221354
3662.3284701821644
3690.853101289025
3795.335304541045
3844.5905401040645
3918.700532904515
3955.4635857132644
4009.096289295903
4017.6442707751307
4107.559416333718
4117.481497896665
4132.841274115768
4160.7477617443255
4177.228825661765
4285.574046778376
4408.651691716797
4513.924958732628
4563.866120710346
4568.731745138843
4596.073313259999
4758.365433919645
4816.140637424916
4827.045745647375
4872.063927160249
4918.187228672655
5074.322454871368
5077.858647860882
5125.001028164799
5141.776409822867
5194.18587581975
5261.090278166201
5307.345513631669
5344.373181952183
5361.5441955102315
5406.263941303349
5414.289291741237
5427.279593680801
5439.932662362751
5454.5763043028355
5503.4864268767515
5613.235018175029
5659.392332673741
5686.39447147395
5719.856714690725
5740.51175944777
5862.937266262136
5902.750183914775
5919.68673901686
5971.051174902319
5977.197264083162
6053.31604042669
6155.208891314087
6185.7815444434755
6230.589283028311
6257.746245754862
6276.896278805318
6279.386346595844
6290.865614847976
6336.255530150066
6345.649745210478
6451.113304451179
6474.523918189925
6486.37563024918
6497.774253244558
6554.0774740558745
6600.796422127031
11338.517799440322
18295.846797863665
23015.439482223013
23665.57280139968
23732.04369200913
23984.563224764177
24195.9189461395
24825.880665488883
24951.233186501508
25860.87851270586
26284.238211617474
26540.77549058057
26552.25749537722
27104.948396301043
27105.609065678105
27471.305080032394
27912.985512863837
28285.9289552985
28647.873452883934
30555.408817965763
30559.726666423674
31227.660372284867
31783.697960958292
32036.20512147202
32400.099107259386
32467.74877294439
33137.727389504034
33731.80829241
33895.83410015059
33908.52988356754
34803.62792677611
35136.56331924975
36065.069723716944
36644.71846605812
36692.69120659052
36924.57262690224
37630.61016740051
39204.52870239612
39405.24364848074
40081.1586707511
40274.87420520163
40528.19934634419
41873.70283615745
42790.481826663934
42831.93271205638
42872.12417545227
43008.616326629424
43030.520599512674
43357.70693989479
43588.19051372026
43699.00951165989
43847.8552428422
44018.73344335956
44086.568941211604
44160.10897541332
44323.50698831628
44396.57568550323
44467.44600828621
44667.77823676915
44847.477292959295
44957.27314613775
45628.994980775824
46201.99234968742
46537.367626013154
46607.770244369356
46727.466402961036
47493.89404490109
48218.008294964995
49482.73592747794
50121.036218085115
50746.45583180766
51610.48047718974
51706.54869804977
51741.8652447282
52213.15239748973
52316.63643020806
52465.773973535586
52541.41548485331
55353.01540725659
58289.961246096296
58402.18202844319
58574.15639222432
59800.03008545405
60768.2301211491
60993.71901423282
61001.84654791759
61706.70094393167
63054.8160225893
64014.75946570513
64378.41903067991
65163.07205424386
66830.9861423305
67889.74901138815
70246.7709693518
70377.98730123643
70586.8697358111
70623.3951362296
70648.66448601968
70714.6301043891
70716.32108177694
70755.32362430742
70834.49642706684
70902.87249750727
71031.37424443223
71069.15989334004
71076.56789513829
71168.41932883354
71183.28572303489
71203.83853302868
71311.02527186244
71496.54500436054
71560.47445798956
71602.92862207767
71613.93692221529
71676.67928032904
71702.47596917015
71748.88598884537
71788.63824148513
71835.36284960719
71959.23302192918
72051.79092840866
72081.47209036587
72143.88808582663
72164.5844421602
72239.13209227788
72289.71724891139
72297.6733862133
72375.43275356617
72379.81323973116
72388.43073175958
72438.06491360674
72527.59616348997
72569.80313692248
72653.39262339105
72711.40910901874
72760.12268870143
72803.80393156875
72829.33880140535
72864.89879737138
72871.46358582056
72910.0310737274
73054.79769272289
73238.04425160852
73244.67957519736
73455.717902548
73486.45515942476
73487.96520922048
73569.44928956176
73669.40259119848
73725.46927574252
73798.97778555521
73929.93139087298
73933.29690412752
73936.47011704356
73942.89882300823
73944.30471673912
73945.47137058934
73945.97580739703
73946.96171234176
73953.23001653058
73956.48302563507
73957.30175447841
73967.3787841077
73979.15748394694
73989.628030515
73994.72170282996
74000.08484692358
74006.3289226808
74012.30216133539
74013.52147944958
74015.51351251363
74017.94702066452
74019.90288035414
74031.29599327716
74032.77869561981
74038.78113046811
74084.5327272375
74085.01200691404
74092.98416779745
74097.12401124624
74097.28908404819
74101.06800151234
74106.72298907727
74132.64520836448
74146.96983233711
74147.22075464412
74167.82555360753
74168.06711830458
74182.90233806324
74192.03657104656
74194.64699561497
74207.41219962864
74209.82177810457
74212.71236246034
74218.23211762564
74221.54731706857
74228.16809553311
74238.41093254733
74240.15074117192
74247.56509819938
74252.36539011626
74263.29875539876
74263.35059964735
74278.48334688778
74280.48887465398
74280.85225327662
74301.49359461665
74313.42050799527
74321.08010017811
74324.21183987371
74339.18064897959
74352.49873602725
74354.25246198302
74365.38623491462
74366.17180907572
74372.88315257717
74375.68139900343
74388.40290610516
74394.21308821253
74402.29775236383
74425.60016836156
74430.49697909316
74437.01588886957
74438.04288352537
74438.8095134658
74448.5511450742
74450.36811202063
74453.3026241339
74458.4876009604
74461.24451144719
74461.59053322549
74461.86500602914
74463.88714699098
74478.8169881855
74486.32873052279
74508.51503642359
74511.8899384605
74517.0970535656
74522.716365653
74522.9043430671
74526.84578720845
74534.4059579148
74536.28385389618
74547.29720757825
74558.64710095852
74560.84211701373
74562.11079707993
74571.14026926602
74571.79802857555
74576.86957057177
74583.63461220785
74599.85053495078
74599.86281156393
74604.04293326449
74604.72715756172
74606.83949770105
74616.0719254662
74616.57321508216
74635.19556047153
74638.66603349878
74652.14155303304
74663.54767942354
74663.96772435066
74674.29278606777
74683.48939975598
74686.12134081396
74687.38915362589
74717.01292522094
74717.34473311537
74723.77472959115
74738.53776351648
75030.28701737309
75043.9533841087
75487.27333595726
76162.70844598452
76343.83538830586
76688.62749363556
77530.28433465716
77698.58337605408
77872.63428357485
77999.90113517501
78010.39897811694
78077.58776011353
78563.93011237362
78694.85163998458
78695.35349073762
78699.40750274349
78700.82042345408
78705.88842722835
78729.62582389839
78731.48523479218
78734.77779532904
78741.62518636353
78745.48843047005
78748.10877301876
78762.07427311306
78762.20548818156
78765.29602189867
78778.78654803344
78787.31263715347
78800.46406763713
78807.73282282996
78821.44004704418
78837.4205985802
78838.4987270063
78866.0689412362
78869.50091088847
78870.61026648847
78870.9572783429
78893.63151568435
78902.91352133731
78905.36477879393
78941.36074603566
78945.34377981654
78958.41543708052
78985.7820036443
79009.30895620208
79039.81803093886
79041.05203985792
79047.44382709888
79048.11971950922
79050.24288257501
79052.26509742149
79054.70863494035
79074.13594721997
79081.9305075018
79088.60286427535
79098.43734525047
79137.47935577357
79151.86641570632
79170.91059204625
79197.63291186247
79205.10478538099
79213.79619037504
79228.91959483863
79234.70042694361
79239.95452560535
79241.16570937965
79245.46702235004
79255.30948939263
79266.23859136972
79281.60811329022
79283.59223370961
79283.96273311882
79296.5399105736
79307.88686480217
79317.42737756362
79320.03097744446
79323.46511596214
79327.39294678051
79327.69214151031
79340.5659370121
79343.16307555129
79348.88334817147
79371.54067804966
79401.28243997923
79421.21992977407
79426.51131103472
79434.30619798157
79438.42304334261
79476.09185828241
79482.76023205089
79491.0574557419
79492.95491673912
79498.87611399191
79503.96143290726
79511.30620480976
79518.60516669996
79535.70280334784
79539.37703904962
79539.64490392465
79551.5330752179
79554.37506322337
79555.94240809741
79558.96764511219
79561.59353117966
79567.53229766637
79581.19115642246
79587.76778626753
79605.19089614555
79610.00407159547
79616.05773537846
79628.77465873159
79638.09820887243
79653.50034425272
79653.6164368152
79654.31941619866
79664.33388915755
79668.95802744853
79672.63096913452
79673.3932333338
79678.69984979166
79680.31188182371
79689.88056202445
79702.97788997064
79708.13928094503
79708.4323318012
79710.66314891589
79717.95267073324
79732.4964257232
79733.23550238657
79735.96421971061
79736.70330247338
79743.76424243303
79757.69067507167
79761.03246644868
79768.14719255613
79768.79790395602
79770.13494153075
79770.76885662925
79796.09209429327
79813.64232664385
79822.08591695012
79822.74825147573
79841.34689881325
79860.39516828473
79863.57013328225
79866.66969212031
79873.19591102406
79878.39290141374
79880.38990298794
79883.82058508851
79886.03248487791
79886.56700235051
79895.62271962251
79904.1733897939
79912.57505350494
79915.44067114373
79928.84304138979
79932.24422379094
79932.86026614731
79949.85430040411
79950.80123784291
79953.38959897804
79956.5915596062
79962.3675472474
79971.26633818222
79974.40153818646
79975.62786331841
79977.57449364277
79980.04599146542
79995.7428361047
79997.71102047726
80013.45068018157
80040.96379767632
80043.98053407398
80049.03139390584
80050.69432530884
80055.36929352033
80070.3537414735
80072.09892958715
80086.17035105072
80103.19756073623
80142.45083311971
80144.41595903022
80153.54142799195
80197.86834070436
80214.35577387005
80215.40185289775
80221.5123060248
80222.49635108691
80227.4502736027
80229.26998634524
80232.67260613502
80236.92380632466
80258.22335026372
80263.3552156461
80307.72451585442
80313.42623021133
80333.99665281437
80338.13394258605
80339.1122018055
80342.80668268906
80350.37739356204
80354.12774426292
80355.46703126295
80359.86507977136
80362.78451092848
80373.59507401157
80381.17892485179
80386.00468950869
80397.64017468349
80397.72529064819
80409.56169393727
80420.02619263828
80426.45773225106
80431.37482278187
80435.20766523578
80447.26333135912
80458.25509625385
80474.61976163194
80486.17148676571
80496.86911076534
80497.65230204687
80498.92940746839
80509.57359635469
80528.56208289883
80529.03714489301
80558.3384755363
80585.14037478638
80590.61145369578
80593.3645354171
80601.4510724688
80610.75685904831
80614.8188582231
80615.23251937563
80628.23995309598
80629.23223535207
80640.61025275818
80657.36945992
80659.52942545508
80665.92421853672
80668.38053240349
80687.74245735726
80688.95663526995
80693.1099681819
80716.42313926519
80718.5135970618
80728.9073693937
80731.03593206976
80737.5082600404
80741.88172787835
80769.98268102609
80789.96935543856
80799.13962335665
80800.39491005664
80801.70944961085
80804.52864531617
80842.67538578411
80865.75851933048
80875.26322186428
80880.80674554966
80886.28371878488
80920.13683854032
80933.60402381726
80937.89795142812
80946.83987988689
80951.90322714367
80956.14516126976
80970.26098523194
80976.37743958029
80977.11298008516
80978.56820594342
80995.54190310248
80997.77068409583
81005.66390774632
81016.75768012175
81023.12054214392
81024.31402462516
81044.23175429023
81045.54661440245
81054.94130990053
81060.96346199884
81079.73490287673
81080.91987803362
81081.56139785358
81081.94735377571
81088.27625225463
81101.34774135365
81127.26871098926
81139.61636274423
81139.99489457952
81155.02387326049
81159.33679496475
81163.95701158844
81210.55696666897
81212.72525047275
81220.86633289554
81223.29952835919
81224.64017936743
81232.91398876127
81239.88685697905
81240.97948243472
81256.72339061029
81261.432077329
81270.63330899354
81298.68280500724
81305.31377971193
81314.92242090561
81320.06874542564
81334.5684684924
81341.13690570043
81357.89915288119
81358.76747812686
81386.62804438376
81392.51425758375
81393.16680049454
81399.8882197667
81407.12589774225
81409.56811774902
81410.20756846509
81412.27991981914
81425.21280954833
81429.48054813355
81430.0079209555
81431.30520359847
81456.08387214782
81457.48885639242
81470.66734395926
81473.14618503803
81479.18181091668
81493.50980644529
81504.37584485048
81505.4945651348
81528.47097029127
81543.75466608441
81583.15170826348
81584.74546539453
81595.71961467566
81599.79675972389
81602.36777645476
81604.68573342534
81617.87052465903
81636.00562531812
81642.46000002633
81646.75500104524
81651.28601089046
81654.52283159988
81663.7511330701
81667.0421655378
81685.36454800644
81687.48838135421
81727.7500822938
81728.06812035077
81742.91431812107
81744.3367035847
81764.33808073451
81773.3132719369
82177.52063577856
82223.64679207775
82295.734476862
82366.1749984714
82387.69263075467
82417.73542533361
82504.33439616453
82550.45957093478
82602.38254086727
82615.10161617537
82615.97614136992
82790.27850466369
82969.87114661293
83025.89343356046
83065.75310720704
83204.80216824322
83246.70401546927
83254.94795248944
83275.05277515418
83482.90747381824
83642.76106283691
83773.22240757172
83886.3155494988
83956.3484623083
83959.74112748614
84040.34195468001
84330.86461829915
84439.8587144293
84524.21914295857
84567.02651496361
84579.13632192534
84637.36154270277
84727.78221696279
84762.89101652072
84801.41389128564
84860.66158540669
85010.50057247333
85190.349737353
85207.15519110097
85255.11157472331
85342.42808328007
85383.84546181951
85443.12595875104
85455.95792814407
85481.6862772577
85500.31557670003
85503.15037096069
85515.72198440679
85609.59092561563
85726.01081342272
85758.28878366202
85827.05665859404
86008.57311049347
86085.30567692526
86096.49028262048
86203.79024221678
86299.00282158752
86323.05639501072
86327.2290397661
86387.71352102289
86419.93718869744
86459.37250233725
86477.26081034547
86515.74395568477
86521.98257407371
86525.68768858182
86527.643183341
86595.75395752
86598.5202363006
86608.90962558707
86633.72799955678
86653.89538888524
86702.27149736612
86748.33189580367
86848.99715132486
86851.9267140975
86916.605239527
87120.38188389066
87132.07022668731
87157.56824008739
87188.3846097242
87197.09367054618
87206.62892948165
87223.0886806327
87251.82244013404
87267.38900660396
87282.81981469852
87305.24116126163
87313.92520981461
87329.7106346717
87387.39372994006
87391.2198367769
87425.56980388524
87428.14988319749
87448.62758607784
87457.07867555697
87507.07115158299
87523.87877247448
87564.12053167124
87583.3402330936
87596.89676004727
87643.46678804589
87646.90608775223
87655.45401074269
87680.90649164954
87681.18090559599
87720.49112123145
87726.99980810503
87749.87718423714
87785.05873753892
87804.78330286937
87892.76220222961
87896.39810084659
87980.22606018874
87986.61580095682
88028.49037425597
88055.9646059663
88071.09659505618
88126.33899557391
88176.97839668237
88197.42847484609
88223.15052517186
88261.97826363074
88346.64768289766
88359.54585034438
88377.25754885847
88480.21596770464
88486.1385659157
88488.20924874453
88503.6696598253
88536.37562899127
88559.54266245701
88569.62101649895
88577.56889818612
88595.20464872509
88599.88635134436
88614.41417876758
88649.10096302949
88649.7896577707
88786.6292579719
88797.5279553937
88820.30336625669
88831.3833132506
88855.07103256867
88891.10938283465
88923.70759160035
88982.89459305523
89015.8651692433
89043.27065718557
89094.38857240316
89157.57101956315
89215.22112005918
89323.88886353471
89328.18987711422
89353.48193348138
89355.07368301522
89377.27789996241
89436.80533044072
89443.9889174212
89484.08685692407
89496.43021253929
89499.19002496131
89505.93909256237
89537.44158366807
89542.87863145437
89556.84068807104
89594.95830167162
89631.56963736008
89640.51417711948
89644.23592531108
89685.63781354573
89727.37665384362
89736.64316173109
89739.40546397491
89766.65711402014
89802.95089942864
89851.247443807
89866.69542928133
89890.78858876694
89936.38521003103
89952.30707404106
89997.85252305765
90016.79962496438
90077.28422835143
90102.27209552497
90145.84059756472
90147.37564821086
90171.88559629548
90237.17682511498
90242.60319543257
90245.91323467641
90294.34788468595
90357.60390263807
90423.76039699925
90430.68360030235
90496.283696009
90501.22020091848
90511.13097893287
90562.66061990162
90569.23797199129
90606.70203637234
90696.78568118377
90723.26986349637
90734.72689359367
90744.85928670937
90770.14217654226
90784.68667533141
90786.01334463558
90880.66958185719
90895.45576830632
90982.99466989034
91204.45818137948
91235.8935160453
91275.42774146318
91336.24731727934
91375.52621255133
91409.94803835012
91605.61581142653
91626.52149222893
91978.5747146358
91984.90411608246
92000.89901076884
92017.52074773087
92030.40387836992
92040.7286262471
92044.74144112578
92049.43407439497
92075.21895796171
92119.29920793927
92160.856172376
92357.6714872598
92372.28472889823
92387.5047546804
92417.04122012085
92476.86373389125
92507.7662919297
92514.37666530693
92601.75541558216
92607.6383415002
92688.95123125879
92785.33997015515
92859.10624503955
92900.16887064438
93040.36649803184
93046.02623675414
93051.5031495376
95168.40686453358
95881.76707435267
101353.82402244082
102763.23305444376
103490.8597699463
104238.17527008294
106331.32266675108
106478.88661553338
107935.27741774824
110520.95208628406
110978.90065493579
111359.19104697046
112156.54935965252
112177.3189478729
112336.98586680011
112385.56580212779
113048.18274001399
113865.65024851366
114052.42640082186
114963.35549933747
115097.93603932517
115154.47652608786
115408.9191260002
116458.09295633704
117015.07851010814
117028.06042643433
117313.90349881013
119257.70125151938
119979.15899573316
121049.42167383811
121512.26730310658
122374.11690242142
122558.91463303816
123222.7671630022
124584.83843587514
125136.50385298271
126299.81666825876
126765.91829834714
126943.7743445022
127130.76442489527
127208.5424898701
127306.4116339572
127901.96842652778
128316.5464008944
129092.01328857162
129131.69002242063
129634.13225368099
130159.9403314389
130199.13069530339
131064.49258217597
131254.500125554
131372.52368874487
131462.43513525563
131489.01115234013
131932.5735376637
132596.52962167744
132917.74289838862
133547.81974249418
133600.08371270192
133610.71533305687
133711.46957022304
134068.5966036244
134201.08722178458
135819.48789308622
136285.01041832112
136372.71061534458
136639.01404198917
137982.53253424127
138575.9806263801
138865.83591527047
140111.46408460964
140145.26208180015
142463.12584806807
143014.91283574875
144707.66036593786
145501.8053447632
146101.21096916203
146554.29383797955
146979.53350016222
147249.15728961478
149222.88861649498
149397.67675710248
150055.24968105572
150075.910595996
150973.052011772
152360.4338196281
152671.03151081293
155008.69843839458
156775.37153336275
156781.6116883164
156806.432529253
156988.0900632994
157047.2809254866
157052.66799176717
157117.0807153231
157152.6295108773
157153.07082786024
157163.07709650273
157170.7274618959
157242.87151790434
157342.93140948116
157419.7748507011
157461.15031046834
157493.35477709654
157528.89505530783
157585.5369576921
157732.49171783647
157866.1513800714
157879.58031571354
157896.51847421683
158222.45669612897
158298.64797749935
158378.26884600404
158388.073074357
158441.89653746365
158491.49798036978
158511.10940618953
158553.4182948958
158562.33091074994
158636.16103473207
158666.007874588
158677.15241139074
158702.15905890136
158838.90642945882
158875.8678406807
158926.86009543523
159059.89457616973
159101.70668705506
159152.17947558954
159183.32160147573
159202.89641425002
159337.85020924162
159493.51571656618
159523.76983472187
159599.51724624366
159701.65705366436
159753.06796374073
159813.72545591206
159831.52884824167
159919.93884818754
159989.26892339854
160024.08091902867
160030.18658341223
160177.8264866883
160274.52541394546
160309.37786775158
160327.36667076917
160331.37863425718
160331.38736070698
160341.17641324067
160347.6155125494
160353.28902565278
160379.28240955138
160386.61968764517
160396.03534527728
160408.79167923058
160416.53102123205
160419.11048311845
160420.27665041597
160422.34270439128
160425.68750459317
160444.73033461877
160446.17056778498
160450.69608394586
160455.89084145136
160460.95771381905
160462.4279285574
160463.25416675268
160475.9995900233
160487.21531909506
160487.76032499305
160490.91678586515
160492.3547156799
160496.99624422583
160498.3543767046
160513.1070046199
160524.9602039782
160525.3003688084
160526.97119009626
160546.4400681219
160547.68975341256
160558.8758236012
160562.52408077032
160568.89219241578
160581.28694818128
160585.20020339428
160598.9032857202
160603.63263602884
160606.3963437563
160610.3006490269
160613.68866701843
160614.58209488148
160628.761616252
160631.76309753262
160635.57787333397
160644.48246059532
160653.05560699932
160653.83110270338
160662.7215518845
160666.8704508518
160672.47960138862
160675.3375685233
160677.20633288292
160683.63435870834
160692.9963889197
160697.64503597506
160731.28774607164
160745.73340429433
160757.7707547947
160758.2562847958
160764.99312682787
160767.92413927673
160780.26857971027
160780.32804034438
160787.361183827
160789.45237521135
160791.89361477393
160792.52148353469
160796.02051086334
160800.9612644291
160807.35849778552
160815.85794061047
160822.49191729183
160829.53581857204
160843.74098312316
160845.99356154236
160846.02495697586
160849.30537900957
160856.55684601556
160857.06648073823
160859.266321238
160861.0835728079
160861.21258565696
160863.8213456315
160865.70458365328
160869.5930278047
160878.90828684653
160896.39223627298
160902.31974755035
160904.22657481235
160913.43836184923
160918.83971394988
160925.73522495956
160935.3526924047
160949.73761289357
160972.96897686826
160986.97219504084
160988.95164512162
160992.4079505908
161015.28210379707
161015.4128123104
161019.9815979442
161023.53640108727
161036.28501320042
161042.72254792985
161054.92226265828
161060.23274258483
161066.62974659994
161073.96697370688
161088.2450562226
161089.87235101356
161093.68235718028
161100.30258668234
161103.55433966417
161106.3555846446
161120.5690747755
161121.50334419988
161124.9300176564
161497.54697129366
161731.09250174553
162170.02073135454
162243.31121073378
162307.7685222308
162424.28396974856
162441.88352982074
162475.96096089244
162576.10640810532
163681.44945874356
163814.5172836904
163998.53111817478
164023.99227216927
164315.6990198986
164902.92596562803
164982.50709096203
165012.0035991856
165094.82028255332
165105.0136797995
165117.4414357206
165134.74622790466
165143.6110059807
165147.08239434368
165168.86605428014
165171.54378451977
165183.52516457418
165184.26431135938
165186.76428209472
165190.2549259895
165194.5903594903
165209.95717941524
165214.28502871605
165217.8628778726
165232.3292936071
165237.93751066795
165243.62625874818
165243.8712078287
165248.1194700244
165255.28622376185
165256.27687821095
165269.11488218798
165270.85446497955
165295.28568063842
165295.8442472309
165296.2684193366
165298.56832201223
165303.29938387094
165304.9385992082
165323.99575954158
165334.84836806054
165337.87766669597
165338.52191634942
165350.2265025872
165353.32234698767
165353.91684871307
165358.87822864606
165363.05425375985
165367.87770094495
165370.84923024842
165392.09294905316
165417.4683425896
165421.36809498823
165421.60944615657
165428.5224610318
165445.53192406247
165447.9472568544
165461.7617659024
165463.14386890194
165468.85345102882
165474.80968448825
165477.6382068377
165483.65100384038
165524.92249039703
165528.68251109438
165529.3261665624
165533.66207093647
165542.4012802338
165551.88438542944
165569.54438436026
165573.25896320026
165578.390188696
165623.98035976416
165629.7295412813
165649.2058141569
165650.1045300591
165661.9609632733
165663.04890730744
165680.7942880432
165686.23777980253
165689.2510671757
165694.85173389435
165708.9744816849
165712.85456714308
165728.6858127819
165774.74903412862
165799.71371609689
165817.27530320873
165818.2658630649
165827.66785417264
165831.63065954676
165848.8076115772
165857.82328704168
165858.89146958565
165866.41900703008
165869.33480333455
165870.28040376536
165875.15687846832
165879.82447073585
165893.18400386436
165900.14478651917
165902.47826022946
165903.86995570915
165909.36969746382
165914.6323598784
165930.40667204326
165948.37330116855
165953.78928267158
165991.01532809087
165991.0889086518
165997.6748319746
166005.1897075444
166032.1847268812
166032.67721803873
166044.36603629473
166055.92704200963
166066.92838123476
166101.53576122175
166105.98428508305
166106.55555276782
166111.3657774923
166120.0418602847
166124.75014510425
166139.18520976976
166155.61392788094
166163.7655277602
166167.11041307793
166170.95538870926
166171.3824424325
166173.6838706935
166198.97453761427
166206.62584387395
166225.72558726187
166229.40571786236
166245.56760890567
166255.29034588317
166258.61137864087
166299.66776300175
166320.82482675998
166349.5353507672
166352.9098220104
166411.54329710692
166418.50711955666
166433.35553921203
166442.89643040329
166460.2946138925
166474.10965438254
166497.23049841766
166501.17838496156
166501.48505316133
166505.66765557305
166513.7835276328
166535.44427898957
166538.5890954386
166541.93261652425
166549.19899498665
166559.88942742077
166564.72419381083
166580.57638484344
166617.2710535983
166642.1601282885
166658.0831840305
166658.6933217124
166663.10596617887
166663.12696143464
166673.84766398027
166685.42887360606
166718.7433157492
166719.20969585422
166742.74093008548
166749.61199958378
166759.64061779418
166765.77340168663
166784.05600042327
166793.0346610091
166797.69186159823
166803.1268110835
166809.70510643988
166814.26282137772
166820.2422212329
166821.49640030472
166827.1384876515
166838.4426777284
166851.68709927239
166863.72034847084
166864.1859593417
166873.13567121007
166875.65543906798
166877.61215933017
166912.56033684604
166924.76052958856
166946.33369981957
167007.18500400984
167019.25618671114
167033.54477764663
167044.25160744647
167049.22007906178
167055.139931068
167065.8103863224
167089.924135829
167104.52664092765
167138.79185084626
167144.4868669922
167163.1569942816
167170.04389888392
167178.96045192212
167192.43059996897
167193.78993560476
167196.84698845306
167230.54830366923
167237.20507433757
167243.1649507363
167261.34538398997
167290.9776079647
167291.75544057984
167293.675619968
167299.38242091605
167312.270185963
167342.05752999708
167359.1915049099
167383.08953443894
167387.25118672568
167411.14279546047
167443.8066340803
167450.51497397883
167451.076559641
167464.08431921754
167469.5577287771
167489.9343167211
167492.38268360915
167506.2550096428
167510.33035947793
167525.02763377648
167530.6931422734
167533.47043704387
167544.07964923722
167588.80243794268
167599.8531837552
167602.29435903934
167607.13652961046
167616.24555620638
167627.2452528029
167628.9336605065
167629.86844843772
167630.36984628733
167647.5300372344
167661.28877858174
167661.3695308565
167677.33388813914
167679.337611911
167690.23742212425
167692.77952601583
167712.21455356607
167722.93697125107
167726.5393265126
167743.83407205457
167748.70053989463
167768.65344556712
167780.07409847307
167789.6440622492
167811.40131278877
167813.91645306733
167823.62828789154
167860.65051201766
167872.8007793342
167879.71310236456
167892.58055579558
167900.2923899861
167901.47363987795
167912.6458273796
167916.94038015144
167922.4542343244
167928.21834912238
167930.89178856657
167953.03521008493
167957.26957561198
167976.3988929552
167979.8406658831
167993.68062480827
167995.7477699949
167997.15846254455
167998.6767657653
168000.0618627888
168012.68686588015
168013.9990149356
168015.6962790307
168047.7925393176
168049.65492686816
168077.021813636
168082.94250319627
168087.1190838094
168095.38529563136
168108.26348902573
168109.44516641076
168112.2984521871
168133.09620710724
168135.65923913283
168141.67070852255
168143.65374855237
168158.19662820845
168174.25713876245
168266.97201254714
168496.6518420761
168500.4238925923
168579.0437216558
168697.41694335185
168723.59689867418
168916.73023089254
169035.50824995784
169210.80242600682
169274.74163269397
169299.28674921795
169308.3078024334
169590.5060210629
169644.943392212
169655.8213736536
169755.69408988563
169826.98934252042
169985.6511941873
169990.57655502338
170071.2226817761
170120.16384044604
170226.70179824682
170231.56329446478
170585.1061732521
170628.77106976142
170653.3742458468
170751.56606284637
170813.34579675755
170826.52254421805
170832.96288828293
170891.25032257268
171029.8739088315
171243.09325817288
171317.5101917548
171407.8896728194
171420.12182394246
171517.44808933669
171595.75724086483
171607.4756923319
171617.00429078052
171650.7424082621
171772.4140819122
171778.71827513186
171926.7993886975
172010.4043626645
172021.67167783022
172061.66182900054
172111.80390039738
172117.29797519516
172148.4700211638
172187.92484707476
172189.68263357336
172212.2528204399
172239.75678186264
172268.7925101586
172275.17512083333
172278.91966892683
172300.46743966057
172328.01664507115
172374.2789493355
172414.19196949765
172426.0248549205
172469.70460376504
172514.5556241275
172570.4508855395
172596.7865584885
172657.89531877515
172704.9389368009
172729.89894247573
172818.75179186245
172823.2165068607
172830.2637792467
172848.31011772528
172859.34836055466
172866.1964576817
172888.19904630646
172893.35210817866
172899.93132775847
173047.06797384963
173090.63325073404
173106.19288060992
173162.3883636608
173240.23200234235
173438.09508920048
173440.44477341863
173469.50197944127
173498.43964484538
173514.8021586528
173581.55581596313
173634.835117213
173643.14237013468
173678.0682636962
173706.4735267491
173718.19883701007
173720.6047014389
173799.50598009114
173819.38670359
173877.76577829808
173893.4524168916
173906.617376528
173990.68996259174
174032.15999850142
174041.28973075587
174043.41142356858
174049.8757892651
174064.77557635543
174139.75965046504
174249.13976374356
174310.08277730396
174329.50557077528
174430.25173801064
174574.58099823885
174620.5559421566
174739.687308431
174757.04100020413
174775.49809918102
174796.88733584018
174841.52359568625
174863.59760235858
174895.9184367923
174949.55039101545
174969.37837603275
175040.795273878
175167.8542286855
175334.05379363752
175434.19754981107
175437.01021313074
175502.86741512959
175508.88853317892
175529.38161339285
175599.32388843095
175615.72949137326
175755.3538824755
175782.69037644324
175783.55045080246
175803.53569956688
175858.9028806146
175898.70564175997
175908.1928482117
175933.787448696
175949.81204467703
175961.54230872876
175964.90031651538
175983.47239124053
175990.52813160507
176008.0236898185
176008.306029779
176125.7018529015
176201.7665341161
176249.47069547817
176272.15433562882
176378.7604044929
176382.0425160127
176489.3908700209
176504.6753074817
176558.2827905269
176631.97036149947
176671.0410189659
176700.3179775667
176708.9956631585
176732.1122004024
176748.88264234882
176874.52131155
176930.20339200154
176951.586624211
176954.21300845811
176954.57763468553
177012.51091452484
177049.00170982044
177115.39718900222
177141.6106862656
177148.44037739505
177157.62336717107
177195.48914891467
177201.90558613098
177216.98801593122
177285.31660442677
177306.3043879684
177319.02827175456
177320.72472748798
177339.68093276967
177366.12656995992
177522.8433248272
177593.18287989643
177825.22692935308
177893.90163740667
177915.48193483247
177979.93376097747
178011.60232485802
178036.12266610848
178073.1086629593
178073.9349882938
178112.61831257123
178142.2796478833
178166.02041828708
178268.54443935768
178291.8611725226
178340.11210850163
178410.66029695355
178418.58875276282
178455.47275830462
178457.85503630305
178495.41610207874
178611.93795137305
178624.1347712891
178641.8800273278
178699.6047889966
178727.20373622692
178736.64864427497
178789.31240994134
178928.4935605904
178964.23666203325
178972.7156092313
178998.0422253495
179002.83636518783
179047.53973759903
179099.49132866217
179115.6561365301
179193.96106756237
179223.51225462783
179233.5379967402
179237.2673854542
179241.6135576519
179292.08278631826
179332.1810153333
179357.73550809422
179378.89293809142
180306.6427142905
182210.28126515847
187106.0894677781
195467.5188878554
195832.9396773663
196872.1849300214
197780.4642654625
197879.50782632636
198925.02983970632
199021.83315387694
199179.87337414577
199344.93392911967
199365.9391302523
199910.23831233775
201036.6811648295
201160.37924688813
202347.2162786844
202479.3026283727
202724.45008609814
202737.7770680928
202817.19410768364
202890.02112253167
203887.38292753263
203894.36630004435
204077.35275269687
204390.2392662177
204649.65503009353
205017.04064678485
205357.83521184188
207014.61002128353
207499.80962867825
207898.86115486803
209292.06167120356
209581.42078453006
209620.8747287643
209733.93780000007
209872.04956460936
210078.1828110483
210526.77194896436
210607.48742453294
211444.77167083276
212546.17009090158
213049.1401412586
213078.23179653424
213275.95271078646
213401.21901066258
213807.030085543
214367.9260226513
214370.36250415415
214385.80812584548
214997.36622317974
215543.71049296955
215619.2981611079
215829.94715477133
215936.22135090962
216846.32531859644
217143.6698596363
217255.24135307083
218152.03592441234
218211.22595588982
218821.85737295361
218912.43182218337
219118.11727244087
219330.57077966677
219539.7761269634
220364.4434340873
220907.05118472961
221009.8425170691
221137.7166070177
221344.67860460674
222551.1450006637
223141.25545487602
224222.44216055702
224394.98526110555
226295.95859666355
226716.5617572458
226875.68640824774
227296.16030224026
228074.8958472801
228798.7490931137
231167.8855491018
234247.18507880846
235637.39953286637
236412.3717677889
238238.19283927098
238579.08944683522
238631.90524761076
238737.5495841329
240271.94061209424
241050.4973840324
241677.1078107501
242316.26361999288
242429.05285788098
242949.39440855134
242963.5813770225
242983.21653745163
243271.3304213591
243286.2999784267
243290.02880168124
243306.2438779255
243426.8983864949
243443.0954431254
243508.6779216198
243518.74810951494
243632.1247160103
243706.68147948943
243799.5733485013
243836.5614499926
244080.15714472538
244134.60927457488
244138.05338877218
244176.76093488978
244210.56953452097
244225.22869988275
244259.11610815692
244263.0476437916
244282.32074391295
244284.0846220919
244304.25729047233
244425.44081546034
244485.4377351982
244508.2942144358
244641.70814924868
244665.50944599512
244701.7495717827
244748.0801573869
244788.48428805333
244802.74149529106
244868.83849202306
244877.98950814368
244903.97334617248
244927.67526709882
245094.23480315847
245102.80204081192
245107.42997300334
245252.24618469563
245545.4644211872
245547.4816542007
245561.75334750052
245574.31197063642
245656.04758030418
245721.90594400745
245860.68552499815
245869.81353776917
245892.19315929402
245943.01928970192
246036.79350866558
246045.64679965042
246168.25094345876
246197.18322642875
246544.69821599266
246579.61050535127
246717.46211096004
246717.53120614195
246721.23673866142
246732.00101477746
246749.32890258718
246755.53270240722
246759.3656737649
246764.8072381128
246774.3109715131
246778.2103042162
246785.9011768789
246790.3808402751
246793.18687648373
246800.9820265303
246805.5633549965
246805.70942344278
246814.26701587037
246824.55647885264
246827.2179377491
246827.49040490668
246829.8467785509
246851.75870870642
246883.4145661507
246906.5992565357
246911.05701715962
246916.57560642657
246916.59966190977
246932.32288874732
246935.22232196928
246947.22419549126
246947.44101404038
246954.86112607055
246971.29228177946
246974.28554506254
246980.8142840758
246981.44403863995
246990.4876610334
246993.67336286898
246994.53906812647
246999.24974514593
247001.50306510052
247009.68432883656
247017.15721912103
247018.72439108338
247026.72279221247
247028.03164799378
247034.89781133208
247043.00606020875
247064.182800956
247065.96051023673
247068.41209748443
247072.00601752425
247082.32731221203
247084.9454483292
247097.74426492868
247112.14692095277
247114.32690379152
247118.450274322
247133.74173050307
247135.32465404493
247135.7934539612
247152.36726636637
247165.5468481363
247166.2382981085
247166.85992758238
247171.41242758845
247184.84562792553
247196.76998494516
247204.62635321842
247206.49791538742
247219.8199447061
247220.19425064424
247225.18772312213
247228.42660348184
247232.33660082222
247240.10465894605
247280.80003531597
247286.7454097574
247289.51969366806
247289.61844451266
247298.36328976438
247301.45259057003
247303.30822758342
247313.20932640592
247315.1233469514
247325.656368787
247332.47945484778
247335.12082825464
247335.823289786
247338.99598336336
247347.07683361048
247361.84002525534
247370.73840472425
247388.92250955937
247410.61838700532
247411.24236886436
247420.55345977313
247433.56357190816
247434.25087765435
247437.76178873584
247442.0448094932
247460.80498852138
247474.54981522085
247478.59576958913
247493.32498839707
247494.9214181694
247499.35402459285
247500.95507698716
247508.67270024726
247514.39118920817
247514.49701474965
247520.23496786595
247522.80345586402
247524.06759455323
247884.70284536836
248380.46614294304
248681.18896270744
248746.25377848756
248869.5919759692
249332.8287100307
249453.7256033406
249733.80455940508
249836.07533796722
250287.669679126
250668.79686668506
250910.9055148508
251071.0305364973
251074.90741964075
251141.6764368415
251211.929357137
251269.1212356552
251334.76949335146
251354.3913406631
251496.1598447911
251498.62941360235
251507.6555680298
251507.9690949421
251511.33277460941
251514.56985690145
251518.06636151244
251525.27042779082
251526.74996950538
251537.3232517342
251537.7751746931
251539.83743353802
251541.83417502756
251550.36212837553
251557.3955626548
251602.86702534193
251613.43584765607
251617.84058447514
251618.21107552375
251620.2861310867
251636.07506902667
251666.83893981937
251668.71651970275
251674.14899692748
251682.70417098177
251683.60754112675
251684.78554593527
251688.95757142134
251691.14278178092
251705.11606932222
251706.00940493314
251707.57516789465
251715.42007782432
251719.6730506739
251734.98579329898
251737.2979761972
251754.23112473934
251755.783189505
251764.71194578332
251777.3678783194
251798.9747620892
251801.3222009524
251826.45552107727
251834.2802981535
251834.55778016424
251852.21165278478
251871.74359074756
251893.77040308213
251923.60795037472
251925.36921576556
251930.61835065158
251940.62779970106
251944.78532084665
251951.77993580155
251970.7287550535
251988.2304036973
251990.00916257367
251998.81744313973
252037.84627621493
252043.70029133858
252084.85634873813
252087.9904396932
252101.91223369224
252117.56391667738
252128.45443277986
252141.97025523693
252147.35684438975
252147.51672378706
252152.13987100043
252156.3530758293
252159.253955305
252177.38777896453
252178.60473495562
252178.87896351278
252184.65681879112
252196.1496657838
252225.62760921614
252245.1431951683
252250.66220689373
252251.80892768118
252263.72786904167
252268.78162330168
252274.43478474056
252293.79857280746
252304.6466941075
252326.60372614226
252327.9106735213
252344.5210563986
252351.97742881565
252386.8357984599
252397.94558388734
252398.45687310392
252399.96079363962
252401.99080208997
252401.99505025923
252421.11650527996
252426.77257917
252437.33607564587
252440.75978360063
252440.9685404222
252444.66760280906
252498.23719297766
252511.44008387663
252512.93941533868
252519.87129966606
252530.08568308596
252537.75388893927
252539.35483483475
252544.89836735924
252552.32935879705
252552.6324547052
252561.51969935745
252563.06031232106
252563.07968999463
252567.4516735297
252573.42647418586
252596.53081166354
252608.1042099985
252608.93069831032
252610.92103458894
252612.06518049535
252616.15440768082
252633.70205343037
252634.81161735044
252639.7747513496
252667.97923987595
252678.8857610927
252701.87001462915
252704.57822202586
252717.80491084492
252734.15766350157
252746.134514487
252779.88146874408
252783.67524945122
252802.92691940043
252804.67189394502
252805.43359958273
252809.01546018987
252816.85465347877
252847.11480639034
252858.82517536712
252865.6155482431
252866.44112926535
252881.33610085712
252893.88168200228
252895.02667120064
252895.34031958372
252913.99850750522
252922.71334213065
252923.24765809462
252925.19314149558
252938.89794279146
252952.44515457872
252967.19813504972
252967.55297942323
252981.47268038508
252982.61203615658
252984.24499678504
253002.57692712604
253002.98931358964
253005.2576601345
253005.49606278754
253013.85629837646
253018.23558426846
253026.88268677867
253039.45741445798
253040.26441478136
253055.29130024556
253057.56233917462
253076.62430291838
253103.93734537854
253106.78558531997
253115.30916255707
253117.1502511314
253169.83227857674
253174.5153702502
253179.87858835462
253185.94638383645
253194.6557127834
253195.84640764995
253197.98311312613
253200.24080703058
253205.4849430392
253207.31457430194
253209.1528467451
253219.24529612274
253222.83719588025
253252.4107848847
253254.61982963097
253258.27562853124
253265.98469859286
253299.4097667383
253307.58722802484
253312.92212830877
253331.37046321
253346.0571287174
253346.16703409987
253347.59425486095
253349.1390355889
253363.06643995905
253364.84990610828
253385.01624094514
253390.86362150114
253401.27910165756
253420.1146380895
253422.80347541405
253424.8020062518
253433.68664495554
253467.26367037074
253468.447545661
253474.14352986403
253478.37029288313
253489.78536953064
253495.55509197275
253510.2084462979
253510.25802317966
253514.02066492356
253518.7597598089
253520.71544392454
253521.9829386209
253534.642507829
253541.3961843531
253545.10544989276
253548.05289444182
253550.5999221434
253554.47621208982
253562.9313015926
253604.3755642883
253606.24602167608
253611.6982038315
253624.50536084356
253625.92212613206
253642.65855180117
253656.338728652
253665.62939564872
253668.82893891417
253675.47832805535
253679.09614027588
253689.039770308
253689.30470057647
253702.27105870948
253744.16011736187
253756.44537982138
253773.21258515347
253790.05331065343
253796.95575117096
253799.51911873464
253803.82705204963
253818.68538089754
253823.6433001154
253829.72968670347
253832.16325741168
253890.3618846185
253896.89224214456
253910.03783654125
253913.01643135515
253915.8480798052
253921.12005199687
253925.9682737954
253941.23087017587
253950.12582824405
253960.8157611698
253961.10497724082
253978.63179619084
253990.93478809056
254035.6626451402
254040.86027647305
254072.43923239206
254076.58441964292
254077.50438224577
254092.48049029207
254099.89774502424
254105.99376577296
254127.74252856098
254128.8162035327
254138.74004357454
254143.89452137816
254147.26271554016
254176.18826242772
254177.45661550807
254181.16655370087
254186.8825791779
254216.19940043357
254219.07953479822
254240.13146689138
254258.3297924641
254268.80359768798
254279.5583883726
254320.7332228336
254337.6108471204
254340.30469786277
254347.94624047686
254350.832986866
254351.53697198254
254364.78301071416
254365.36304889322
254370.63644382043
254380.05841857888
254417.25320464757
254422.89108068263
254425.77209785074
254435.48126902856
254447.08999666158
254465.9850268269
254480.5164113699
254481.60299430593
254483.6046233115
254507.48701255932
254541.2286585731
254542.0775022462
254554.91905810905
254557.07317795843
254566.9985029289
254568.24452612567
254573.48505032514
254574.1669919288
254575.22283287733
254809.71296668175
254852.69747834283
255016.37015888424
255033.0598252838
255163.59235167227
255343.09906259744
255579.114229487
255635.42503328406
255798.4130097434
255950.4686313253
255976.57723898796
255988.2522170303
256015.66548918214
256162.79748063383
256172.42462513066
256219.24730679003
256293.9889057395
256457.79537150468
256469.0419314559
256486.3331866614
256494.40567989164
256686.68899260618
256778.18351316848
256813.20155811153
257100.57996870694
257274.5143415281
257282.50571436773
257304.0089646253
257329.74967951147
257330.1185278808
257391.66398388095
257444.48775973648
257483.30787035817
257500.80354257094
257517.94904987334
257529.05846046202
257575.66109701578
257646.21120751736
257799.2272202925
257808.7806662202
257935.0423645014
257960.2636301634
258041.51277279475
258108.71602764714
258192.24460640116
258233.76050851983
258267.05106133892
258308.06369128017
258331.98728567036
258425.64615367877
258555.4157289212
258577.53537318634
258642.46549602726
258651.66906906472
258708.22683379264
258712.98085722054
258740.24723602674
258760.75403983914
258845.4953032807
258869.35172329546
258872.85688047187
258919.67599817718
258983.33927181206
258985.37486212543
258997.1073749832
259005.21085895435
259006.89369952425
259040.48128298338
259043.7700226211
259137.15766761632
259179.12979839998
259187.65135439293
