3899.545624041693
4185.3018482236375
5374.273471222871
6031.881952519745
10639.509769698065
10643.104667555295
10680.267983980932
10823.382956828626
10872.840419560991
10909.335457837504
10971.488170425366
11046.590103660845
11107.32918052004
11972.887473386963
12275.692240430673
12372.076897930561
12374.718218321066
12437.693709676314
12714.490087658636
12894.564764558627
13239.880674881177
13330.232021422515
13409.529673766163
13482.22887490495
13628.221183680154
13758.702612433766
13800.786501354352
13953.870338268285
14014.287629738206
14174.379945372344
14449.471983369545
14581.335002872618
14651.944075670399
14836.80821802474
14924.837839863343
14959.146853171416
15422.543954141718
15449.180026953121
15621.127112550357
15636.065207161535
15827.291263265863
15888.367703382939
15937.734615038524
16023.579385493631
16069.245037663162
16173.5979060192
16213.661170338006
16256.755171313058
16292.042950023464
16294.335650579338
16420.656909707108
16760.506087886417
16995.439905851068
17043.521779498595
17115.681044931014
17173.71100468658
17502.959168654084
17567.17512300277
17630.7922867569
18238.561268784066
18355.883360623935
18655.304471716277
18731.548193713137
18906.862737109215
18920.503313571815
18983.62758245956
18997.855238043066
19030.88231715686
19077.722353642017
19136.324840250472
19263.96076867211
19444.901317315536
19550.169864403746
19796.69155060206
19809.998758367037
19864.910113745
19906.7212907586
20049.76302464552
20057.75926978096
20294.022994190087
20299.520160630007
20386.559536210338
20446.818905464803
20466.39289207775
20509.345176069568
20543.851634522438
20625.18405442161
20629.040024721304
20644.205496696137
20769.32048453911
21049.196937373836
21336.97249924037
21360.059990179976
21470.679999711447
21630.26156363762
21738.817513541366
21774.39453726622
21857.422293028394
21937.278145594017
22063.204357571427
22180.297850588846
22361.089252219426
22503.715499353144
22595.161350816572
22834.35847544303
22918.55228907739
22979.563114064105
23094.177685619736
23106.93621535634
23115.155345112304
23243.13562265143
23251.36874138576
23465.263537796833
23544.927893638003
23777.107765859935
23942.12151731778
24205.392280435557
24249.926011699627
24577.027968587434
24660.694496024455
24782.952997692468
24851.064050675486
24920.76843808356
24976.127303909536
25082.751925801433
25146.652692228214
25256.585052613947
25418.535978461874
25605.782186733355
25799.075484242014
25893.842735716647
26059.685970167975
26504.48603721306
26548.398982604896
26582.818656295363
26588.4958140213
26933.142685331917
26966.882449190478
26984.380107097095
27121.4486779582
27230.234725746483
27290.575364529777
27405.587506154505
27618.402790340406
27789.976419415005
28040.645012530185
28128.253810076832
28316.21965874167
28346.81786652141
28399.83509401412
28489.954997706485
29670.79033044593
29686.287595402573
29689.1717025381
29690.7585782439
29699.070616234523
29711.801561587836
29719.229269708772
29727.810585302876
29744.308731990586
29746.120699103543
29756.83046211619
29786.843636052727
29793.693485088785
29806.85177132927
29808.21635872625
29815.695433367804
29823.367544511002
29824.96100867827
29825.0518709336
29829.89485872633
29835.2715621796
29843.5125198842
29856.809957487432
29865.10712995557
29868.080881676677
29874.477433560492
29887.149562811555
29900.428820238838
29924.593481503205
29944.557222167125
29947.709678935436
29967.460120566087
29967.858037303136
29979.39935862119
29987.228032146675
30014.699347168502
30016.749054320466
30021.327556210894
30030.8520052118
30048.940518932155
30073.210512230777
30080.586978063333
30084.79064843525
30084.97149109918
30089.725128640544
30111.31855745073
30128.02158369215
30165.527266689798
30171.30939363438
30186.015976941195
30194.274844467956
30212.76699518456
30219.98923936021
30229.689170307054
30233.780112815217
30237.17700657517
30244.819751298182
30267.387060427405
30288.486202227363
30334.783031279145
30344.341989873115
30348.6920461719
30358.46610498466
30359.741001344122
30367.068162357005
30388.28779020676
30393.648040011758
30416.767511963513
30427.836561700387
30437.091574097325
30446.227429191997
30448.35791116521
30461.63984608564
30468.650962714375
30468.67815680984
30477.00933374897
30533.9383246743
30544.79457064903
30545.75654512384
30546.907314735363
30547.476455452437
30557.77605621305
30573.780492000642
30578.98054927833
30580.215281319644
30586.257044274324
30595.86489623928
30600.534119312022
30620.478453694694
30639.699442159126
30646.444900810435
30648.72829171505
30650.936576830372
30661.116586944896
30663.8304343948
30679.712463536533
30686.31040915922
30689.66845293639
30695.661206931112
30704.460222564463
30707.91902565823
30729.312537415786
30731.784567229573
30735.523331899218
30757.641266729668
30781.380330807686
30783.169202634523
30787.02950218872
30793.70352782629
30800.5396440209
30804.929779509803
30846.175248960717
30862.76110028847
30864.021205624344
30865.874283298
30886.334274886933
30888.834877525154
30891.471111010203
30931.626916931553
30935.571287649047
30936.260667151324
30937.49606723905
30938.108428674088
30938.54246274972
30943.94902023525
30988.33701887704
31003.105545291317
31008.38830451559
31009.08099553974
31023.677166213023
31044.011240936645
31046.662598768104
31065.32866639404
31096.516776832104
31107.79711530577
31133.746561681877
31157.778871178085
31174.671216898907
31179.38084629341
31180.191261036918
31190.20281554169
31198.442698882172
31214.938122684023
31221.76729793732
31246.450147979223
31278.037920446084
31312.690897608594
31315.847313832182
31320.652503994497
31326.620825542486
31332.858003260306
31334.717234828768
31345.792659319864
31375.27344543564
31383.287732487704
31398.04334179838
31409.778128504942
31415.75034802059
31416.509305339347
31419.96688418799
31433.989830037117
31444.13533955341
31449.3392380936
31451.853401608547
31454.849635465987
31455.406324038948
31462.235690592377
31466.544326050953
31482.104584063713
31507.030774608822
31523.34271856696
31549.947558300784
31551.00918954577
31566.407791008645
31572.66289155065
31582.470388662747
31599.040728035427
31606.500043642343
31620.8279451584
31624.5586613902
31636.34818483282
31637.79222627397
31650.35434390875
31650.420406317335
31686.25655048679
31694.873101013985
31695.037204904344
31709.816642270736
31713.64059334009
31735.57539329127
31748.119752253227
31766.805101955684
31772.52236329375
31776.492723223386
31784.10032083564
31792.143857610703
31792.87547356853
31812.965334726607
31828.6094861731
31832.817973102385
31877.357108457833
31878.944120725057
31880.755919831015
31898.868311614613
31899.954274322412
31907.4830352756
31910.451613602905
31912.547798362626
31912.931849945388
31915.64503136083
31917.368761047594
31921.458813311365
31922.68337355622
31922.89515434198
31923.196265243492
31934.33177427326
31947.43882568646
31950.361682406718
31952.076767049686
31955.006568186396
31955.445034227407
31955.72461076811
31969.12282708392
31979.04733678519
31980.939315322576
31981.078379906143
31982.383476242918
31982.805885324746
31983.498887263664
31986.98925863366
31993.212193503306
31994.675548308147
32003.306385426044
32008.66217093966
32009.57057347392
32012.73505768296
32033.61077209243
32037.00717172846
32052.72682841296
32053.339831719888
32053.90083875904
32061.643405155733
32062.606371471757
32069.166448777763
32073.72952047076
32075.882306107378
32082.912686320964
32084.700071348583
32086.57519955425
32086.917385545752
32105.44626449503
32108.74465403729
32110.3125385351
32111.520210044506
32114.969717701784
32116.030479021065
32119.672523075897
32120.413729914475
32120.573824656123
32121.49815364195
32124.81504526461
32125.65758754534
32133.864048440122
32147.401230355357
32171.32765645237
32177.684800480474
32189.34153999263
32189.96208225026
32196.23698242214
32203.72123860395
32205.4087585362
32205.775169606673
32206.139122535093
32209.646773078435
32213.69482607863
32217.742025084535
32219.14145007983
32220.83327621357
32221.334606437405
32228.718628490486
32229.96751104135
32230.261433501226
32239.795047049964
32252.640313668522
32254.822125809776
32265.15732215734
32265.927576039983
32266.043062211837
32270.308040695236
32275.270943819196
32276.07348032862
32284.239837586752
32285.51354282551
32303.629029843905
32310.730922258805
32312.05987166992
32313.043682538013
32314.254209964212
32317.72927303227
32318.416182563407
32320.028789244905
32321.515369598383
32325.641881422034
32336.041436477008
32340.54449626349
32344.216352186246
32344.873423219724
32345.350129264614
32354.504917334474
32354.91349201584
32794.29739713508
33172.5524825135
34191.11514653693
34807.040667999965
34889.418513604345
35069.53225561698
35588.185884658174
35656.26650239175
36364.42338264973
36684.96552276009
36816.86922396668
36859.86474236738
38103.72563319951
38307.63790292912
38588.3369615076
38752.43653402012
40407.88214063356
41678.912949784266
41681.97659404815
41771.37595802472
42760.907235631916
43140.019625467576
43473.965639277536
44470.60347773316
44948.996800646455
44958.9554373479
45833.34606774159
46395.52160372846
47506.393680852474
49321.079698893656
50307.88784485855
55384.99525136237
55500.71581296838
55722.113720401285
55910.13589498839
56527.17936840239
56782.222351515076
57242.65172671171
57649.36854758516
57826.998394674905
58270.86900315006
58307.45059035722
58314.89592634185
58327.57565861667
58330.01535555259
58336.514189067515
58342.51820743322
58343.62321065265
58360.07520455913
58365.77336031261
58396.814229109936
58443.337238434935
58467.89508529115
58486.113851388254
58493.679101935646
58528.72663539358
58530.87264099064
58534.21061334025
58547.66861295148
58552.46094550679
58560.67765056676
58580.12302161078
58583.73657873313
58589.89517041884
58630.620953450656
58637.3712567199
58643.20545770269
58669.54791016653
58690.69013058644
58692.428540959896
58692.77055226952
58711.84451468046
58728.81719113978
58730.45560358543
58776.882783016685
58887.59338107728
58907.16780224029
58920.744060817786
58931.442246196886
59137.065021110495
59288.16119954109
59351.00686225089
59414.11865454533
59448.7247156866
59463.61515854603
59465.06262913615
59511.8970822756
59531.822251114216
59535.68635569618
59634.90608695429
59648.442008880666
59652.698203563865
59831.09600457848
60013.934868552045
60195.56069302517
60216.42356744405
60253.85663407384
60302.756935626036
60303.61130753278
60307.4310497474
60442.96490826662
60453.48051614801
60543.98979489685
60554.703334249214
60587.23797515384
60630.283957950734
60678.988953134496
60804.18539389372
60956.559356581616
60997.94635432377
61007.38041001695
61050.0434282538
61083.354046535766
61116.11986682953
61259.81920630749
61431.54929830804
61549.70816461492
61580.5203188487
61589.00224956737
61634.71736827143
61659.33269523396
61775.987665008724
61787.89660369045
62051.73539873702
62073.12156786367
62379.60965160009
62438.609782846244
62603.0300678522
62959.62129109994
63035.91750273289
63047.33274373049
63161.911890704214
63175.71504012879
63422.42515149711
63541.06189668484
63700.02992612745
63847.36088794557
63923.81066952633
63988.77552138065
64241.97534362721
64266.88730029718
64365.50688629388
64378.607893504566
64396.198616703005
64429.33640276431
64494.62192416013
64517.17419415111
64629.43447253051
64637.61982572893
64655.09525015542
64730.655399671305
64955.01351596497
64962.50128355078
65010.882409877726
65049.880486054884
65289.50224871781
65304.50304198336
65353.4470786251
65401.33716119263
65458.1029514633
65568.14290522783
65876.25535780872
66006.46869099942
66319.44633011412
66431.04067340067
66479.45631749865
66490.95765069831
66630.34395083734
66696.36090694179
66704.2343458878
66890.29425007841
66980.16706338234
67038.51022901229
67425.96091921371
67450.6399104153
67454.55748108253
67482.78401233444
67589.47967895117
67660.63778430193
67940.9573740421
67976.23157208327
68097.24020908275
68138.47239944157
68144.16477264973
68194.44081125828
68270.35671509373
68365.16243839235
68512.21933791474
68537.86929442802
68647.58450341331
68719.15945862794
68733.87553819544
68762.79584762115
68821.90180466174
68826.27807714157
68870.36098784278
68880.73701628676
69157.02616711333
69256.74456762613
69268.2489264877
69317.42855529024
69541.1384273977
69568.8150414115
69579.11256159918
69705.55613029226
69796.48275184915
69847.33639374023
70003.87772503986
70054.92595366616
70135.05949728657
70238.0805462444
70308.45127338675
70360.05755787862
70395.54503719123
70413.54926450338
70429.77342812072
70453.84862788935
70496.47166509462
70511.31088544097
70737.61315429832
70745.37579918471
70759.55155990242
71031.05988772844
71032.1093919465
71183.41342771467
71358.31414388477
71385.78159244603
71435.80663156745
71442.87754031348
71452.4575833851
71542.0257785297
71587.92837274847
71666.29246897034
71729.33987051195
71806.37221907375
71963.06159387779
71971.43814627695
71996.2644454612
72032.1407493009
72150.3885854952
72185.93326842385
72255.06752236058
72402.11352768922
72434.7725151731
72556.97477918243
72587.16294125278
72749.77351076144
72823.28078806057
72824.44761595181
72925.76725712366
72982.64048675969
72997.42905426462
73113.2574586882
73132.30310756907
73176.25129401205
73295.66907967809
73845.21928664132
73847.73278735267
74153.12601641727
74237.79312591227
74314.41990189775
74356.19771641232
74515.83330876971
74548.65271386244
74604.8893434571
74708.92640892445
74822.29760279987
74826.64421856267
74847.5333299993
74874.83301831779
74907.44053645991
74997.0257886114
75109.98933657515
75205.23336831533
75354.48739104262
75365.77376433724
75474.51252891406
75495.22769361103
75579.97850419146
75658.51158989487
75675.09353093962
75755.23332024839
75795.05712287233
75869.13924343805
76046.75378483353
76103.40376403587
76269.84339090838
76337.67061543184
76462.21005149638
76470.85670794692
76583.7456427039
76608.16155983934
76622.55815985594
76692.51536734717
76701.50748371506
76759.99481903898
76793.01197646267
76804.84535888341
77033.11690993357
77075.35199719906
77111.51326361838
77126.70372898618
77148.94669414753
77272.07214546698
77367.95272842377
77665.0670805805
77691.55574197057
77855.72986740318
77881.05101156849
77956.40341721213
77987.16556388914
78042.26329673103
78123.06003804159
78248.65636557702
78315.6907424948
78469.0436031614
78667.46133405494
78701.52690684958
78924.44991074705
78945.19449494174
79157.48649539442
79317.94813362697
79848.97693038825
79883.70620873317
79951.32434542
80070.47483353075
80145.74417739105
80264.68015640823
80541.40612930227
80822.95040592062
80910.93538964531
80920.57914775459
81043.51622217504
81133.65193110626
81200.90473819038
81213.63022701527
81310.39021619846
81316.93975648904
81399.38428496942
81434.2068405292
81446.80654044966
81497.85294722437
81544.1683268813
81576.60992561311
81617.92770310953
81796.29629619543
81803.71401432272
81804.08545100378
81949.0934337297
82056.2755604859
82202.9612021179
82238.70972416196
82243.48978329972
82261.46752820059
82470.6673367806
82550.9935708415
82581.23491411647
82645.74973034319
82738.82452692658
82742.10763103397
82774.87311806808
82868.41861866067
82925.84136198752
82972.24415720807
83011.16379167454
83074.09678516576
83184.75029912179
83424.54871500094
83433.80669428977
83463.37278241893
84066.7971768108
84175.10999677339
84217.31318995635
84305.45598373756
84413.65496613548
84533.1240223195
84536.14136902732
84919.401025609
84929.4881167066
84990.85714788717
85016.98112538262
85024.5529785441
85038.30417298956
85054.93266362108
85057.43294366618
85078.14127092753
85291.63802472205
86861.25503205937
87266.16863635177
88103.51301530392
89819.48268230229
90337.71225212222
90475.72095719438
90986.12770945064
94728.71913491061
95676.0501028082
95732.27830915408
97302.97678957025
97321.07707196775
97640.2106130201
98067.72663217982
98187.83646192943
98313.99923272674
98717.94381236874
98863.10279153992
99196.26853634372
99373.7361277634
99550.51634030632
99581.19111383798
99825.82580546958
100011.92590894598
100196.25886811699
100285.05394549143
100307.80795807781
100480.01241225359
100573.02184217222
100635.75309316385
100968.99332100493
101100.63880502808
101231.86486659064
101238.67697187047
101407.70681621067
101570.54744461925
101774.02845023546
102306.57187881813
102363.02856249573
102465.48050841148
102482.86367002946
102614.26221493445
102678.9072617128
102828.8403885435
102902.15508254744
103147.23075841158
103156.49254178643
103392.80973014224
103704.03285838541
103758.8903910754
103918.55924503009
104157.720722832
104343.67947797893
104492.48073829268
104665.1731258067
104744.33738013517
104750.28392063463
104928.87928121639
105333.66360644827
105367.89594649481
105422.53305063029
105468.52319477685
105733.98363858678
105800.86684236434
105810.98299034072
106065.83947774569
106540.70667740268
106648.00792590759
106781.73527509092
106925.85619888209
106938.15317158058
107205.33050116932
107298.11773942795
107694.90120895451
107718.10630741924
107968.35970748738
108220.09311666152
108316.93017437088
108323.18838445409
108397.03641023816
108566.4800595806
108625.60956943157
108651.13538728734
108723.99503499609
109043.97402161804
109295.59935956789
109355.23147154396
109522.79601231204
109757.44791576458
109842.64605697131
109856.79506220625
109928.69216824876
109929.55583612395
110342.34833327844
110431.2906595967
110451.88234982785
110934.5180935924
111011.09908807528
111028.09860497765
111265.19227986567
111535.65958462763
111701.65236175031
111909.06892068172
111960.33996975876
111968.48426599192
112084.13582153921
112248.90546210748
112532.7252743043
112644.697336174
113127.31683876715
113151.12999193749
113194.23456293566
113355.99165653234
113788.76026169439
113858.18575730405
114067.41849573699
114293.009467934
114358.14653596355
114478.12013379374
114637.56469158587
114646.79977140855
115118.87850548845
115639.70517400815
115880.35369645726
116082.63583023318
116084.03468359371
116093.43192016419
116139.49297503653
116140.48659715216
116155.50615927021
116161.5409206609
116175.01951366416
116180.5625474085
116184.30519024072
116188.7005969136
116189.73187361762
116214.32912324998
116227.70471468978
116241.6172344408
116245.32694830219
116249.20474322257
116274.0526238761
116281.49582645216
116282.80653182698
116284.16159736394
116300.50342062995
116301.51622461695
116301.84863468095
116319.09250558552
116321.39529515976
116338.52588000242
116372.29130430477
116373.80610827818
116380.29406627794
116391.50734413296
116415.2183710883
116426.76849811431
116451.23784631972
116454.88848271153
116455.44004504799
116464.2440576297
116468.37780945796
116477.87275564107
116478.67854636551
116479.39874381882
116485.95511791103
116494.30736565923
116494.4745390844
116509.0758707748
116523.10260407499
116525.36529264788
116538.82807350997
116538.8742222886
116551.54398178242
116554.0089937198
116561.09391777441
116565.63456678134
116567.60054984823
116583.42454554643
116585.53663395779
116590.7745449898
116601.93585062062
116611.31243245624
116625.55482180425
116627.87525817635
116636.2390551872
116642.22540111135
116661.18744562619
116662.00689571242
116703.13934107473
116726.26170300218
116742.58589785267
116758.71479123914
116783.30623246696
116783.44575481901
116789.8610740212
116801.87164501284
116802.86459530667
116851.32041521503
116852.22000739098
116876.85384635377
116881.11465023855
116891.32504094842
116894.75366154488
116916.8338492024
116921.7008074533
116926.53808361258
116950.06447330695
116954.33700736704
116983.85412890872
116985.66235388666
116993.06235129465
117025.82559256195
117032.37040073847
117059.1191598892
117083.13005283197
117091.97263028628
117093.58547193186
117097.43935376998
117105.81511668739
117140.36305260094
117141.77314336237
117151.8798221632
117153.08799726453
117160.94429776269
117163.37992853433
117202.63830705977
117222.89125519028
117227.81481924216
117236.32463225204
117250.5663015759
117255.16422135179
117274.27940675129
117289.80077956867
117301.55512278216
117317.57964334924
117319.67493152406
117323.53957571239
117346.09799119928
117357.33221334455
117364.59619814283
117384.93862882882
117406.87264333421
117431.54473991669
117501.36694860875
117523.13191332601
117526.85128522024
117539.53564645031
117547.99377447713
117559.89937037363
117567.16980511692
117581.1142941169
117581.99974691481
117582.64584826467
117589.99809246827
117591.87685947825
117630.85599138036
117633.77202120441
117664.45663685362
117665.06308568623
117672.21025138939
117673.63643491719
117682.14762553832
117686.07625239657
117699.45025758541
117703.89451654114
117716.54162861877
117722.94218439782
117726.760544641
117742.16184481014
117755.5980993473
117756.92189068999
117762.01219661166
117763.63440528109
117766.9282139729
117767.79718757456
117781.73330008797
117784.97308719202
117792.78093413408
117795.6082022682
117802.18700938986
117810.73895618581
117818.78169432809
117822.3314024826
117828.57224081602
117851.46040395345
117851.53781325894
117856.5028854106
117858.16257718757
117871.75556307253
117879.29367771544
117898.83540358952
117909.38915920698
117910.60246985032
117910.78540807063
117911.2974489317
117935.34610397587
117942.93751697332
117944.97650528667
117948.79221048662
117999.97046688395
118034.16011691086
118037.34777053533
118039.40262606373
118042.50786982644
118044.21778477635
118047.19826987057
118064.12632050748
118102.88859832936
118116.59714949451
118124.10089203261
118141.79351837086
118165.44747578581
118180.2402982148
118180.7965441529
118181.42484595688
118182.80630285668
118183.23190700967
118214.08059327272
118221.51841895214
118233.2783984869
118239.58226944381
118242.31599409263
118252.15987977234
118256.95430923211
118276.76724563127
118292.25411520744
118294.78244429457
118295.35560971253
118297.42296994584
118298.96021238671
118299.8458196132
118312.33514322698
118315.44974951781
118316.23212969559
118331.74580427134
118336.46174797052
118342.72387425038
118346.71385700894
118347.08432266061
118347.53160344361
118348.96313706913
118353.34181796771
118354.66020390685
118358.1392402946
118358.84566966703
118366.36226949234
118367.69683124611
118367.75340857965
118372.54943386934
118376.80371610401
118386.33005659019
118386.38531942084
118390.89240875954
118391.39125618257
118391.75753967368
118391.90382936063
118394.47237272529
118397.7541715453
118401.13380697422
118403.02545062665
118406.27945696928
118406.86011891854
118407.5010662701
118411.61818722462
118432.82186035906
118441.82897955274
118449.24969089302
118451.83581072795
118452.7735786783
118459.03661488656
118463.89337145611
118463.95064360794
118465.78468396391
118466.83926659406
118468.79999978139
118472.32153859358
118475.52599922431
118477.05440051992
118481.03999703705
118481.50862499687
118481.64217514356
118490.33064397081
118493.6600832121
118497.7445815545
118498.41568768019
118499.00962662516
118506.51156905323
118516.63234535755
118518.62782671416
118525.34179764274
118526.05267140476
118531.53593850577
118531.85763824523
118539.48864527894
118549.16509568534
118561.6078374935
118565.85131327764
118569.07561649177
118572.98392071467
118578.449826503
118582.15062283928
118588.56309358902
118589.61727310433
118606.00786796601
118606.20877387114
118607.15492886447
118613.1756077212
118626.92048953108
118633.61309010045
118635.53992708321
118649.00668413132
118651.52967447351
118662.99778184203
118671.43854051612
118673.16822553478
118675.8020318737
118677.85634926021
118679.3090086348
118682.73079918257
118685.683291625
118691.28723180389
118692.84686181747
118694.09119186239
118698.29091201835
118698.73419480618
118703.78990149254
118709.67185446173
118724.72645036587
118733.99699483672
118736.6861308858
118740.91630207928
118745.49279234096
118750.49723657101
118750.99311911472
118754.73963216746
118967.67933673646
119142.01208040786
119407.86063514877
119670.90209256677
120029.34906762115
120468.63676358428
120757.29487083899
121340.67527203428
121735.31232134739
121771.67497444249
122249.04791314102
123383.91167033641
123492.20682285022
123943.08656530063
124566.51008010181
124891.57888067837
125675.27683131018
125681.20888736815
126093.59830918277
128433.87126351574
128815.47902094093
129303.76123423441
129453.76176281471
129965.58256243798
130923.2310330261
131360.02931451693
131592.19195557866
131786.5819719929
132343.58354876848
132626.25613886048
133631.9190639082
135201.2014969868
139373.05356235476
141333.17896414097
141548.99066863256
141733.02831184235
141878.4750282191
141881.45022034977
142315.97985465341
142794.1973901554
142968.14963718824
143213.93092317687
144304.20732126472
144685.15792511578
144698.47283357556
144705.13407917187
144730.60718709274
144737.15490779208
144763.90052348335
144769.08313888486
144786.2022234252
144802.190624432
144804.26464334416
144830.00676013652
144863.96573557964
144898.30270534637
144902.62793807767
144970.87610521814
144984.0288657725
145001.76027810381
145003.8981318309
145031.77150270922
145036.97619127258
145066.47211183605
145107.40790146188
145125.4049489621
145127.84709994827
145130.36910143387
145181.90248241663
145227.58448499264
145239.9884092875
145240.17688909205
145245.40118824109
145271.18276094558
145301.42436776488
145317.4297104228
145352.23710115586
145442.34326101537
145483.33441379256
145567.63151011913
145641.5241331079
145643.9046955568
145664.86108268693
145750.5262914131
145858.42995930678
145895.71960589275
145957.62055903373
145973.06528837606
145990.52432644105
146008.10033569083
146113.13080143114
146206.86800325685
146313.96334184613
146623.8600512527
146675.41470967283
146687.28864400912
146707.48194240336
146772.76021739378
146795.907829901
146908.29362660722
147108.06095707964
147128.87776938852
147216.89582083782
147382.4616462675
147392.81946225808
147431.5024645743
147527.4529004568
147669.03629488556
147765.2308855836
147773.80401614003
147828.61539998255
147910.38504317094
147954.94186590315
148091.23825154587
148173.40290675947
148249.95731372072
148283.21940068033
148543.03925961757
148614.79928762335
148735.9056395602
148779.58015270473
148829.21797471895
148845.56707238022
148920.69025437598
148997.69777154515
149251.6148937157
149360.9296401458
149394.11441701226
149402.58172137686
149463.98156236138
149513.9496141869
149544.6102545823
149631.39012427232
149666.86526494176
149863.13273720647
149957.15488468562
150109.83990853437
150259.80080700896
150285.20981828563
150294.49857986835
150310.69335600006
150447.5672470939
150455.46835126652
150495.4610935407
150497.54331532097
150512.15474982015
150875.86811083893
150926.78940921882
151025.31823033985
151155.54785200715
151168.69488941028
151173.54915002786
151249.30644861577
151472.60134354804
151671.75583522383
151695.51968004226
151697.5861471341
151887.33939483284
151953.91169928075
152024.76372206878
152034.0653684671
152179.85119223333
152318.716120644
152334.67697436432
152335.8788747578
152408.75192916158
152410.94580815162
152416.3162938315
152417.90741899452
152475.91102375233
152582.04402082606
152749.50230775966
152843.2899400054
152882.24785282856
153048.7125302308
153052.35268693906
153304.05980806868
153305.0492830731
153380.09679969613
153433.21639530806
153607.94149977565
153627.56697001943
153628.3885172289
153671.3737612354
153769.59727830466
153980.17011809
154026.7074533925
154075.06949526747
154107.9656643137
154111.9159196908
154340.71456220403
154948.4422153373
154953.99093742616
154971.88599823945
155018.0736020364
155054.59316737906
155199.24696329032
155211.9363494282
155225.8974744575
155278.54379618188
155404.44347554812
155432.6601996614
155622.31868318754
155647.22970798286
155669.35658776257
155824.73893562582
156130.27783779087
156321.7245304818
156326.65221703012
156351.77955639063
156484.4112285918
156524.74582722457
156581.9895765686
156689.42024630128
156771.23189781042
156783.73541095987
156818.77081500686
156908.25601586897
157068.64045472068
157130.44324459974
157215.8665145095
157218.87726702995
157397.27435214148
157438.60826609022
157462.01512366752
157610.01411240007
157646.9674833952
157657.37562241353
157843.5834559081
157978.6938722371
157997.10994882334
158014.63098499924
158201.67100071136
158227.46496302617
158278.26889023907
158463.5442006287
158608.26480661205
158681.69424558082
158706.03245080542
158733.51299181883
158840.47567369445
158876.96015977382
158936.7554829567
158989.71912474674
159036.59255820522
159063.7071188912
159110.60941308382
159210.29660622863
159240.59865734528
159317.33993516729
159355.68692063968
159393.77924994967
159397.13030723133
159404.197419813
159405.82795527598
159437.09419929527
159481.9004149164
159508.61404323144
159574.2903189535
159978.83629099725
160061.85053852666
160087.1500741276
160094.6803621058
160232.7114866727
160337.0299013347
160790.6212468525
160812.31940403295
160925.9824734631
161008.41727873057
161069.27743122724
161186.07232371473
161228.5715655181
161385.38055288617
161480.40218924562
161503.31861120678
161594.60959566955
161596.2908885202
161606.18095944877
161726.43586459753
161756.44051453698
161757.50802606513
161793.11306122952
161853.5979565996
161880.18976414122
161925.63354515485
161979.48704926524
162197.130375374
162274.79686793516
162312.84098181367
162382.93777521251
162537.1565628668
162594.60798658937
162613.1322178656
162635.25862684584
162703.9198627114
162712.1310152038
162724.38508632162
162796.03079539118
162994.22242377573
163006.9895373127
163029.40090483078
163067.21910323502
163069.36025367884
163162.97817099624
163167.04954573943
163184.34042153275
163198.84781994368
163216.1400521805
163233.58631334768
163299.81608137127
163343.84114518893
163462.6360681046
163905.11985108085
164090.25568196818
164116.28067791596
164222.69547305373
164246.54307704896
164369.0565316687
164374.09907187024
164508.77853105633
164516.32314335345
164605.2031512966
164606.56619338403
164641.25471017137
164748.34860257065
164787.90152460535
164860.1930620548
164892.27210240546
164967.66431128868
164975.65636226902
164991.61346372124
165032.4423848733
165090.22372920488
165125.62105350976
165241.39906062072
165315.39875397243
165411.97496246768
165631.19874349452
165667.33854454473
165684.4103804677
165716.11178470252
165735.11888153502
165745.89169452805
165853.84803914954
166012.80697188925
166036.73096403948
166065.29839047734
166126.65157220772
166171.83935961398
166210.28782845775
166238.46829660807
166349.44127797784
166359.2951206932
166384.93643010402
166459.575637899
166500.6709603787
166570.87277570507
166596.8467664011
166667.21845816623
166678.73124830035
166936.02059545828
167084.2222254875
167102.96791559167
167130.88714653134
167144.5535810219
167228.18648968838
167238.11808220335
167281.69129209954
167326.57870264648
167460.90012256434
167588.04074772674
167632.77360268985
167721.22132307888
167802.33618379524
167958.4764287016
167989.48963905976
167998.87492689549
168007.52435020125
168072.76786819566
168199.57195223012
168265.26631130878
168321.63560504036
168388.46809931402
168478.2660400708
168478.39748837825
168617.5736511481
168663.71115790316
168713.1132569966
168741.0415222723
169084.66188729816
169132.6466078064
169206.24625168904
169212.01047799698
169369.42721367982
169403.89321297168
169483.9378325413
169594.93617915545
169612.35552756244
169799.61493317244
170040.15464225435
170204.31535657312
170271.95154997928
170387.2978168922
170719.163418829
171081.46930943808
171100.64247410354
171117.85388936615
171252.10126404118
171292.9297145115
171369.55842760316
171488.99779999233
173506.8680121824
174146.5077275489
174780.75372310943
175658.59590120037
175738.10541146906
176952.00998182787
177441.01234767656
178429.04499082282
179291.35255478497
180199.7137701555
180947.0052667609
181842.25285447933
182218.5843519508
182694.7229508802
182934.1790180268
183411.9813412419
183583.98593151118
183632.90203920004
183785.13901956097
183921.58575626693
184115.0918941945
184237.6454414238
184328.4273819103
184423.51036811937
184441.66806722133
184499.1798243546
184586.18566794717
184633.73266595945
184895.24990364668
185082.737604775
185286.23804463385
185729.9070661315
185945.57612679707
186207.9672561805
186451.00885224284
186749.9388928994
186764.7145718629
186868.02889442953
187001.7400336574
187375.69369095672
187400.502951615
187832.77360209712
187836.77464198053
187863.45643768297
188244.85483833525
188348.27196275257
188987.62185379106
189462.5832021529
190133.47981706177
190597.92725928046
190875.13256709886
191101.84507119385
191791.83245591092
191976.65889920766
191999.53424126864
192154.37232875192
192224.57438250512
192343.33458707444
192358.45313778994
192497.40462702178
193154.8243351783
193320.46569549813
193605.92700528915
193608.27747193622
193818.5646422824
193822.50639760948
193978.46481881756
193999.96370235385
194066.6934210344
194125.10321797084
194353.5536243712
194429.7989199224
194439.09597430174
194440.81494213
194488.7562091511
195138.85884486485
195278.13089569175
195335.9427162501
195564.91804134948
195655.7282723275
195801.72080457205
195843.96098468298
195956.37501949852
196018.45497343218
196463.4377468023
196582.2980226777
196750.7514675224
196929.95306806944
196979.79857930235
197201.37832802505
197379.84741553146
197839.06106484964
198376.21702393063
198909.69452673118
199322.52804167863
199603.48913328917
199674.0096928325
199761.3741341294
199913.95351059196
199925.2763859883
200040.29827152417
200112.0857505386
200315.901859227
200418.39035895924
200667.9133067425
201073.18185986983
201134.94765632442
201200.3153169055
201436.13763522418
201675.24847801664
202476.01515697452
202495.57198412117
202516.72186020884
202521.29843927803
202522.04842364235
202530.74736604866
202562.47032526706
202566.51717855685
202568.53855957463
202570.54418986017
202583.39273809336
202651.3333614015
202660.4101347161
202660.87432994074
202661.34934200096
202676.24788955628
202677.45915871763
202678.70145077133
202680.06577290603
202689.95984371266
202694.8713468233
202700.84204422345
202705.92449192112
202717.1414014327
202736.1489477541
202757.99495847587
202770.87939883617
202780.1714580736
202793.1414565906
202802.79036208504
202806.06672412253
202807.27490750648
202809.31538319238
202811.61468721944
202827.99719433478
202828.58681648847
202830.8807528294
202836.74420774303
202852.67864003178
202858.45621798723
202872.4465419962
202881.61590340268
202891.76495965128
202908.2461718104
202909.79374687292
202922.76802484423
202955.05831995994
202967.22163115602
202986.17593989638
202989.19958056783
203006.8168571733
203019.24561878789
203030.5486577911
203044.64814819302
203047.61306134137
203053.74831580103
203059.21077220739
203068.03851383534
203068.42241155455
203076.84235305045
203116.6801925956
203117.85887153263
203120.14421684307
203121.334503144
203122.60848471668
203130.04348815788
203133.0763371365
203158.0040545506
203191.37986822447
203202.0109165596
203240.41782750725
203253.155383388
203262.4044011263
203264.1246065746
203267.99687051924
203276.26364006198
203278.01049574913
203281.40560164282
203294.16347195613
203313.58859866555
203317.5877861814
203341.41778876277
203343.78618808213
203347.34457304754
203347.97335199398
203368.5877926885
203383.79379670552
203388.1024935398
203400.34692622133
203433.1270776246
203433.33741716234
203436.58571607157
203437.94509052657
203445.1840463216
203464.75497933468
203470.2318568989
203494.51927697283
203516.83882238215
203522.46265910726
203543.95789886554
203552.09540735465
203552.33242504313
203554.0535734617
203581.36997005012
203583.49934842862
203588.30182119238
203601.7154551112
203603.18246677762
203635.19584179964
203654.1097267049
203673.85914989078
203683.80004809372
203698.48040773015
203698.86199422943
203710.06027376684
203711.00187100563
203715.07855614676
203716.26234471955
203729.2377610647
203731.73318713103
203736.8652928884
203753.28540315566
203768.0240965985
203782.9853687403
203816.12371894828
203820.72810859952
203822.01920657547
203829.2513049815
203842.24966559536
203843.13693366345
203847.16183601788
203860.003045311
203874.3421429669
203875.81587519482
203906.7591140088
203919.01425271592
203921.49654761527
203927.7588717182
203938.18922688672
203956.46676555576
203962.16234183125
203963.3426198077
203976.77502048993
203978.9024513025
203994.32877016554
204000.1014225179
204005.2330451895
204056.0706430379
204102.03611538242
204104.9857967993
204121.50601952765
204126.23851623398
204126.51383673178
204153.9856547738
204176.0386467969
204182.47491401786
204196.31027149915
204200.7593588258
204206.57567690246
204221.26070942974
204238.9557776361
204259.06233326046
204265.78360166313
204269.32442669594
204269.76918772908
204297.11483745868
204308.56900376506
204311.20172769926
204346.4317389334
204380.6695902358
204401.99661744855
204415.0605887753
204428.4243747006
204436.6987116152
204437.12816875754
204459.32023528148
204464.63000246423
204470.7475074237
204474.7754918844
204479.30176839605
204485.09803656823
204496.0025851032
204500.76006550324
204532.406426077
204534.31961380586
204544.0890548468
204564.7665094408
204565.2768147288
204565.87994747702
204575.53634155635
204578.36255646814
204593.3482607365
204609.5433657167
204624.42402450336
204641.7788581293
204657.00692237917
204658.24077961352
204694.58809774887
204704.7895781299
204705.86610444268
204709.68523928968
204722.2993724719
204722.7123888097
204729.23441701176
204730.06212288974
204730.81600140064
204735.7321245184
204741.38094725754
204742.53121513745
204749.03889556046
204750.78634939736
204764.8133199813
204775.0685755567
204785.07140064103
204789.33571282186
204793.48064380276
204811.60457603642
204812.02247286635
204820.21250829168
204831.5537487603
204834.7088038253
204838.34200718126
204839.54149224804
204843.1771550773
204848.62962479016
204849.65946291876
204860.5280444002
204865.86910832277
204873.8370038759
204875.55213153173
204881.43759740354
204893.74973603548
204899.78639144212
204901.42231491642
204907.22407690974
204910.37080103712
204911.6011607163
204914.8570866873
204932.35359627812
204933.14314239268
204933.74252386272
204935.39004840387
204935.84041155022
204936.22885115485
204939.79203750507
204946.31786259328
204949.47139889095
204950.95649292122
204957.7360786606
204960.21270001246
204970.19815134013
204971.60936588168
204976.17714734285
204982.91987359614
204984.22203623818
204986.49587737516
204987.34449123367
204988.18296379212
204988.23594895704
204988.64988423436
204990.47980111864
204997.5326279186
204997.96654898705
205002.97389353043
205013.31365667397
205023.8501097014
205027.27569213187
205038.48773568394
205039.4593884546
205042.49796752117
205044.36488151323
205049.36520157586
205049.98757017852
205056.64819127775
205070.23369793128
205074.871904124
205075.727584278
205078.54403056815
205081.67987727083
205084.06037956456
205085.8314670513
205087.01008412422
205095.60747949488
205107.56721480406
205108.75686137128
205109.64287779428
205110.5709925245
205112.15613000345
205205.46484762378
206037.15881975758
208158.25745735332
208624.74025615474
209258.27585986213
210071.319377534
211342.4318939494
212197.0850035563
212515.46385518654
214032.57273255696
214462.7304353152
215466.20244029397
215562.96656078578
216373.27488548862
216518.63446833473
216687.9148208049
216903.48399410045
217721.09854509743
218289.29129966698
218492.19164308324
219124.95773481345
222266.4041456491
225102.27399072392
228673.41657208186
228684.9828084438
229234.71966293192
229905.8276640632
230673.42747173857
230725.3286937437
230745.02914839747
230832.68271562154
231073.4945287652
231088.02454149985
231098.48255726945
231106.57627039985
231113.07260188757
231148.13504972792
231155.2998828648
231155.9204190321
231164.71017028467
231190.72563195112
231193.31495905088
231230.15118961965
231230.63074732118
231273.683201522
231291.05883073123
231322.1364079768
231330.50978992053
231338.2977780959
231348.04513367268
231352.45745331235
231397.0864911967
231456.72260885555
231464.1605073327
231519.73237931434
231541.4535423378
231544.7310588348
231551.4854454575
231836.79147551334
231914.31897274003
231929.12249292567
231945.8279995299
231961.23462561317
232036.5023117662
232277.4227352045
232369.68027852755
232399.16668269093
232407.18651083868
232483.2049797672
232490.34800405588
232563.61127062037
232734.66962001083
232767.81162996788
232882.6150490476
232910.07540365128
232951.94649428336
233116.64933052682
233127.08956470678
233279.41228509598
233397.5391541726
233461.43631275528
233466.45014170386
233508.8976744468
233778.10322558298
233895.64884319872
233993.00139305906
234020.16053561866
234171.93680739557
234207.7463431545
234376.25948497298
234379.40483450456
234447.77001242933
234475.02009582467
234559.9415783481
234565.96091759473
234587.56969695227
234612.11530711578
234758.29629709746
234983.44796560527
235206.0691611764
235247.57423492568
235347.5656255178
235399.43938931165
235591.05634192048
235592.47996759543
235717.05202024488
235827.73575131045
236013.11650242674
236052.79157239894
236214.44885804548
236220.07025929817
236406.4259105439
236425.70784781093
236476.34282672938
236486.5856210438
236499.1474913196
236541.46033285497
236593.91225561447
236614.5146425887
236690.08311136207
236780.6018482275
236875.093449762
236909.31100385857
236939.52611259322
237142.97678312616
237163.0930335278
237185.3328484175
237193.0678932441
237291.77892954551
237505.54462471616
237567.56250405931
237572.25469990142
237620.54894615785
237918.7078071558
237918.84337493323
238011.12724843036
238021.03402674157
238141.95876440182
238211.30730582055
238374.3916677714
238385.2282567143
238403.52180419833
238466.21902912582
238483.251229694
238637.7002202113
238703.98160780236
238871.9428424707
238901.11561194147
238933.36290628937
239088.69866904334
239432.18383287982
239481.94991935208
239517.36574750268
239579.65565621742
239739.34025767926
239877.32022849913
239945.4144913545
240027.03957542655
240042.94687446277
240081.4743805339
240095.8158352385
240165.72836086273
240174.30414416036
240253.51081885322
240339.9705051555
240476.97956578273
240519.79240630724
240556.26573869304
240573.73254486843
240595.27230856876
240733.60333961865
240881.03159468423
241013.01140699664
241122.67126593058
241173.57468231785
241175.20553178727
241270.91137493006
241494.52584321453
241522.55453805235
241555.961462258
241593.58192868947
241640.12946492736
241717.34493734
241730.90504263173
241810.9356287056
241859.1462321889
241893.543721319
241979.2593954844
242065.52967819263
242203.54815244325
242225.43731104437
242609.11743829015
242641.78704710637
242727.0724698555
242817.243778828
242824.65853162535
242918.99621786736
242970.3213883927
243180.24945910875
243334.18696516828
243366.7530723589
243438.04257682775
243703.60650198878
243780.23505484476
243968.6680416227
244024.34608355298
244147.63173502276
244166.12485197594
244216.64004425402
244243.2951312852
244414.4525480416
244519.11835286615
244539.3936885879
244545.10865212354
244751.17550765548
244781.0241173693
244825.51478792322
244838.96431022318
244852.03665426496
244879.2622387472
244939.24090432219
244947.11568964372
244977.24952732405
244989.84198477518
245142.32883593586
245222.5985236257
245252.77263750363
245333.94106046425
245412.21539478638
245621.5863441993
245721.2328815144
245797.40501742082
245851.65310431243
245862.34067539393
245878.212764688
245887.40569075386
245890.95146626153
245967.0254359292
246012.06829548572
246396.44775354827
246404.31284389348
246472.0026790938
246586.6560960674
246595.25223609747
246771.8185506001
246998.0876522028
247006.01324232842
247098.96086599465
247127.3733258326
247177.97966910864
247257.7899041893
247261.674542627
247301.36434023868
247369.72949570004
247380.07210645723
247388.48593215557
247419.51881563468
247526.09130254976
247561.43087325824
247582.3426140025
247609.6897764154
247620.15012688836
247799.11852727394
247829.3896012628
247894.18600866522
247916.1853314393
247955.2231857725
248096.96685275613
248142.40757958195
248220.75779021456
248263.17207652796
248329.6388779641
248480.14775336214
248570.65791292634
248588.37464197338
248638.6299237437
248673.98978177877
248801.34498806574
248862.82354465092
248894.7955862544
248967.95882823935
248968.05156506848
249054.59013422515
249222.8054432143
249288.12231458985
249406.66309892037
249407.9675484307
249458.79284741866
249586.07323333924
249594.77471712063
249629.85615279537
249660.43254879964
249680.0382234325
249698.89759336255
249837.27142085458
250014.59742078322
250054.97024888976
250133.58130130675
250141.61061129652
250243.91105667682
250304.59846429835
250425.57512206392
250457.16351364297
250512.24788562546
250619.5500287393
250667.89834074955
250837.15508152853
250926.44898255408
250940.77109003917
251134.64288355358
251162.17791889797
251170.41165414092
251233.81389515384
251267.8904588229
251322.82122353063
251355.83673770732
251471.20053490624
251482.00575756415
251584.76636833523
251746.37733334032
251753.70509392722
251789.15560416353
251797.06054403228
251845.42780925057
251910.14207938703
251925.4171958217
251965.4969756033
252101.5131525971
252104.2815416588
252110.0997263434
252355.6890430251
252594.86868966866
252664.08146132447
252685.15039731108
252858.29864133295
252874.00356441422
252888.95376548305
252896.1250631259
252927.87799401145
252961.66928257677
253059.20386585488
253106.9641251793
253229.6433345624
253295.53268851998
253359.24638814045
253450.53801736012
253601.79487203388
253690.7877279731
253760.86551825027
253859.0578603326
253970.8182952844
254192.67761871993
254309.55729633744
254354.9838167685
254407.60954921233
254591.69905126712
254741.30731810653
254754.7031562991
254822.15445580793
254825.65566900006
255064.24112671477
255067.4557217306
255312.5979383838
255345.1054307495
255378.313559654
255553.35509208703
255697.24504449853
255700.11813339737
255907.14282201917
256190.0032969918
256197.64056152507
256206.9567381667
256284.10115466622
256299.68611715292
256405.39603916334
256427.27695702203
256509.2147553108
256542.96027043773
256676.1687188629
256685.13832846086
256694.28588549868
256708.0528444267
256796.76041218993
256811.4031522192
256872.5715412944
257268.6290849247
257295.3932901834
257369.23083106318
257382.03023788432
257444.2662304658
257455.28845458798
257533.9019487914
257597.8387280698
257718.59135947615
257725.45580952626
257725.74534863664
257746.46315251407
257832.30061015786
257851.42712582738
257865.94372980902
257939.6370824678
257943.31624325315
257948.68430317388
258009.03658226068
258083.99061351112
258085.58852909558
258093.92345665622
