82.8551642714859
284.94421348273266
463.6701737640108
496.9894527938634
899.3013808858109
976.0801566165164
976.6106591591779
1236.2932889515225
1384.9784105496783
1581.5838071292064
1651.9851003147517
1746.878273747524
1755.3254803245006
1899.9718379907313
1931.8645386294397
1971.5733859242275
2041.3067932737586
2101.690432302668
2668.735460421103
2821.476046005835
3012.887005236208
3377.6914738423784
3410.6140401677144
3499.156450926649
3571.5040493959564
4595.811666645415
4812.45500683615
4847.185315475985
4942.367095424505
5434.189017109647
5598.649879891997
5852.828545465115
6623.241604625545
6911.733577282817
7274.302349784997
7447.063913298398
7954.967489781053
8056.9813851975705
8769.478535723314
8795.423465793381
8972.837152019789
9129.012958939451
9289.346392560949
9418.24778036913
9723.932787194213
9857.419482250043
10047.45712875809
10177.276525432319
10203.191840175856
10218.55295941375
10280.935994307736
10314.52057697519
10600.978854226183
10627.698319193525
10637.69081577727
10709.592394982252
10888.764500607616
10928.905563316528
11212.641445113784
11243.009204235885
11281.014307283594
11363.602842671227
11452.177250760255
11559.769892616983
11569.651099701308
11664.14261007458
11769.056257064984
11902.134921903275
11993.861444738692
12190.601188887382
12222.706403570275
12405.01351769778
12560.347082478065
12699.347289601123
12872.602964551084
13020.355694447382
13030.142399710023
13136.254616081207
13194.564125539651
13289.978263305535
13347.314451254275
13349.409418657404
13501.92560137654
13508.95488471213
13522.531236966523
13638.553127190413
13859.963762298928
13899.62051993587
13962.873196296352
13977.44956745475
14224.048343885539
14554.98060514438
14641.287355844064
14715.15958321328
14810.40242879836
15054.478071971465
15084.769281316778
16219.348677120286
20151.96974116088
25550.562492392917
26901.198702791316
32741.340996369334
32861.462836192215
32888.89992953554
32954.730857216186
33008.56873047019
33236.36222188797
33249.68782832468
33324.75381801988
33393.37438066359
33570.091077992736
33597.85021203229
33615.5617785
33661.927505144195
33695.74579176485
34392.098112436724
34478.96000222052
34489.01905490651
34556.346042300116
34698.45165050173
34785.141755233606
34792.28426476132
35112.4801519508
35122.580398796556
35180.200807678295
35376.77964539644
35611.38149987341
35893.84048506834
36068.91567777232
36077.58254850785
36167.10657283273
36212.63434425377
37047.6282163203
37211.15953684766
37696.61596228374
37832.77566340225
37890.64400701905
37895.300061187845
38054.948853380265
38298.971971214814
38494.71088004325
38626.570996767594
39085.81963012606
39179.68287282287
39357.22455260947
39590.12471830886
39936.82621467282
40024.25988077968
40089.78525361118
40142.54990762596
40143.29900924879
40211.49834849522
40731.64475350588
40762.85998442579
40905.773058669336
40913.904161441635
40933.60906538469
41166.75302982901
41519.9997550955
41755.667075066995
41889.23371910753
42002.54088157209
42102.274088272236
42120.14015184315
42122.80262606318
42148.94653455582
42248.59576943302
42575.02748074949
42698.02829078202
42778.7727186491
42827.61756644882
42838.979652429465
42846.34170079856
43012.005499434905
43040.18354015553
43164.175833949535
43458.80794519837
43461.185883651066
43482.77460361387
44165.130839595535
44195.577259578284
44207.5119350889
44237.84747309787
44246.459171430724
44267.75515139053
44268.049798992164
44273.23509512273
44297.5445042391
44312.75450282983
44318.57636336333
44331.56544860258
44343.43939183908
44343.53609344359
44346.03157989979
44354.17437091862
44377.94978263706
44379.222851628714
44380.922053971386
44417.964448370796
44432.204656288035
44439.655989203624
44441.11710445515
44441.95073849129
44452.4204480009
44464.427494707576
44478.4125599207
44479.471502151944
44485.1256154419
44505.03618101609
44520.19524898909
44539.442206057094
44554.57120277575
44563.241834360495
44568.56169329889
44585.85557629735
44591.86684914127
44597.57971213879
44610.006467154206
44613.00307715356
44617.562537073805
44622.28994009859
44627.591481271884
44633.34773968892
44639.09829903863
44644.7914407198
44647.25167991659
44651.69592802208
44675.9480770047
44694.84519267353
44702.85186815451
44703.829619479286
44719.19682759139
44727.202345319616
44731.26363218046
44740.430614784374
44759.77304278846
44764.87928524698
44784.34363796563
44801.57852308824
44806.05168413359
44822.179258394266
44823.06582898766
44832.624262192534
44840.434933468685
44851.79924379326
44859.17412780986
44869.81697815578
44896.759881030666
44935.940021360264
44937.42996126991
44939.460838966945
44954.17203068952
44971.95770720001
44972.141231264664
44974.58538870315
45001.04858404996
45018.45547259639
45026.63868441732
45028.573148590614
45030.041101505165
45033.97101953018
45043.135479366785
45049.49289384717
45050.83940055482
45052.10102240784
45057.06587271579
45059.6332432536
45063.21000895422
45091.60940150068
45101.021882245695
45102.46673912482
45121.55894941926
45131.263623662126
45143.278185791045
45144.28565153876
45169.99346411038
45173.00963000797
45185.92785471888
45188.970189190484
45200.14646591194
45204.80259875959
45204.82509161469
45210.91745420142
45224.550752541974
45225.99821734317
45229.236207338814
45239.24249857644
45242.49966857473
45256.646425857216
45259.48588504863
45264.81078492705
45281.24642816797
45285.683124813484
45285.711793337396
45317.8827230562
45320.39798068017
45330.13794864808
45332.783866094134
45334.78124072106
45348.63562581063
45393.646895044025
45397.04838087598
45397.52500106801
45406.795190474884
45414.27851289184
45417.04797959787
45434.428393574
45435.57295157948
45436.097558442234
45450.174628865716
45455.47270322741
45458.87578665535
45474.450234337724
45475.61529921394
45482.913057601385
45484.10407855931
45498.090933495594
45509.88918647646
45520.2148044766
45534.11726497272
45544.1786600008
45559.65848273013
45562.90884012882
45565.22324841162
45580.66334870535
45604.599640463675
45622.311849193786
45648.31513212443
45667.95013496099
45687.347904821145
45717.03220163074
45718.82955925366
45719.31613022378
45723.545161036214
45757.40713558703
45772.309299338805
45788.947755317706
45789.84073786534
45794.00301609482
45805.6944281265
45815.269170105275
45818.15196091734
45819.106424633464
45828.89379065582
45839.209649983895
45846.186800979114
45847.02574426575
45854.483288595504
45864.00016729016
45884.565401967695
45894.74585379663
45902.022614387985
45903.60998491711
45931.79139071138
45936.610762606964
45960.2977914647
45966.810853755436
45992.53475477446
45994.01127986629
46003.785219648205
46013.50378617033
46028.381697718614
46030.813371078366
46033.21795235675
46040.735615691985
46055.509536377824
46056.417968026566
46057.29642757457
46059.490564979744
46071.43173637536
46072.191268613074
46080.517565719696
46080.7460851336
46089.577201931825
46096.12953527145
46143.29807934274
46146.46856668967
46171.409137918694
46173.68351696371
46194.38560949853
46194.77765222481
46195.73508239532
46200.83763797229
46201.33368213962
46206.173662518064
46214.46370455678
46214.69707214524
46236.659896710415
46250.72809793655
46302.243825376056
46309.90687878368
46315.70363246054
46322.1471843704
46329.267028959795
46332.328628793926
46344.047830219315
46346.48555669897
46358.84895177424
46360.57374381319
46372.510151120514
46375.44641323108
46377.02739176545
46379.54198259764
46385.558229717484
46395.90909080309
46400.893602227494
46410.788392642426
46414.06159729873
46415.44357172385
46417.63323470301
46428.94036744898
46430.78395738901
46437.46792317827
46441.1283253175
46443.30848395407
46444.63126079846
46445.35324102173
46451.50529600215
46454.1746338468
46454.51595105974
46462.86204556232
46467.10498592019
46468.79872368034
46468.91934005669
46490.93077842663
46492.040880637614
46493.11190766425
46496.971466793846
46500.5739414886
46501.22520145135
46506.55467666569
46510.57152348725
46535.091964442705
46545.01551440277
46546.95098196313
46548.65136238903
46549.00488670565
46567.24668296662
46571.282054663876
46572.78539552506
46577.42246919372
46578.9666091776
46589.22767570933
46593.26418367658
46594.28908748237
46613.005743020476
46639.22505503586
46639.716203168515
46658.778603051156
46665.87654770714
46694.719981716524
46697.98175090975
46709.22396284971
46716.917267413395
46721.94133074825
46742.6003478104
46748.62362437439
46749.86179747177
46755.372111849036
46767.21965696563
46782.515530680634
46792.720975362834
46795.54965056719
46801.13154632036
46804.8918985324
46815.49749686954
46824.588582052966
46825.632088797756
46831.29867995799
46835.258850862854
46839.62953299769
46869.285626729914
46872.040067700036
46880.380759149
46904.24006396554
46934.826509028535
46951.694806617306
46972.91757804087
46979.50385162504
46979.688185739964
46987.21532024992
46988.27943614806
46988.96061698519
46990.26404615154
47114.46846104369
47126.74809220496
47174.3314801933
47466.39064837321
47468.90088704419
47518.89514630243
47531.089532263606
47545.84525470493
47546.79946230146
47565.73832779204
47604.58324990886
47774.57288392456
47880.71136241945
47952.030943300895
48239.78201178627
48444.29264771206
48463.765122338016
48508.05409102721
48580.483708058404
48609.264483228755
48798.39549433758
48807.02743846664
49015.069712028286
49081.37551780674
49093.3226961502
49572.63972480987
49595.796433153126
49708.671752860406
49709.92191079659
49866.44818157773
49866.827646387625
50122.14967559697
50231.800401619315
50312.359951363665
50467.54787864919
50509.11394979356
50513.23594400667
50529.87642491113
50609.54091470502
50684.73685874032
50710.03663791959
50712.18673696073
50753.931175743775
50777.07390722485
50877.44758065264
50993.47755571564
51064.547912846305
51082.97401121869
51298.734531529924
51325.349505352024
51513.94791348779
51595.189944896585
51734.48121592093
51749.32826764662
51911.59424798128
52090.814814919286
52128.15444085618
52189.67438585434
52289.858029107505
52320.295293224575
52352.25059486666
52454.867847488975
53311.410133379664
53358.24321199056
53467.33883632694
53709.04067599218
53791.96440924598
54283.295620138924
54374.29677871627
54392.8840770298
54722.00146653745
54722.69168251823
55241.30883673465
55579.905743354546
55681.57967863717
55798.963908499616
56084.660445773334
56206.4416470958
56227.06556602793
56271.41889938281
56303.62965590309
56670.607243247745
56876.11227702195
57267.693145895355
57463.78167709046
57609.55809379519
57857.113621618926
57870.65710561084
57875.70692266097
57933.59047953657
58162.94371836459
58195.35802032359
58217.21055594127
58699.78565075127
59239.18794786865
59437.450237820296
59586.68995770855
59939.33807862734
61101.23976353452
61121.002254126826
61197.96206774689
61213.02338293799
62233.29772098187
62283.11246235311
62285.26770169753
62317.17062831353
62606.62560181826
63477.55542843612
63556.31864543927
64397.62605552383
64769.51937992386
64830.73677896241
65067.76156864131
65358.13789467307
65416.512844752964
66056.78734489641
66820.10002696476
66843.59537778243
67191.56832698756
67892.77960823932
68180.97229230037
68283.76825012478
68448.25771121896
68506.43082700812
68902.45086441358
69373.61817871887
69686.32212265172
69787.89388698674
69862.86749042566
69940.8445928543
70939.38356859978
71259.156396444
71267.45940458351
71457.05177708266
71503.0635175193
72131.40104481982
73132.83779853625
73850.28848312383
73959.75416521048
74414.83515600958
74766.4642351934
75090.92329052722
75225.04452047279
75415.09972820837
75425.84812613593
75691.17318760739
75899.58346052474
75906.75019046594
76124.87840758309
76312.185406583
76641.4167389987
77875.00209317145
78469.70386087676
78705.44726711282
79026.22755489068
79045.86339481371
79283.64171322428
79627.26278902205
80502.9853540551
80815.38127546043
81076.04510029855
81238.23939511634
81285.20115143045
81321.48030352539
81432.8345451368
81521.13537506486
81527.58708819884
81562.6524944776
81568.61964076731
81578.84088573922
81593.08787227956
81601.462905359
81603.99451205121
81620.35456218803
81622.62033829006
81623.72234604557
81645.28834891427
81653.9505896227
81701.59828464691
81703.14796543345
81708.94900390354
81726.17659374552
81743.28909397259
81746.85228013343
81803.20169308223
81812.89874528439
81859.32174426533
81862.22771534043
81873.50581264024
81886.76633127317
81898.8589681423
81899.30825206007
81912.27045373764
81913.58341827971
81927.27008262865
81927.89635727971
81937.76115379251
81943.30569580833
81978.92913665326
82012.15214582862
82024.65364899306
82036.50258176986
82044.927087122
82052.67018340636
82086.1002162816
82103.14382439152
82127.34994577861
82191.08645897896
82191.43911182573
82194.85730799996
82201.35353003582
82229.05709427693
82250.83865098831
82256.53045485451
82270.38074867956
82288.56590469494
82300.276314466
82319.64697997767
82340.99490555438
82362.00061360135
82383.12231732937
82449.99247461215
82480.38291640706
82522.50900944354
82531.25892326933
82542.76437280553
82569.72237224095
82576.54181942885
82599.9588319196
82629.70488033573
82630.05752745969
82651.05859466246
82684.11836337685
82695.85723309564
82759.45891102597
82800.16485698774
82822.79173155007
82824.1292308468
82852.75272591096
82858.7679806999
82884.76803390266
82895.78648811019
82910.94239486242
82918.94733832973
82940.63586811279
82943.33505901942
82951.62837672929
82962.45942561114
82975.68653840483
82989.14240444396
83000.45934691484
83005.2052315938
83007.18229865521
83009.0004857518
83024.45209666283
83047.31455204077
83086.42041949587
83096.39843490873
83115.75670795173
83125.62197052062
83131.27221856518
83133.59527766763
83168.09528662275
83175.28121528981
83208.28364915811
83216.56839000512
83307.69088810767
83313.97278134896
83322.01724274048
83342.64412447685
83345.1472766844
83358.70020977574
83373.43265602016
83399.8418150287
83413.48840179629
83417.42083576457
83453.52044177454
83472.589977936
83502.59298833716
83509.96166489452
83520.13931284564
83522.68132816824
83532.31812633183
83567.831824
83592.39996563602
83626.99441493904
83670.37476041967
83683.51594146158
83704.2379809752
83725.7659189651
83727.1388089411
83741.56553508858
83741.72338186373
83755.33906341904
83760.36384054334
83760.92321169464
83767.67998153657
83769.8680241867
83800.42060456358
83865.9065563643
83880.90415083973
83883.82213401266
83900.54981201934
83924.87687630451
83961.07974652224
83962.95870547331
83995.89928345328
84003.78346563311
84004.38800172048
84021.37260520458
84039.28761295196
84045.40773959932
84050.03087709806
84070.52391602463
84082.0033159306
84101.92943186754
84102.31740961493
84108.6051790663
84117.20669148292
84139.69758595541
84141.34882046022
84150.3078778067
84162.73236092857
84163.51862134313
84183.62468798508
84210.38412584334
84215.98096596687
84220.75204330822
84224.33857819626
84244.14718299994
84271.09807404666
84284.55162438897
84719.82787630326
84720.3107915483
84890.0057046861
85424.09969367897
85534.00103475842
85799.77921327525
85925.26316711788
85963.9179785693
86194.41583009517
86288.96208461582
86648.0734054338
86728.95161243221
86802.5772217248
86848.42543714246
86968.79880441666
86991.72827313028
87359.68383904488
87794.39268839415
87850.20296979693
88008.85400929865
88087.2379066799
88138.09180095937
88178.30570148463
88347.99781020277
88404.71512284988
88541.52964935833
88840.15791914679
88938.51801545011
89344.64518460188
89527.24108867919
89664.44837153707
89784.2484933997
89990.08908938292
90075.46214827275
90178.24320066621
90402.33736486337
90626.32577225586
90698.64771036351
90970.88328721147
91209.59699686944
91287.69927109212
91653.84820225075
91838.2299560549
91902.59452652354
92143.18479541641
92158.54963970043
92282.75291653746
92365.05121478309
93541.10335752847
93659.42014362561
94135.86561078747
94147.66541601154
94261.90759234039
94292.6381248205
94825.58409956697
94960.03688320117
95107.0559357452
95441.59189645178
95449.67607854465
95591.29334631351
95600.75301706906
95602.37313076206
95804.36349499103
95840.98948215363
96244.33361192151
96386.9982374984
96555.4178623227
96750.84800615476
97037.83556199406
97091.68052291239
97176.90807842996
97404.3692082362
97486.77924577528
97518.5891968483
97527.21544348999
97542.90452071666
97557.71394221371
97593.24949056574
97695.93325383858
97748.35477560014
97946.64627829082
98091.87180766143
98116.15813405329
98174.81261668951
98241.88495005314
98364.24418130176
98477.09246413255
98531.60774400813
98734.014891486
98759.00619683742
98869.64129205907
98972.92682429386
99140.4223451095
99177.54569510737
99343.7673372723
99686.64715791872
99823.04055304184
100053.68570805245
100158.54913507857
100248.35137539977
100260.47088829738
100302.8347957567
100547.94439473924
101056.83537067025
101223.77506739141
101420.31635478858
106891.02314664591
118332.41832990799
118940.80551652648
119023.61478089629
119221.70347047524
119420.89229579727
119696.51908685235
119729.79854406718
120268.45184300852
120273.96145323562
120330.49843442006
120338.10423255888
120345.11956316134
120557.41894128604
120582.37634569823
120618.10401066282
120652.72741392597
120700.02606922721
120770.93645578035
120773.36003572334
120927.78266006737
121081.92561383711
121082.02204940715
121357.4847856038
121565.07287644046
121781.56277144916
121838.04723867934
121881.10068046988
121882.13560195042
122156.08154082212
122168.66830575975
122287.06838585078
122601.87978587643
122702.2835017898
122753.2343857401
122764.47078581154
122803.4963694509
122808.22437578434
122879.3543043349
122992.21340484233
123085.27757514379
123140.91130774848
123163.1513339598
123394.42177074144
123409.81009327227
123512.52627845781
123657.12900541426
123657.2280030963
123788.15514422496
124197.56941637726
124243.75168998796
124303.67792119496
124345.49221303548
124541.62404804694
124547.10940459926
124754.93557040991
124975.431610245
125041.2956173057
125097.04137023896
125221.32054062685
125550.65234131273
125652.3008442667
125721.51593461077
125746.27935716658
125800.77166406636
125805.86361792558
126090.9057854512
126104.74143359844
126153.31387920123
126231.04104326258
126371.24097182316
126421.15468677806
126583.9902816095
126740.877738515
126880.03488282874
127086.79455383704
127322.34193531287
127365.05139639211
127392.4612069013
127393.02215119923
127472.92622593993
127539.57485983573
127742.78575876285
127748.24719691256
127775.81770435727
127903.4617625963
128046.28165933113
128235.92753373549
128286.28100259075
128531.46962670227
128709.45514683943
129248.68741408843
129555.81867397868
129574.17643292458
129678.35639338153
129726.3333260731
129743.33722745522
129795.41806078047
130265.04248873191
130318.93319138596
130358.60650194483
130589.87216517612
130594.63565201283
130598.9433060877
130614.74862776915
130616.65918124761
130620.4053066971
130621.71802423583
130656.16014888055
130659.78021435262
130660.925337782
130675.1672290609
130675.40228128983
130676.67638367787
130691.63989007252
130701.09126425651
130710.74320662323
130716.72800587316
130720.43664459049
130723.36919638907
130731.75377628347
130735.59454698826
130751.95569438305
130757.3219790092
130773.42651523597
130789.76611603523
130799.46728414705
130800.27776021467
130811.5360603782
130834.7290527017
130842.87566710888
130843.07757173381
130843.11484308454
130851.16260174813
130867.13336212613
130870.70229582759
130879.08003028302
130891.40849138287
130892.36384236917
130894.6577221466
130906.07567445344
130916.9392196041
130944.46902166613
130956.13978311393
130959.91344376368
130968.41900871196
130972.31680290512
130973.60797323375
130990.44932936375
131010.28305544094
131034.31862765952
131037.58863366231
131039.53363016873
131053.81654566707
131058.07120476227
131072.2066374056
131077.21716613497
131079.73925110145
131086.0230185468
131097.06895710703
131099.47778092243
131107.04479046765
131125.67334933364
131143.8770540872
131144.0787884267
131168.23799787366
131185.43614794043
131208.87619081413
131222.54568501696
131233.62773047527
131252.47013574166
131260.2914295895
131264.17550125753
131264.24844516735
131280.61719186697
131280.90832504412
131296.39140073722
131298.04820497782
131300.16087743934
131302.9876975135
131306.1128877759
131308.81179993408
131322.60259653511
131382.66938772396
131385.6153607595
131390.33323595265
131406.36721021277
131408.93580731642
131416.95450617533
131425.92199279103
131434.58716068993
131443.30441227974
131445.82419958635
131448.49062809575
131462.85340156622
131467.0164410852
131472.11416050102
131479.77941385412
131490.13629871787
131494.87361009148
131516.66238494014
131520.97613637708
131527.33509537892
131565.953455096
131568.64669190138
131570.602566966
131577.93896929474
131608.0482506833
131608.17276108253
131611.21204344253
131614.2415340266
131626.8112507873
131629.38642097544
131630.67779598862
131642.4634281881
131646.9507624716
131647.05093168115
131648.96391951857
131652.85339896387
131671.4573587555
131674.55116144064
131675.59495551858
131685.21061072036
131687.8567897855
131699.6078134843
131701.11597311246
131702.8113094321
131703.69127551833
131716.68494612793
131719.99117859636
131734.07956045523
131758.4802015168
131771.43488119304
131781.9423686363
131820.14798200256
131841.3290284827
131844.97366644358
131848.0518947107
131850.5545126253
131851.7817497184
131859.81503581197
131866.281518068
131880.18918162148
131884.2485265981
131888.5604255177
131924.54804353017
131928.84492981748
131950.53659244307
131957.73507468292
131987.72526516
132001.01235810772
132015.98078521137
132028.19128523834
132038.29750389775
132040.5806320264
132066.0323685209
132071.27010726125
132079.3629490728
132081.57679333535
132129.76570038477
132140.6279928964
132148.03965309076
132149.68130313107
132155.40341970653
132159.7456993173
132161.55295481143
132167.48003566958
132171.7883109594
132182.02152778572
132193.95889906178
132211.87767123486
132216.85308560004
132222.2365121735
132228.0276790379
132233.20383785694
132274.13208887752
132291.13935314943
132297.67229515006
132348.11356431968
132359.51591057435
132365.31601192354
132378.48530184844
132387.22369458742
132394.1993324577
132396.40751558496
132397.39095269007
132406.03015712078
132406.8015105818
132415.78939654143
132422.0831707455
132431.10569747663
132449.84410544435
132454.48421463135
132465.1488674053
132478.70299780025
132480.46667485492
132481.29009963202
132484.5864439195
132493.55861348537
132503.45885459622
132523.54418491892
132536.981992552
132559.67822614656
132571.1432279865
132592.8460862203
132598.71436875936
132606.06103793567
132619.37031630264
132633.09524619885
132635.21815501963
132635.5562442888
132637.77872615276
132639.27510453013
132641.42569617467
132661.25216729162
132670.48950615292
132687.53971601464
132708.09266968834
132712.5373603117
132728.0346126477
132731.50246095113
132732.88229331071
132742.55975714696
132747.55032820496
132756.87077659453
132784.67923513084
132800.5481590152
132810.3336733554
132816.4991951111
132820.94078909035
132843.72829429893
132864.9740389579
132870.561120638
132883.2945726782
132907.97817372484
132912.19876891118
132912.90879747143
132913.8805542776
132946.42602902625
132982.3481306725
132985.72534554597
133002.28006956313
133010.32692775884
133011.57401351118
133015.25695594752
133025.79295098857
133034.88468688197
133035.0345444956
133041.99662209136
133049.44061111746
133061.9381406696
133068.4193928837
133071.40672667726
133107.66912431706
133112.2491334466
133135.44830374193
133143.58618663778
133143.78352650345
133152.57590035573
133161.83671038135
133174.89767372012
133200.13576474227
133200.407952728
133208.6081714228
133213.04542838736
133218.34651498523
133221.72958627937
133226.0257955474
133227.95214883552
133233.61196781156
133236.06542661617
133280.15685252362
133284.07543005818
133294.0479642281
133315.48574267846
133320.03119354352
133325.52079480872
133335.56758981917
133351.93426493596
133355.38511500208
133355.40175570268
133355.7616330199
133369.0473209441
133370.2819389112
133392.27418449993
133399.08319650518
133456.2778354667
133580.1058046115
133647.4997732105
133775.4747654258
133813.1263476017
134116.64379466622
134125.40439557575
134158.7319336408
134344.24842583158
134523.723722496
134614.90110791248
134681.52327349258
134688.14665209598
134824.65572251397
134859.3775546877
135034.41112862495
135069.74213474127
135093.3786909856
135156.03253430245
135216.9277591882
135259.74489129687
135260.15769267577
135445.567548744
135625.19588861294
135656.17490023794
135720.4535050384
135758.40523099742
136198.79451071937
136259.87899958744
136282.64106312452
136299.18869254377
136300.69770536287
136405.1444191834
136522.54265899805
136568.87505348222
136688.7529472306
136847.49523488287
137001.382899523
137008.5748645987
137114.83104022994
137132.8108024579
137176.8731103016
137314.42833730538
137748.48003264147
137848.50529004744
137958.48536125963
138001.32165188034
138075.39832034532
138084.6288105992
138524.77279213746
138696.41945370124
138792.8364008202
138812.70737662114
138854.27741129883
139047.32642164076
139103.14058253748
139361.6056812136
140025.81537582204
140249.05943418643
140349.48013934024
141020.3863999314
141121.2867817435
141134.9391709983
141154.40746280985
141214.1375379709
141432.98096361602
141536.31640456984
141773.20947823764
142104.41587227245
142301.28756229355
142353.6382222201
142703.7850919523
143296.41464111235
143370.09966175203
144005.50105110125
144008.60108701308
144059.28156220404
144283.45675374658
144688.6753554483
144696.38209122774
145032.07787688778
145621.67342988815
145667.3050078589
146117.11499267913
146776.3842746346
147044.08514551425
147390.41344301729
147419.45697668553
148005.13662169588
148111.45387559925
148305.15727310162
148531.47188114992
148951.57522737415
149061.545022036
149477.89216784152
149838.69006054045
149879.58257908144
149952.54672479068
150004.1942658914
150028.94036339584
150190.9048932438
150275.5484375498
150338.82243057224
150615.59014016378
150750.35640917128
150965.5337655882
151379.18848377204
151638.44480156014
151829.52949241747
152101.7510592524
152269.19078758737
153064.6300614939
153625.6851408084
153801.04593355634
154350.89951131082
154654.11541675904
154952.44285415817
154969.80821216543
155172.01754165572
155331.40496458422
155450.1902201686
155521.11443386803
156017.26749785757
156512.5865828698
157243.08860658773
157562.5285250141
157949.03408732964
158015.03129526184
158166.7029525806
158193.80578403335
158231.2582844328
158233.85556444357
158273.45997966823
158393.45112677722
158576.89974731707
158645.38429247338
159545.14665808628
160656.0071035411
160734.9330334374
161122.02689319226
161281.21079680455
161821.69462489133
162444.50741100783
162499.5788042532
162586.23437899342
162710.26325202314
162744.7381926422
162912.0294777547
162961.5942924391
162999.98701150029
163001.1920359164
163120.38902781392
163437.00493795745
163439.13726379856
163474.44999400605
164026.1800483099
164624.4659378573
164647.90474527783
164776.05987620214
164859.22955413832
164861.8988822009
164979.19246823285
165482.56332744728
165615.71500165726
165787.0000459533
165959.2333485108
166045.3596601527
166211.51591216854
166321.9526347123
166504.93420872377
166912.67251908965
167066.397389872
167162.7733823317
167282.0463401723
167772.30191677052
167898.61390987286
167908.32140328945
167919.17150414927
167921.79644953663
167938.6996290238
167943.42664754196
167958.71425047258
167961.0020668548
167969.73420521917
168011.39207044395
168056.3859172617
168076.47438126273
168081.93694880581
168134.4630161167
168139.52771325596
168142.99142292902
168149.26284491934
168177.07244617445
168195.38381086994
168197.69940609764
168214.88760224692
168240.7457461909
168248.2463287606
168250.18892047775
168263.23657905858
168273.67691042682
168308.81113073154
168320.69861733538
168345.3398632774
168359.5368678291
168370.77237678354
168395.06219410826
168397.4890548406
168421.4877886443
168427.17585555627
168440.2660367561
168442.71383416688
168443.769675275
168470.94889526142
168514.48979836752
168516.63215769333
168526.27652489816
168530.30234685444
168563.53581420582
168594.56731957296
168612.00342532224
168641.1962333655
168644.46957472348
168667.0733127197
168673.94604061916
168686.79641783284
168688.1208044768
168712.9166523075
168729.14239748399
168750.81335280038
168785.0225237961
168794.63540326626
168808.18081451353
168821.04878359905
168825.85316002253
168825.98309265194
168830.07149955066
168846.9860969362
168891.1947870587
168905.22112851753
168908.41852788546
168911.38108717435
168921.07154181175
168927.9459606306
168939.3436034486
168947.15738192928
169043.52379403793
169046.16559244593
169068.70349923018
169076.2053433708
169088.26225633104
169090.24470020167
169133.05956840684
169141.69699737275
169156.09861633438
169179.87266216322
169191.71292671672
169193.61571554095
169217.73160148092
169221.19097096613
169234.60104346587
169281.61246838496
169313.1075683508
169321.76648953557
169330.95508080698
169389.70773795832
169398.4779000795
169425.07101636735
169432.21991502744
169455.72767185594
169459.33004149908
169460.23009264228
169467.4661009521
169469.59582632227
169471.55481639388
169491.07130576743
169516.3304378196
169522.75541181164
169531.23386729404
169572.78716069687
169591.8210523263
169598.45834538084
169608.2074053372
169618.30099200472
169619.5998905088
169622.50668563653
169630.56132943573
169631.7985245909
169639.9951650413
169651.74727198452
169675.14522412716
169689.76120798854
169730.3258887469
169738.99042215344
169780.21985641183
169800.00957266975
169825.11258630114
169826.1017824171
169845.5748038935
169860.8728730162
169899.62995664094
169907.45484197763
169939.96848473616
169944.03702087144
169952.54761233478
169959.38870588675
169974.62544269266
169978.98916535097
170003.84433818655
170036.56541779914
170039.74766765328
170070.9623513783
170111.42848415108
170147.02099111542
170171.65232814656
170183.5985942671
170184.44535541837
170194.4135204875
170196.94925501547
170261.06965467188
170274.587357131
170286.6808191992
170300.22873066552
170341.6300462637
170348.26526490872
170349.4398257307
170352.59950589557
170363.71484194425
170366.71147515238
170368.5519727277
170372.42364725657
170438.0723574629
170448.7526751894
170449.0189197849
170470.5107460146
170476.6531207871
170513.26923225884
170521.5420644349
170525.14746453747
170570.5777518999
170573.38199994684
170573.64232642358
170580.67406678456
170603.38757287906
170624.88449142122
170663.9682129672
170671.87589509736
170696.91051931685
170716.1440297515
170744.099781713
170746.52199148497
170801.8730629281
170809.72960024793
170996.1902434832
171135.44585214223
171157.588726341
171192.08704514254
171265.69555209356
171418.70360683123
171481.99300071024
171823.0138058556
171968.3610606449
172284.48238806907
172385.97409370926
173123.7330694167
173225.97745350117
173276.58599182035
173298.7836134352
173316.15949328875
173382.13380734436
173524.4236951517
173549.1256631245
173624.01579959033
173730.0557406095
173889.94041872054
173919.39207226227
174071.38568954472
174093.8277051073
174160.22585726503
174308.64979683375
174439.79546378247
174772.2461013324
175385.42951923358
175421.28518547365
175472.02919413656
175550.06784359095
175558.9421090197
175714.32721889115
175969.8448574698
176106.31911417792
176106.36609793984
176426.87105719573
176501.3937358252
176514.3549289209
176653.23088648633
176903.69088975305
177161.38800029634
177184.58247073705
177379.6054097338
177386.5276700976
177449.40168255783
177610.75402375738
177617.52868302498
177689.66317644162
178099.09917060367
178329.83288072378
178408.7594324317
178469.72097285464
178556.91212198685
178578.12528587205
178596.81942563207
179192.2550485435
179228.19818401712
179600.97341276892
179683.14552623342
179868.78004850133
179939.1558341268
180116.47795459666
180329.16993088156
180353.106566925
180402.45048867553
180467.61978363668
180616.68557293914
180630.18243904275
180998.08524235254
181157.97718783826
181262.0971308677
181355.68579379644
181453.84260462207
181455.86871723452
181850.49828538552
181926.8573376075
181945.10516284182
182041.6605044788
182080.04726665054
182147.6086247905
182307.55518356705
182437.3226082045
182468.40096305453
182609.74194559807
182653.18758732322
182692.8841995079
182710.66197826818
182849.94702959078
182973.58535966877
183199.21244722378
183253.20596854022
183474.2298139562
183495.33062852855
183970.64894008666
184047.59841835836
184146.38183498528
184178.48072975286
184464.11956945687
184648.6448811626
184924.85962691973
185117.06629802665
185209.87436245458
185356.41249393325
185488.08090583934
185497.43782477398
185568.78386879136
185827.4193490882
186514.31033096428
186642.24974479017
186750.4479569087
186780.80314753595
186895.12635316042
186958.8187930143
187298.1099673621
187367.97593080605
187597.05089957837
187636.98716682772
187644.19971138184
187790.03278841102
187796.68146547794
187871.59940298423
187883.54663767334
188982.91564598674
193257.41433686265
205361.80694953733
205443.4054829629
205482.66862643094
205612.61824108064
206038.52809304523
206176.1704555034
206196.90292905632
206211.6760327443
206580.29789599986
206607.57580661023
206715.81734219496
206956.14079589865
207023.99862500714
207079.64359527724
207156.44231394195
207184.17423908552
207328.9108968755
207505.08946025508
207687.50481710755
208118.11384213844
208337.31022652914
208494.0966340219
209119.62081944535
209221.82935106131
209338.06839508933
209357.7565678864
209471.04720785143
209490.90454751143
209573.09203994303
209678.3325087577
209897.05314986254
210151.9980178136
210741.09427705093
211145.54506008717
211318.31247651146
211338.2311600471
211469.07410488557
211520.9794819418
211639.71616494554
212077.12968795912
212517.81341731976
212523.0521995306
212644.0818379519
212748.2705745
212751.2371014369
212959.86733154062
212973.04053952187
212977.78024959238
213043.88333330807
213148.83048803624
213164.1925384763
213362.57156609424
213617.3781557205
213630.05603562386
213892.63890056123
214009.37442961987
214315.41894831177
214327.86871365242
214409.3409354738
214444.10124474036
214465.57737510215
214577.69239182366
214608.3671263073
215257.69851626223
215323.69307994738
215366.23060014675
215531.2867171085
215577.0915064319
215621.72247638216
215719.4044862993
215780.8201629671
215984.17354918813
216120.4829235172
216160.31528962284
216164.83253475925
216351.66248540144
216482.06006998214
216511.87002390512
216584.84909875313
216638.00229885054
216650.08607709376
216928.08218571483
216998.75233063783
217012.22522063454
217020.76221681817
217069.59939121373
217076.3423177747
217081.8640643173
217083.03063314964
217087.40127659493
217092.3220555149
217103.5638098714
217112.37497399395
217124.60460551427
217146.60169387283
217146.88826647316
217156.36905043747
217161.2813070678
217172.29255194194
217173.68946863912
217174.28834295296
217180.53023391444
217184.623256473
217197.99419967865
217204.08242327452
217211.34288116923
217240.20227842013
217261.78679799548
217297.1764522611
217299.74109078094
217306.67681181626
217327.04616032532
217351.78564781038
217352.34619451172
217364.697819327
217375.09248361463
217380.63269935577
217382.6861580398
217383.81230572233
217451.4017475083
217466.19086866744
217479.03801952206
217497.9770271409
217500.7064409839
217505.52036520795
217521.49138710587
217532.40922370352
217538.79651456425
217544.8105266562
217568.36285638667
217571.3317137304
217576.8004795536
217578.76930056734
217579.31797962784
217588.9492946414
217616.67372917882
217654.2626005989
217671.17703325208
217674.58623578443
217676.58766280956
217677.47125657432
217680.29050031822
217686.02499582255
217704.97783021856
217705.05680547503
217709.52049982978
217720.69241535803
217733.7077693142
217735.6605557822
217741.17495883466
217743.22768317844
217743.31973506362
217752.11298235576
217760.02177989463
217764.0089622105
217802.30169498542
217825.31726161717
217837.2976397804
217837.65154215647
217842.76329939743
217851.25211589574
217854.4777360994
217865.02623539016
217875.15769398652
217879.00667266207
217882.1314864229
217907.31180038978
217908.72116617695
217929.18451960047
217961.24191923562
217966.60874721428
217966.70100482032
217979.27328080533
217992.43219727342
217996.9690582079
218004.96232467468
218012.71700354293
218018.29189616378
218020.49564391884
218056.5263024883
218068.1376732561
218078.81153936635
218090.15210759226
218150.04263371788
218150.39315624666
218151.2862470923
218153.96577549103
218157.89277743595
218162.5187666447
218163.98560694646
218171.5520597734
218174.845990186
218180.0873069584
218181.38416950623
218186.02099700944
218188.2690718623
218191.8526318933
218198.04134219472
218202.73014685587
218222.73418872769
218243.68211752689
218249.11938845855
218255.49421414395
218291.01240776898
218294.260275767
218302.02763183397
218318.82743791337
218324.25379041507
218331.72952164058
218333.3473719375
218375.52892917412
218391.57453267064
218394.25101326304
218428.80794924404
218437.33563740784
218442.01574881
218444.9566226598
218447.78510676767
218452.90019479004
218458.28832173673
218468.10400181066
218480.73445227498
218488.23940712848
218495.06688511133
218496.57417112784
218500.35480288893
218520.61879903884
218544.20822772576
218561.39817796278
218561.5920137954
218564.5996461311
218596.6773917058
218598.43058271156
218605.70714551053
218616.32447394484
218621.23776452016
218635.77704619354
218645.7981024006
218653.30499470414
218655.90524453763
218662.69370293606
218663.3426261102
218665.46461677586
218699.7935104632
218715.90028685355
218736.89515238404
218746.12757205043
218746.16330745214
218750.4897160186
218750.97205293647
218754.2470322681
218763.46924312608
218766.5817547546
218773.2239766459
218785.50977545645
218792.38028740717
218814.0884350931
218826.20090559468
218832.35287252205
218863.36515775378
218872.09979932624
218877.06744727146
218878.23353692458
218899.1744685871
218911.0664686552
218911.76653839505
218912.1800819388
218926.4039924406
218930.6454536427
218931.96371297992
218933.9273639348
218936.3055786147
218948.0471533317
218950.73759187298
218973.83018993557
218974.48066532015
218975.12562295998
218991.45925392114
218996.5489218162
218998.00296020546
219002.02473337317
219009.8410111515
219027.93947356672
219041.1268060059
219064.84423785756
219078.49996279326
219095.49121960808
219107.91936194847
219109.2271862561
219110.7938144792
219115.55067292985
219121.80908352585
219126.42405718137
219134.12406909108
219136.89157872787
219137.3193376719
219137.96868152765
219144.6817484627
219190.20040367503
219191.76786401912
219202.98258790164
219205.09387805188
219214.0817767408
219218.3461800412
219220.26938152598
219245.4765510861
219279.72428410064
219297.21640647197
219302.50539491663
219323.83141093655
219338.0601347881
219347.56394891845
219365.37329451067
219384.88083672718
219408.53972501215
219436.6889681202
219455.95462418132
219461.62657968324
219465.46974954352
219496.0019703907
219528.9619148032
219547.25371008873
219552.10901578743
219557.04198499632
219562.0638755752
219564.34589997004
219584.32189615103
219615.82808369488
219630.62496662536
219636.41736636782
219645.4157282948
219647.45254679502
219648.59379482502
219664.5272701339
219666.27155803022
219669.9314888881
219674.7386741874
219684.68537854624
219689.59072797417
219699.56250369432
219703.93915644076
219723.3772303898
219751.59060552757
219758.60707412683
219759.14673217083
219771.95505457444
219781.85978470842
220076.57875794108
220113.2771231646
220270.42021629895
220395.49415815424
220422.86225895022
220438.21909018705
220540.41901482464
220568.05825927926
220605.20830466202
220677.74724274053
220752.36399960355
220850.2526157074
220876.57748783074
221027.03357454823
221084.59772266168
221263.87319325062
221773.78202366206
221829.65021710587
221844.0102651342
221992.73893131825
222112.89460285654
222320.30717865023
222670.47739137668
222708.8597625622
222732.92387639644
222773.57114177052
222779.708275763
223102.51504382322
223166.24225808517
223260.02718315047
223361.18591975392
223372.12746332312
223596.20993087348
223640.81878780187
223694.4418486373
223771.27206966386
223921.62428944086
224003.24502993867
224106.0139755117
224155.63565826975
224234.56812716433
224269.74514481344
224321.19014753078
224488.00068861435
224674.85724988018
224712.67846864712
224838.23468518647
225017.29078151076
225151.15296339296
225197.8399292394
225280.65186371954
225287.39128536708
225427.58291662773
225478.5837142318
225722.90775752952
225730.9147723867
225772.6430503822
226062.7816457387
226139.85691476124
226226.9912824569
226270.4681055088
226603.69411897432
226928.4517997741
227120.6982714991
227239.84300245807
227702.62056166772
228007.48303219563
228155.59504326637
228234.45901592626
228305.67483657144
228453.21220430313
228458.55447881648
228495.88472798833
228694.46409509558
229542.59312262238
229602.5463585915
230365.99343264464
230564.19565719386
230570.43763033976
230654.10541035942
230672.22544130916
230725.4741584371
230839.8516295211
230955.14532168076
231578.64354339984
231685.22551345074
232525.54157811133
232604.4556489751
232661.1586316891
233176.6361079288
233255.45410588296
233397.3198438057
233997.16657674493
234055.38918892146
234103.274606031
234159.5973326824
235095.96261538062
235529.11392364482
235612.5451267865
236145.2628024878
236418.3711472966
236442.9530184253
236679.99886298794
237093.58552801027
237584.66936789043
237675.68300146048
238364.085230514
238640.5614818349
238666.06817790284
238698.75170012354
239113.2673681181
239151.9869707594
239155.91749284032
239270.65763576975
239372.12580921495
240060.80678012368
240138.91141972935
240831.46883168045
241179.83739265666
241358.8936550545
241433.24518597778
241772.04325828032
242732.75875467068
242837.30236667697
243009.60964208894
243406.60714610317
243656.33393307682
243775.1506344
244554.45381801325
244753.62255255034
245348.52011804626
245788.02112457406
245957.8922996024
246617.52686295484
246641.48507955926
246732.7806727626
246960.78950994532
247020.50583402073
247231.11279579593
247528.0336858954
248260.2610680021
248378.74583339188
248454.24743323424
248693.9033455861
248922.4948732457
249112.8878023947
249128.16075215733
249670.37629204587
249747.79319526957
250086.16905529966
250244.61666121247
250639.61847960172
250886.5994879888
250907.24566767266
251480.05983941696
251964.65496156656
251994.70094466297
252018.7324882104
252520.72183278517
252782.24447776252
254298.07001528717
254308.25862126716
254312.53187465592
254329.752917244
254332.19582951715
254341.62018977484
254372.5683634401
254381.18886095754
254407.57118814392
254408.87164559675
254411.9752802614
254419.19820324768
254432.31532971852
254447.70505785412
254449.63164664886
254459.44566096234
254470.6551367559
254474.21527956653
254523.2925794886
254544.55489329144
254554.7747368983
254557.4961196317
254579.61387475397
254582.20080786676
254585.48217434625
254594.69985868642
254616.0196346923
254623.61461760112
254651.7045115661
254663.6467199361
254664.54909125407
254676.10506602557
254677.39072777392
254678.97530079779
254680.29117153044
254690.52798550698
254715.80907606875
254730.31957834138
254750.45948944395
254753.73355453825
254760.03431317513
254767.45374338882
254779.32972360888
254794.21115269116
254807.42153422395
254814.84213213949
254820.2398953083
254823.09761941055
254835.7362057186
254859.1997689237
254859.33415776887
254868.3441093929
254882.04501191506
254907.93093215115
254931.10334579882
254957.02554275142
254978.42689052116
254981.70858003802
254985.1353701846
254994.10123313908
255010.5357400117
255023.89846266806
255051.31892766504
255059.66110224952
255086.04430169513
255106.33706631587
255113.78263222188
255126.19509390503
255177.4157987762
255217.79073818552
255233.1755600141
255247.18925742252
255248.76955016196
255273.00614735152
255299.27526431245
255306.29795902222
255338.75897864177
255390.33917834947
255399.73592316796
255402.77062415137
255434.67972475576
255475.32223467052
255488.28366406716
255488.62787674234
255530.1359799893
255537.8567741632
255555.44536899275
255557.1354978278
255557.61875177792
255568.07376134195
255605.53156366653
255619.5171382651
255644.66688385984
255650.71058183644
255651.57378106576
255776.05716123094
255799.35824589874
255804.79155530164
255826.92550586376
255841.54144564568
255871.0346281113
255874.055963087
255876.14479242917
255879.0511877077
255899.51675865974
255907.8564079441
255912.95031837767
255934.01762210042
255962.06635608795
255994.048315175
255997.18747402242
256018.84565756982
256035.2431852526
256035.83939489647
256036.29214396048
256039.94828918856
256049.6147013298
256055.6834875007
256088.26609637076
256152.71240766643
256163.05875226154
256166.0726756701
256177.8147756619
256212.26805723284
256232.66150618083
256235.5927710926
256315.0883283979
256328.94176379568
256336.40008369234
256345.14871933768
256355.33914080655
256361.28248430134
256399.61614919908
256409.88492353688
256422.5936920333
256439.43864584435
256441.5357854095
256450.44984775438
256482.12853173498
256494.0289076429
256503.53838418375
256520.70495637204
256544.70321939248
256545.81564277806
256546.36617541604
256570.39165939222
256579.02665666243
256587.0490148081
256612.52178528893
256648.37349457596
256665.6580632868
256667.38707174922
256678.13250073872
256678.18821306323
256680.06571570574
256688.44713708735
256717.17878272495
256742.46204584287
256745.4251882005
256745.92870754813
256762.30998174497
256768.03486255326
256771.14178950968
256775.130609216
256775.63312679538
256781.85239678124
256789.24477901994
256789.3097639616
256794.0920000942
256806.77725486225
256813.61316866652
256819.83321115453
256834.31223014925
256835.30640732686
256838.98127378014
256863.5981400601
256869.68979091727
256870.0883914727
256883.37383719045
256892.89356703672
256906.85796186788
256927.90744780155
256936.68497172164
256965.07835532428
256966.79577300494
256979.2611521331
256983.6045044824
256984.93321264762
257021.42176874154
257027.17368737014
257119.71248976802
257181.10624845006
257224.84594557853
257693.387292328
257721.90907430998
257973.33143460666
258112.14229225973
258366.1784718625
258469.7705146641
258513.35705164514
258586.56084016708
258826.952567961
258958.95056706708
258987.66428402183
259076.357437987
