14.24960488621331
728.0664756591465
831.6081960418139
1084.5043978055096
2111.9873063776054
2472.616562608015
4485.626281107953
4657.047474959605
4689.272550450732
4730.3001592052
5406.1550234112
6830.403517659413
7300.674141836818
9283.99439099215
10058.161327173131
10290.876715902368
11269.324618972605
12392.28591152673
12468.32460883022
12869.580892126414
13363.614822569632
14623.980583040757
14628.257155158324
14628.880682718078
14631.862510690595
14634.06305704126
14635.22092943796
14644.936231178472
14649.611080874054
14653.70498053569
14655.831823429613
14656.371197893317
14662.736275141295
14663.054597969265
14665.324089820973
14665.402444239444
14667.098609328319
14668.145721802111
14668.310370558984
14670.009263694685
14671.325796232088
14676.338981580848
14684.621402233252
14686.768872749164
14688.489704477772
14690.98679536366
14692.104058387018
14693.256878114707
14695.761376331691
14697.887248634197
14704.900620448727
14706.862743303038
14707.383961373955
14709.063302631172
14712.744945882398
14715.020015009157
14719.597859595302
14722.047400134994
14726.281596943734
14729.319333799664
14731.059651881293
14732.454195076181
14733.998545198096
14736.58994146576
14738.990467465366
14739.283295866011
14743.380413085542
14746.490425645381
14748.441938610142
14750.387233620135
14750.948964404808
14751.13196280862
14753.0623882038
14755.062229993056
14755.307453604475
14756.897821647071
14758.085279315088
14759.622397464738
14766.227449739723
14769.689521708277
14772.010370744369
14775.253061469572
14775.797222489427
14776.57661932811
14777.593036274458
14782.425410857764
14782.549865947669
14784.550225038485
14788.66158419833
14790.841928111311
14793.848055610184
14796.440161753746
14797.810579079065
14801.534852939296
14805.221349083971
14805.781036785358
14808.456027718703
14813.3263966361
14813.612634170533
14820.489305681393
14822.056190515146
14823.551738778033
14832.627819207242
14839.143091777516
14855.65086624087
14858.02530004347
14859.486322103607
14859.589859024327
14863.398336298102
14865.333839650313
14868.583199446606
14870.215438020192
14870.764346386088
14870.83971533946
14872.987537837533
14878.307756122156
14881.197128452646
14881.448132190786
14883.361024740158
14886.634096335385
14891.313035447782
14892.39489095965
14896.605365571884
14896.905411956375
14899.220299451388
14900.14604585203
14900.93626517529
14912.098543912252
14913.651460652989
14913.930240302336
14914.507826722931
14915.736341447215
14916.26446760589
14916.709947105224
14922.38599967323
14922.50372358741
14925.114953498156
14925.639484535435
14927.147510991997
14928.037037517694
14928.31626590538
14929.579434724137
14946.128329375715
14946.181902207936
14948.498811465302
14948.879571140244
14950.358876467624
14952.020656210183
14952.815998221287
14954.776710969627
14963.278372919523
14963.922088969588
14964.792185161252
14969.95106650972
14969.961048458363
14973.230537946516
14976.677400361134
14977.776601215117
14978.818377445574
14979.432077013416
14979.634569828015
14981.466038207976
14987.26011446622
14990.537220717892
14990.740321115278
14990.79494914296
14992.568798750885
14995.201375224511
15001.835592102652
15002.026299811096
15004.267248346145
15005.859195547308
15008.358237261958
15009.331293785555
15010.423830237809
15011.761533314017
15013.121507437407
15014.526552818517
15015.902938824076
15016.316572452884
15016.364458466993
15018.095446595
15020.878979097994
15024.634030048685
15031.562126114675
15033.225959707175
15033.378209026658
15034.056315328766
15037.535458282802
15038.772888302523
15043.256729250386
15048.123015671663
15048.243571360901
15064.812876444597
15065.458136475914
15067.674790452807
15072.321212513403
15074.131498193981
15082.924488404267
15087.137440147953
15091.211484989522
15091.82689556864
15095.023240341456
15095.024531769028
15098.883490352518
15102.5464229083
15103.807805207429
15107.231447861885
15109.01372384656
15109.4638910366
15110.306150425155
15111.301698849149
15114.717562849122
15115.891608257769
15118.39634234936
15118.891612016616
15119.47375817865
15124.905158935717
15125.651358350771
15131.612302367914
15136.794253890248
15137.832161894848
15139.87881679825
15141.12744110819
15144.302236964579
15149.541270937503
15166.1333748713
15176.63879039919
15181.280618959492
15183.409024568406
15185.826953071928
15187.61645997999
15187.91259069788
15190.12446719916
15190.920508310537
15193.385541805692
15193.47429525584
15194.561418274303
15356.680391185997
15358.680454649799
15393.62161328235
15683.89099395901
16040.125553872804
16181.904897036495
16224.306540753594
16327.530926614758
16832.206691889867
17014.7700004875
17178.87280200857
17180.075711971036
17235.059789110674
17837.69824738058
17943.483024722296
18113.822644981745
18655.378533432773
19058.76803186056
19324.598177761243
19379.716551088215
19383.695403208658
19482.20261237975
19600.593082678042
20213.3689708356
20678.2664485764
21956.851025048963
23389.541737381733
24744.013067705644
25957.135092397544
26165.33728336478
26687.602158936767
27329.865738007524
27390.56868699512
28627.012293797325
29125.231048554357
29256.402759729313
29751.86314247016
30232.829900837278
30320.090967936874
30553.440014718555
32243.909667865977
32302.637603016214
33815.67423187745
34373.328525143814
34538.89246926605
35685.485820681155
35823.36999911657
37161.59235178514
37535.49273174368
38432.21939656362
38506.7576423673
38672.00103245235
39706.401368507046
39856.370136891346
39907.78528960124
40207.55617732055
41767.06930989007
41898.720905849885
42486.62009329878
42568.727325191125
42603.56517378228
42934.96400721917
43092.040836036125
43276.03636212644
43335.019266284995
43748.01284590114
44042.0624933897
44382.46762835055
44970.20445351397
45170.174106201535
45286.12257247752
45792.49649481198
46265.228098378924
46443.50004922261
46649.76214331428
46942.967262117134
47062.94579913294
47355.286891558775
47362.97586065619
47381.90272533912
47382.13802259081
47389.169138052486
47396.946894732326
47400.165704910396
47402.05941962971
47402.17706801064
47405.94307102112
47406.76344514782
47407.66704577422
47409.54411203868
47412.2319147524
47415.46177568381
47419.003120775094
47421.77572852665
47422.42573077151
47428.078283832125
47430.906850038955
47434.71709706221
47435.55037880349
47436.928879211395
47437.57635490142
47445.8936242777
47450.20609903392
47451.6398803103
47458.48398790093
47459.98303900743
47460.169721958766
47466.94134661962
47468.599794648
47479.015091413035
47481.69711200363
47481.974249222534
47485.482365464704
47488.97604635169
47496.40263273463
47498.67812975028
47499.10668026932
47505.88004352387
47511.034560110005
47512.69795599656
47519.343549632
47522.25383061725
47527.46032145685
47528.23014293979
47529.72427226932
47531.90405408622
47540.115232475575
47541.20188715674
47545.809374753815
47546.491919396685
47552.199454206886
47554.3810276677
47562.92839055019
47566.489048940115
47575.151028823115
47575.26650883191
47577.777231673856
47580.484897053975
47580.500904494766
47581.67840205194
47582.16337415854
47582.41032748168
47583.20818664389
47586.755577599986
47592.321459681116
47596.98965241089
47602.10902561051
47606.7397736084
47618.62117494045
47620.214788826175
47622.53820863206
47622.644297805586
47625.83558858501
47626.48112661688
47628.11252094221
47629.43953657558
47640.196119077336
47641.35662944319
47644.352373762835
47645.66919730924
47647.000128912136
47647.02462936727
47660.69079459781
47662.91266335562
47666.93742669289
47672.35257576742
47672.46141378048
47675.87489231218
47678.093230416845
47679.81232093775
47683.32565875547
47685.21604592717
47687.00858214673
47689.2704595686
47692.4625588891
47694.18314933647
47713.079305656654
47715.62920999256
47717.23077116484
47720.401120825576
47721.695615848774
47722.73217798165
47724.03691791111
47724.30259449995
47729.33441109644
47730.38664260942
47732.03172532825
47734.235147776766
47741.146742211
47743.15353831532
47743.293581126934
47746.22148189745
47762.096604781575
47770.1109935233
47775.14228495598
47779.31134825609
47789.81626732825
47791.83601502381
47793.25641398236
47793.26810766246
47797.08365072495
47800.22607388644
47801.16776929685
47803.552657807144
47804.17541280313
47804.859011218534
47807.80798917142
47809.05447738058
47809.501158714986
47810.76564488513
47814.87982623848
47815.47192955064
47817.383081456275
47821.32383014213
47824.78426063254
47825.07175187908
47825.093425239385
47825.1577480643
47831.70374103605
47831.8414677038
47832.349569695594
47834.70345312798
47835.44234009581
47840.58267108742
47851.267966168845
47851.35693316314
47855.28171391004
47856.631528626116
47871.31330105028
47872.765562088556
47875.8795602266
47878.690187892214
47881.54070472997
47883.121206055104
47884.009180669076
47925.75254336383
47974.17758789585
48092.32374470285
48108.510780211036
48125.81782063724
48198.60393414704
48200.415961760234
48207.12765567947
48233.91239893291
48336.91580487168
48441.48942321886
48600.9852183392
48676.97015910023
48739.94132537077
48793.342617099945
48850.56321710849
48859.31096011653
48890.01612682479
48902.24372585018
48905.66493646071
48943.865343274505
48951.00646316865
49018.13564202328
49043.07010545471
49124.43103286816
49177.106027263115
49212.38163337622
49337.588113481055
49429.240251850555
49460.05541117035
49505.29145312416
49605.68738931593
49659.654582221396
49677.444673001555
49744.58211308696
49772.027513166155
49809.59523752759
49844.608618421815
49873.30089614072
49914.52754488913
49940.51367305193
50118.802401640045
50156.74015878242
50202.0590107991
50209.302722483626
50227.35167827077
50360.89322374462
50363.50684264836
50478.58005828621
50478.87468830148
50489.7521310143
50561.41684604164
50616.2612223819
50657.6488344209
50683.107756183825
50711.15440074387
50711.45195014771
50714.251568107175
50808.972335909806
50818.65905824035
50826.79732580684
50832.033368074524
50866.055713572336
50896.435689519865
50949.2554491081
50991.5685627121
50995.45085257051
51054.596837388846
51085.50090643462
51101.31333859867
51281.66474919557
51296.49996997852
51305.21940953151
51359.419985521294
51381.046475955525
51404.88954448168
51429.20118918116
51441.410653577404
51570.076922240376
51613.34626676757
51696.5287334499
51762.67585172021
51807.930312304845
52011.35622733413
52012.2867162314
52036.47728113433
52118.70048705901
52211.14875673465
52286.77309067339
52499.780767690165
52548.68506956282
52617.318454529806
52636.76188899346
52661.25482140061
52679.008216470924
52700.553912761774
52734.337073625844
52846.92393424439
52935.683594707385
52944.6068535955
53076.91922685456
53123.167268794736
53192.23681867244
53211.9246615029
53287.31764014171
53306.20277112228
53307.059119007536
53315.557226838595
53384.331004038
53476.09929248454
53493.64940029539
53588.263582947744
53607.4800304793
53622.40955806298
53625.541484564084
53637.98779217481
53670.98177571288
53763.14625659799
53817.28187849083
53834.57761057174
53871.15075543888
53891.91765042618
53919.161761827425
53969.674327226625
54009.874644288146
54053.182816667686
54082.35981454469
54086.86073073888
54102.902996228
54176.717854640105
54181.877183686716
54225.53317983402
54279.81824994067
54285.53502706721
54308.31241109764
54317.572855875995
54388.17671464246
54401.104652937865
54401.195441356125
54486.303308063
54516.881708000845
54676.4991751627
54741.549414870235
54747.82865346906
54748.78357334805
54817.19767886942
54854.17941233255
54882.07358709217
55055.05116157258
55091.9961414208
55134.49530918914
55150.17260735485
55216.328033417805
55252.13337265302
55259.78136273228
55289.129361662235
55416.65029688758
55427.96547735431
55445.187469732424
55458.533518805314
55564.07295283659
55590.71863229616
55604.20679131512
55672.574108252644
55774.888714008965
55803.03958327415
55820.06391925742
55841.08193984999
56012.873251505
56128.87254472111
56229.14463201895
56233.20879295673
56250.438712348485
56284.39497163012
56309.822843448506
56382.96197819355
56458.91376791444
56482.69976206112
56572.31139696828
56592.14432185212
56605.67647887158
56609.296322187656
56629.17088810454
56658.10837882438
56712.078252259125
56802.938566284975
56833.0502774198
56920.37436868689
56940.965265367115
56974.667932490636
57008.82434481856
57030.23053760853
57114.46283537895
57156.13811979559
57172.9387743899
57174.918874141025
57232.35637913346
57235.524697306835
57272.91199130459
57345.226398747516
57453.84430218214
57468.06924292576
57535.89969763037
57612.99427068128
57657.027576864515
57704.639977037994
57722.41037783385
57785.866107567774
57816.657805167495
57854.217030349544
57857.39032751955
57861.76466920721
57898.39744155599
57929.32519286736
57943.71261728422
57944.09102292694
57956.333379490556
58080.387593839056
58090.89598796064
58091.39754208982
58112.977478796965
58120.71575295865
58153.245488299624
58173.418530409865
58195.539033367975
58221.42272721639
58222.35431648094
58260.1116715041
58293.81708824714
58320.66633407224
58358.254968856454
58403.79895673963
58429.96776713482
58468.37505076251
58510.61442599873
58591.2741990342
58647.55132416047
58658.0793157905
58658.68602710012
58681.501179729945
58774.079483906506
58857.35196556006
58938.31865134484
58973.3058454509
58973.9528565911
59004.668621498764
59008.201582650574
59023.5312728803
59080.6913186305
59148.94916987754
59150.414625980564
59216.24322635481
59222.995170078066
59269.02064086396
59273.427124476475
59290.077647206075
59430.238852919814
59538.48276881644
59576.46610297083
59582.46320889922
59595.45262858517
59642.599376037244
59727.6630811989
59729.89183084032
59748.214285907416
59787.42146121737
59818.551674517774
59846.61087609587
59860.09782217558
59891.363312229085
59919.38689734176
59956.26473774607
59960.05036889592
60131.35093753552
60256.23948877448
60327.91261565063
60363.4558973518
60439.801017403675
60475.59172388081
60489.22167078447
60528.54499569987
60572.53602027947
60578.44183747187
60580.74304424277
60601.75909221171
60606.156835101865
60657.76445310717
60713.240183418
60729.29144774678
60751.06141159633
60773.67232463356
60788.286117036085
60822.950911634325
61006.42776796777
61021.265627754976
61170.362656246696
61236.293653624576
61252.27156969427
61253.11577286526
61309.878477497834
61388.23586352139
61419.32683170234
61421.9517264743
62326.919227685365
62790.94643882181
62913.61199479269
63640.177905067256
63647.82717744404
63981.02864112538
65007.952539639635
65307.04636557115
65639.95928410906
65797.83214558489
70126.00706429034
70242.43267046033
70327.07477720601
70385.30364278404
70416.61907423621
70446.05572806107
70649.40060026589
70910.28395512977
71939.06934571515
72389.54357887275
72425.92670278015
73566.0475457923
73623.15604980163
73684.51086098015
74048.4972455319
74480.43727309842
75679.83174748371
75852.04604411912
76305.94895484828
76458.8285906114
76477.00065671629
77401.58561170055
77409.29796244395
77844.69279532124
78429.32103451516
79266.98983947077
79307.2295273762
79370.32554536306
80010.40725309128
80309.8935367591
80620.54872965993
80797.6738169567
81033.68141178388
81255.51493488956
81410.9163536817
81530.46155516994
81677.22576285034
82568.30332943394
83676.02561211215
84812.36668358937
85176.13140705758
85267.33135939603
85342.68691233396
85454.73264429964
86918.63603791391
87089.89113002188
87513.93022008201
87998.14336208672
88168.78682319699
88794.71438902122
89018.72179224886
89241.1481432512
89446.94162799006
90132.56288964394
90476.90147836032
91309.6394342996
91327.53215757896
91883.38977126474
92052.7649447117
93270.7310661614
94125.639102934
95562.90048648202
95776.94829936001
95884.80559571022
96133.11838315647
98571.89424950273
100754.29307684363
101026.07651701396
101028.13848598218
101028.23835679746
101033.43778048106
101038.01079010489
101038.36863101023
101042.30283435523
101042.74903989372
101045.62413500056
101047.90812848181
101053.99799267722
101059.35682380525
101059.37267371784
101063.32164473528
101063.77240050987
101067.76059662778
101069.35665411965
101074.16865993883
101076.56091171337
101083.37478558965
101085.03779419529
101085.9460812162
101086.57036571173
101089.45174690476
101091.32794395612
101093.17925397477
101096.70658650286
101098.21704891867
101099.57762758937
101100.75923962715
101101.83762499657
101103.0386597127
101103.40560881185
101108.58305940792
101111.12018281994
101123.2699092775
101125.38325080903
101126.1292239571
101128.32948825583
101129.95675742821
101130.77602391482
101130.9626547165
101133.90697144617
101134.46397492227
101134.76475516283
101142.36552157995
101144.77661557238
101145.15536559343
101147.63363061172
101148.6345948424
101152.07839039847
101155.09667582453
101155.71299956359
101157.30928185207
101168.3390447553
101169.12876206622
101170.86340271165
101172.9537618468
101182.15287411092
101184.62383087355
101187.6789820378
101188.258002388
101188.74889205495
101189.63411570345
101190.67343654639
101194.17587213202
101207.4989502529
101209.46824726307
101213.38512068223
101213.47767055334
101216.02264233438
101220.54373271379
101222.78516972637
101235.42386550985
101247.15588441318
101248.74485515179
101249.75091190396
101256.29279322554
101263.28661903366
101263.92161577697
101264.03106288853
101264.47923305987
101265.89096766806
101266.14629715662
101267.79021821855
101272.66837264149
101273.20841949127
101276.9566348357
101283.33096752492
101284.75430708825
101287.18735385944
101287.86059000694
101292.99632414723
101294.8123645742
101295.19887699159
101296.81270853279
101297.44542878866
101312.25401267524
101312.6385534096
101313.69514664845
101316.18093281989
101318.86762075462
101322.60592794637
101324.6463173377
101328.41601361672
101329.123109092
101330.75202698636
101340.0891574016
101342.33317648905
101343.27632608231
101344.13104218732
101346.96196691672
101351.86451058839
101358.47494958079
101361.38765772959
101368.57881820177
101369.34235451902
101372.3282804827
101372.38319429407
101372.58578100671
101376.3014407723
101376.3839484314
101379.96212885572
101380.23854339721
101383.42302169197
101383.53192400167
101385.57319869287
101386.86757838396
101387.98854724868
101391.67540661104
101395.09282444099
101398.0880323935
101399.5308822329
101401.36764081461
101402.49975546803
101403.76345085067
101406.87887952918
101408.25882084147
101409.56790549468
101409.79853636737
101416.74300193
101418.38111409378
101420.10423574386
101427.72624842748
101428.76638874639
101429.57458371136
101435.9434837563
101436.160216547
101436.89639666172
101438.4916462623
101441.99858168977
101442.68761278692
101442.74146290416
101444.23159115949
101447.58865856042
101450.37711573762
101452.14740351372
101453.33371079131
101453.6898177657
101455.46750826166
101456.88583411783
101456.98411011166
101464.17774861894
101465.88272913927
101468.78817926928
101469.81192181965
101477.6285271982
101480.15496819168
101480.18935101386
101482.82856109872
101482.86309604064
101488.43015747528
101489.08697204432
101490.96617023386
101491.8002018557
101491.85488735742
101492.36567001654
101492.99186151529
101493.41744990674
101495.17235690457
101495.99844516872
101500.41806072723
101503.32431054633
101506.1845019267
101509.20650234979
101509.72640155311
101512.51603842291
101513.4278676236
101516.45680708918
101518.45394147547
101519.71973113452
101520.25371045928
101527.63691822505
101528.06240925466
101530.45115253924
101535.6772743783
101536.3851003701
101536.67248261266
101538.51568410057
101541.06965463373
101542.10777285937
101547.38828944783
101549.53601389812
101549.63986077091
101554.75720509529
101555.78689838834
101556.14846388173
101563.55786762197
101569.689050783
101572.54507508043
101572.6770675961
101572.83173527227
101585.95594555332
101586.03475512302
101586.38152586408
101588.48366454057
101591.74034426785
101592.85817880523
101593.32945259634
101593.94767728625
101816.24939834607
101932.05667948734
102422.91981115408
102699.29112350987
102704.15308175652
102972.36723764616
103662.91329017
103732.28121200742
103929.35939878569
104361.27184583448
104671.58712043845
104736.66030796856
104885.33893057078
104912.07239270987
105375.37333735236
105387.89374820655
105396.29908798696
105642.39187863177
105928.36248095545
106292.90094752116
106400.21431761295
106475.70088675607
106704.05140285342
107407.73530513552
108761.65363805588
108841.07757692618
110168.78552492103
110349.87089053847
110357.36435868093
110461.59248540783
110562.99364889017
110824.58816032577
111270.60155150971
111479.55469232559
112178.27833361625
112432.7269145331
112460.19053558254
113224.49847482736
113496.44342192862
113891.11321160864
114791.21656166733
115008.45613592221
115730.10666775377
116273.63802492467
116350.22400285811
117026.78569649815
117800.50619785034
117903.24081895335
119648.66628556765
119787.55578215195
121054.00400035069
121846.20157037003
121919.94284746305
122098.9435818418
122457.28128903024
122612.08709220341
122799.87110221194
125238.74497424591
125613.04282650267
125805.53283545116
126552.06677130915
126969.66458396483
127020.59410594638
127595.54092363329
128171.85527827973
128541.40358136286
129239.45882353254
129268.0433887029
129419.91962463429
129514.00239347725
129691.87184429582
129841.3280738511
129934.13925391316
130375.04709295343
130926.29770489578
131225.25372392545
131405.6177710546
131703.73370214883
132092.27844542608
132162.06586531395
132481.58080195484
132632.50716869527
132719.3401577884
132734.16435784884
132755.05685987376
132764.5745171538
132821.04984212754
132832.6964989158
133223.5510871919
133515.1590575302
133554.82568571751
133614.799323052
133622.35943640125
133630.55377797355
133786.76920187272
133803.52168049244
133815.91758502668
133824.4797320644
133827.93272554985
133828.8404616578
133832.07892812797
133833.4927766238
133837.5465237152
133839.9848981876
133843.406744225
133846.3503966146
133850.79737459432
133857.4758775027
133859.08278008318
133860.6352343271
133862.69742158722
133864.4668905237
133869.34241074818
133869.53817407807
133870.14327118514
133880.4676953624
133881.38939029322
133886.29759628113
133888.73120389882
133889.1632897759
133890.6628902817
133894.39158014453
133896.32605869343
133900.36643072157
133902.1414290431
133906.41584159186
133906.61304822145
133916.3868756868
133916.6665716374
133917.29617929895
133921.32714143087
133923.84199171222
133926.55206404376
133927.09761848388
133928.47233973668
133928.69475334845
133939.4849508127
133941.20247718293
133942.3241705518
133943.11724935292
133943.84003670604
133948.74426212744
133949.31904487585
133951.1481230974
133958.02855118577
133970.8503360812
133971.38165150434
133971.6442780643
133971.76107897097
133974.42839653092
133990.39671134876
133990.54817773702
133993.3100354651
133995.9598748451
133996.07303478097
134003.49814321307
134010.90982883127
134018.76407084454
134024.36844307772
134025.41380678027
134028.7274481005
134029.60509503548
134029.995809938
134030.58132848158
134030.9216799857
134035.23923588468
134042.89034787728
134048.10524624796
134048.4291775491
134051.18883545513
134055.39890093007
134056.64218433414
134057.88210212026
134058.33324895927
134062.9136627174
134073.61710513948
134085.98757833493
134087.18578172175
134091.78385823139
134099.17952966486
134103.57157262473
134105.43829813585
134106.3329931644
134122.28460169284
134124.62880322634
134127.44172245893
134127.94635938856
134132.44819264722
134135.43574537014
134136.84737058787
134137.7389605291
134138.21684237994
134139.24778167892
134139.6482564304
134140.30854654653
134140.97320778825
134144.78186613813
134146.19688165345
134146.23339330326
134148.74558036766
134148.83191424573
134150.75788209238
134151.11591137014
134152.34063614582
134152.66397143088
134153.8978315512
134154.6293159924
134159.2063026168
134166.00111343316
134172.1314823239
134173.47290366946
134175.3335687231
134190.69995318184
134190.90544329
134193.2998442215
134194.9267761467
134194.93190341076
134202.66764932216
134213.664473226
134214.80610590967
134222.26046945195
134227.53692575532
134227.96802284167
134233.0691024427
134236.07429276203
134236.2050289456
134240.6831929179
134246.3729856152
134251.6157618949
134259.25635682786
134264.50293678185
134266.2893010745
134274.0487855596
134277.3499129583
134280.90098465365
134280.96348311965
134281.83471159282
134292.1063186236
134352.75310993608
134367.97736467439
134450.0972184384
134487.59170778247
134521.570094064
134525.02764419187
134544.1507508779
134550.870643245
134573.0429685933
134585.78782672092
134591.33166033498
134605.1001525301
134644.0919313796
134651.67654061038
134691.79270378864
134751.19770436327
134768.79572250714
134798.87003929503
134802.7962210332
134828.39295673335
134881.08375458472
134956.39371661883
134985.63077883242
135033.58223805914
135122.70211990832
135226.77867528997
135279.65748915423
135389.13285974727
135479.6024065674
135505.4975617385
135515.78033706633
135519.86836316067
135545.46463891666
135706.57332481156
135733.11425766995
135790.31941896427
135796.6634155888
135864.265074333
135886.0459986601
135931.49645360565
135932.89569064503
136005.2027984624
136014.72067879164
136056.1603467193
136072.35878551492
136118.95941448075
136163.54793379718
136172.67072415262
136274.2474130657
136308.93284512105
136341.04058175682
136359.48374282388
136386.54734331285
136462.4773943855
136511.2954020142
136581.2578052819
136582.32616162964
136634.6144828291
136646.289215623
136650.1450120056
136672.88444829316
136702.97977827757
136717.2525457932
136722.45185400223
136734.6475519624
136750.68810843476
136752.81047826592
136812.37040900192
136894.51995069272
136926.45717472894
136988.573955949
137006.42188845386
137160.9350064805
137231.29682146705
137235.21491092173
137237.00909283233
137252.23649406838
137319.4020104934
137329.52268311262
137413.285448253
137455.65474719458
137468.22452213487
137480.13130814175
137572.66522838396
137614.15199839196
137883.85387032107
137905.7094267195
137906.02659908918
137914.48792915992
137916.01906201098
137958.2366924545
137962.84721132705
137976.06643838607
137980.46249935697
137995.66476631982
138000.1050830067
138112.7195047771
138177.9223381607
138255.0746073877
138293.76330049738
138329.93649555312
138343.75039946334
138353.89207343425
138370.47687674174
138377.04373144516
138383.35617133873
138462.4455741102
138499.7492157187
138502.0991207213
138538.47230757034
138659.03928144727
138694.52602751378
138695.93751851935
138705.9413943855
138735.00255301443
138736.11768909168
138743.1764816062
138753.36845186952
138834.77050698118
138860.44167153345
138878.58117278793
138903.9093954864
138960.76685772193
139030.23241106322
139055.27966024034
139142.95293222833
139164.5294526001
139259.21067899023
139273.2269085139
139404.23267535254
139411.06627773613
139503.8078883351
139623.19873528802
139658.2177189674
139769.64630471624
139773.8193695083
139790.54686432207
139809.03196575705
139835.23866575886
139854.08209616004
140019.94410644728
140036.84846733787
140130.65148566637
140195.6752549771
140208.07748206324
140212.4743850688
140239.11499917164
140245.96316044725
140300.28481773593
140322.33019709896
140350.7403252533
140372.42221043768
140468.1984488439
140480.25236711948
140587.12365747534
140669.93483391008
140697.58518846903
140810.2652345886
140811.37682691464
140885.37319765906
140910.36916110764
140954.7505973483
140977.82804373204
140986.16789512025
141015.81942877467
141109.96926375022
141152.88826603792
141204.80290546
141207.6357499903
141217.16283844598
141266.21256249945
141278.94711959956
141285.563326118
141306.73224746942
141322.64559357218
141339.3713918295
141372.2787537086
141423.54569007875
141441.1321385567
141446.5307575087
141477.99153313073
141489.2637939986
141651.21127662563
141692.60159829416
141806.450712464
141873.5998695909
141958.3961901289
141961.84976664616
141986.26839173425
142022.95588054112
142061.94644919163
142084.27792776516
142087.6908608765
142103.7507721961
142155.99723465336
142157.21199830284
142177.30885685852
142187.27677878883
142222.39753197622
142243.44224282645
142272.3946267245
142307.74487316178
142340.53346906882
142430.09209376917
142485.94836081783
142542.8779524664
142547.40594312348
142589.67779858137
142676.55961948296
142678.27780190235
142728.07552726852
142755.2700119235
142869.6396834027
143000.44088754093
143115.38674574983
143128.5120515403
143145.01426388032
143186.0972855101
143186.8589194458
143192.8065065316
143229.44305610302
143235.18613201776
143252.17838088796
143264.69940079254
143362.02487474465
143362.2446205401
143472.90009641697
143492.47452817395
143529.83076326494
143657.23038965318
143678.93736035138
143723.51468565868
143802.1807648985
143918.9733391908
143942.55517583422
143999.77171554056
144026.84446083836
144040.22920766138
144057.69571069223
144072.68986054277
144113.55943724408
144156.56648190995
144170.19907213948
144187.44962614003
144311.2868629486
144343.17628214337
144347.47446425183
144406.70620119787
144417.45926495356
144430.59741396096
144438.2142468993
144443.31816543615
144475.99661336793
144505.22954785358
144611.79599742958
144674.86495174095
144914.44540337715
144916.85504765384
144927.89447662566
144988.81160756518
145084.80204736782
145093.29297349637
145103.72339408216
145167.5537537197
145169.90663070854
145170.76894761273
145285.66187266298
145320.9947948386
145346.0901621197
145370.8362192843
145464.30809910886
145467.17897558957
145502.76002159275
145518.6929356836
145553.27337226865
145616.08023327583
145635.75513256105
145677.6188307461
145717.33037846675
145740.0961682715
145866.42657446215
145956.6272665068
146082.72919376942
146096.4658255938
146144.2170934575
146199.2118098409
146202.0567832133
146207.8679918614
146213.5133773476
146247.38523866088
146336.20361093007
146360.5688639122
146439.92832396296
146467.95080579096
146506.43032917503
146508.34309795848
146533.3515886222
146570.16392177102
146595.53004474577
146631.83041989143
146653.77295799676
146676.55369379104
146679.5476624738
146694.39140658802
146876.6304331839
146921.3601429997
146938.5246013436
146988.4387062456
146989.7060956699
147094.29005190232
147098.212724638
147128.82452140556
147209.333437667
147302.64692358434
147331.84993746463
147357.23437329713
147374.2580376413
147448.16093162846
147468.92951749786
147474.5851637869
147525.4255964453
147548.71264709462
147616.40201158452
147650.52232172852
147672.73763710988
147706.4343036131
147724.9370883194
147739.150941633
147777.80900214918
147785.95514671682
147824.77749251787
147908.42555386762
147912.0297025401
147935.56233219858
147957.71066773782
147984.82056425157
147986.1594993412
149398.86146739812
149460.39603962842
150507.0407915717
150516.00717762794
152079.16584142603
152874.19028055156
153318.17781852436
155575.51266176737
156143.74637039276
157228.87673683654
157262.66297897912
157749.0229507545
157896.26727661528
157903.36427588918
158247.57041621028
159334.8829897013
159473.98374116223
160016.65082922194
160040.68505866115
160557.2463720999
160651.38426870154
160832.18740195726
161051.6412348132
161143.85381636737
161473.4915351555
162338.74452719672
162355.01218619355
162560.75624653202
162864.4187877372
163103.60848051804
163565.9890332999
163736.16462978302
163753.88048528705
163775.97591300233
164234.27422600743
164299.45336421015
164763.51160546337
165132.89776582137
166012.40843210922
166285.26171233892
167141.2307469544
167408.61340548957
168038.94833908416
168757.52236456802
168938.79553283192
169616.74622065463
170576.06149886764
171520.6695968876
171578.29138957435
171806.87486660332
171834.63651182334
171990.84643726592
172032.0394431047
172051.1742037385
172111.3576774362
173251.43894808894
173853.8781469013
174290.24093385166
174430.5236326525
174877.55163304342
174934.93353269744
174939.41017411932
175193.92492357738
175773.65642435246
175926.73228050457
176198.94132494743
176379.48515514494
176785.69381214533
176819.28284322575
177041.07511763
177736.5179465257
177809.29766133943
177919.1389862062
177966.17404377705
178050.2042441441
178433.0124020981
180780.81991836717
184601.49256537054
184613.1940587423
184723.6579245354
186779.00081401743
187429.41357338784
187436.56819386323
187439.02736299255
187441.50292204053
187447.75544807804
187451.1541418058
187451.98778934867
187452.49988215006
187460.82021124978
187466.84005403283
187467.0821758757
187469.52768866386
187470.4321383448
187473.8765213914
187475.3639399452
187476.29711178684
187481.9839255639
187483.47129548187
187498.42455474628
187500.38546194974
187503.93618202224
187504.4752250302
187509.61339309267
187515.20251821468
187517.566948889
187519.2875121942
187519.59001598647
187523.2377850686
187527.32784759128
187529.1193632171
187529.53320703795
187531.28243129194
187533.23610131445
187535.41624509476
187537.99485188347
187538.97836465776
187541.98814962286
187547.30955031767
187560.66170898988
187561.09267303802
187561.56360578546
187563.2702000221
187565.28879854738
187568.24158617185
187571.54418042288
187574.47856250143
187577.02097186982
187579.6306616041
187580.46327319776
187588.2494353258
187588.8475723595
187589.07107124847
187589.5997463773
187590.04580950513
187592.59046489745
187592.8860746128
187596.5200665848
187596.71086805867
187600.24680767313
187600.78435393126
187602.07775307444
187602.5060702696
187611.13102457824
187623.56244231234
187626.69369738016
187628.08856129926
187631.8871552489
187635.35736211296
187636.6891699871
187638.23368936262
187643.32214223643
187644.5284578122
187646.41741598392
187647.1300173109
187647.6883389501
187650.0682928459
187652.62022659235
187660.98142239312
187661.06050502203
187663.047108923
187666.13564690162
187667.64165494606
187670.92452430003
187675.061285784
187675.59127392422
187686.24537415247
187688.18715565276
187690.34541630276
187690.87637841766
187690.8906767941
187702.80895319924
187703.1560566657
187712.52930254242
187712.61592738653
187713.1954208013
187717.3031095304
187720.3367658015
187720.42877253302
187722.3783957767
187725.70733123057
187726.20526198926
187728.88917559868
187730.08948579407
187731.88722932083
187732.62075987333
187733.304649495
187733.77182063516
187736.81895818724
187738.16091565875
187739.3370661671
187739.35385018575
187743.16895741358
187750.6138990997
187752.6262422248
187755.75371294052
187756.40106219123
187756.95840848325
187764.95482928795
187766.07734211668
187767.71272045063
187768.09094001545
187769.4416002027
187781.08586802182
187781.70710394412
187784.0409607237
187786.87667556372
187792.3224690014
187793.47304611994
187794.5177618376
187794.60415603386
187797.15889518455
187802.6130735366
187802.67512953634
187806.17616923747
187809.47559498448
187812.37816204046
187812.64157490298
187813.58944937488
187817.26048358076
187820.36476004962
187821.10253375798
187822.10212466252
187822.6021906558
187824.31742137932
187829.5839726561
187831.44943406954
187831.81369433852
187832.8123294208
187833.47124140704
187833.98252030503
187837.08125000243
187837.9757945353
187847.37851156067
187852.44946753365
187856.54494690584
187861.58185264742
187862.61530081826
187865.8081800248
187870.07195641636
187873.65704527724
187874.96565453903
187875.37170908257
187878.21364759718
187879.23864532035
187880.15514869164
187883.88617993414
187884.91680431482
187891.4961681389
187891.7035701248
187893.66366393573
187894.67440379187
187896.16011979667
187902.57147795052
187902.57466722568
187903.1598481341
187904.46751131897
187914.63724954895
187915.33482911717
187916.32305624243
187919.10242569094
187921.8712042594
187930.5872396306
187933.26784315283
187934.4311493677
187934.92294567052
187939.43929852077
187941.3125238167
187946.81133308288
187950.32158096205
187952.61840731904
187960.0367744646
187962.86561621053
187962.97410659806
187963.64922101004
187964.67153475052
187965.36208464624
187968.917449897
187971.5756342283
187973.64037033558
187974.7310110906
187978.6518895995
187981.20081788753
187984.6596975046
187985.45785361913
187986.15147226787
187987.6106579953
187993.72675882568
187995.39561791543
188073.32822198322
188308.71536823624
188561.263277822
189495.94541052112
189966.92495907337
190102.23216184042
190132.8215575415
190523.46207742396
190603.27937991868
190734.57741926465
190768.55388876153
190812.95277573756
190814.3431247965
191002.27114557987
191610.5477733061
191644.7662605756
192077.9938309857
192424.51006945042
192769.49765458825
193142.71244715838
194666.42414521842
195199.86176993814
195678.51661786414
199038.35689337528
199180.95114511368
200546.5597322837
201837.14229128475
202620.96201577177
202667.28366775342
203742.68511782872
204508.2154022177
205270.83764012673
206041.93928766742
207935.6269415674
209603.7248981623
210440.66660870472
210774.97376258794
211499.31871754216
214346.82374955295
214458.91600045678
214983.92911607894
215628.78969948873
215711.52446224628
215823.9376206327
216379.95299795282
217129.6409794232
217260.36016525433
217398.98531450483
217830.92529089958
217963.89175982127
218058.15650623335
218225.51216473882
218545.59009748854
218606.40660327682
218788.32861848536
218904.7773299111
218905.09938426127
219154.1292088214
219285.3905042619
219768.88579840632
219951.3568572303
220182.8337499493
220187.393091024
220187.95476342225
220188.25012756666
220192.6261732299
220200.980859351
220201.30557743568
220203.968286414
220207.38217899762
220209.96197772297
220216.2569297251
220222.39654987925
220222.45846916782
220225.64612430648
220226.85876585118
220228.38097114122
220228.44880936138
220228.80468316388
220236.89103139396
220243.00185059707
220244.5841772734
220244.78488076635
220245.47772464063
220246.3001640074
220252.56343917933
220254.30000677973
220254.72889783114
220258.4738840221
220269.29816153127
220271.24777165428
220272.632823524
220276.26801823307
220277.8919129464
220278.89249105722
220280.62185749365
220281.2405161165
220282.508279227
220283.26467739776
220283.2809376142
220286.71013011603
220288.11806043866
220294.16715630348
220299.89114144657
220308.83078935818
220313.5305673739
220317.05583002305
220324.8302443594
220327.81839118912
220332.19504473766
220334.74115987887
220339.1854400999
220346.10534145596
220352.4417913336
220353.9976535116
220358.4579495122
220358.52589128184
220361.04645152637
220361.31605384508
220375.86674837998
220375.9543873568
220380.79302484088
220385.18513708518
220387.78158271228
220395.1668230036
220396.93478299127
220402.9006705144
220406.09791161885
220409.52863151798
220411.1620211756
220415.5144935796
220417.32243878001
220418.747102498
220423.15678020625
220426.84249615655
220432.80978802682
220446.306208691
220448.67669384344
220449.69106365222
220450.23307478995
220458.01781862584
220459.26925628746
220471.25616704175
220474.67557486356
220475.3402126995
220476.41136761213
220478.07069537364
220478.55714950105
220482.14255567722
220482.9068153373
220492.26257886228
220492.3844231527
220500.05376334392
220500.4951462951
220500.86916101028
220510.7857046865
220517.22348215914
220517.9541610122
220523.2653465858
220529.636552374
220530.86725417853
220531.56304372608
220543.1848835856
220543.7803462299
220545.23396691465
220546.68319534883
220550.05093444948
220551.1270916727
220554.2825931748
220556.27834750642
220557.0176339749
220559.56051559257
220562.15716374695
220570.04670316924
220570.2887066672
220571.35607243824
220572.79349176062
220580.59896917114
220584.38927652204
220587.0306449468
220589.36606235825
220589.65877567205
220597.76325092863
220599.86728831718
220603.53134279934
220604.27867816898
220605.04699421284
220606.44232246943
220607.11416348314
220608.08445251302
220624.11070702175
220625.96654917608
220629.87539760442
220636.76094227677
220640.86419170693
220645.6335107145
220649.043437597
220654.26120003036
220656.6089935845
220659.17026130832
220662.43150375766
220662.9521694868
220665.0333604043
220667.04661937524
220668.25854652634
220668.762183007
220668.96872982392
220678.8103639845
220684.79753830397
220687.02797074098
220690.2827252863
220801.2777653099
220815.24676456925
220818.45024065222
220882.7962759904
220909.30930193752
220948.77835352684
221016.8746881444
221021.01988054725
221170.08906420605
221224.0512154734
221318.57413260968
221318.59900920093
221323.27577395603
221327.23760447273
221351.24005697249
221359.94592396473
221420.71474224003
221430.4434243382
221432.60893381413
221470.62553420832
221474.08743007627
221481.20075339
221503.44728417168
221542.87625332485
221656.2695551027
221687.14152868895
221722.9174873328
221740.21337179068
221772.0370722407
221805.47817114112
221918.6242852212
221984.2637252503
222006.04194292764
222051.40192081657
222098.22110353655
222127.12724528354
222179.84795619917
222276.59902989387
222311.39145075355
222329.6544410396
222351.99350975797
222453.47498460836
222499.40356161777
222585.00894640584
222588.36295467743
222663.28309068477
222665.802637366
222754.43422278253
222758.0433819014
222776.93398303931
222799.6628384658
222812.28585119356
222826.31550482102
222838.53999361713
222982.23040528834
222991.62950366252
223035.8902346694
223050.3642717348
223051.81734961452
223059.3740063723
223087.40298888038
223103.9925974988
223104.54787868587
223121.4977689606
223277.4536902588
223292.93530558172
223322.69356267713
223334.6847083146
223416.37732721976
223431.12265473412
223471.8241035768
223483.71780947072
223510.6532407354
223551.29442078766
223605.5331393872
223677.86909460922
223736.77191534423
223757.44945664972
223763.43775558198
223798.1413937437
223831.96846748973
223832.83882276426
223845.0651631233
223938.97017640807
223942.62476164757
224057.15912905443
224133.26252686628
224348.50052103458
224458.89568309818
224470.76592602584
224501.94356343648
224563.53771486477
224610.76550612072
224622.1028040888
224770.96152334483
224812.20908242598
224909.29113550094
224958.02062547003
225061.87315360125
225062.60221671726
225121.56964291862
225171.92230486893
225218.40758103374
225224.8904111393
225238.72300973447
225267.84496263776
225333.74985719193
225352.616152493
225390.97012499734
225467.38302638184
225711.58586781414
225896.97054991327
225899.45535775702
225916.39687500815
225991.81957830352
225996.07675215107
226056.61125998292
226081.34514107232
226275.68818332037
226306.4674927859
226369.0884742872
226404.28789643553
226415.2259329084
226454.05158344907
226494.3787612729
226502.15909015157
226506.52438969904
226647.52141178533
226718.08672396137
226754.44852031104
226759.0063873491
226777.54282102044
226945.82832232316
226985.24652806486
227122.27389568932
227288.84498146377
227329.18473240416
227422.45319458243
227432.61044002403
227528.28074577491
227528.7737967777
227537.7407876277
227548.26734076717
227571.35102827317
227628.08649930003
227646.73591236878
227683.61609963299
227689.77264352576
227721.9150181373
227804.9291526651
227873.45294703695
227932.87433392074
227965.23588479316
227968.11673158416
227974.53354450583
228024.77132728236
228083.78055552725
228093.33789060096
228106.68060296826
228166.15309251018
228202.72171477534
228234.98045368606
228308.57170776583
228315.3117875973
228360.0503384211
228371.41225234576
228423.9224882132
228488.07892697534
228503.09759635315
228533.7099799745
228551.09525085788
228595.47499409967
228641.88968240411
228643.63775697933
228669.96045891172
228678.37679764684
228768.17923816672
228908.15110884732
228918.17762438086
228947.7400235962
228985.92409968298
229155.23885662583
229188.2977388575
229192.1687174334
229213.00796706142
229238.795354798
229282.97042715468
229326.20174726562
229372.45123586644
229509.22951970802
229516.2062374572
229653.69190444774
229661.6816291178
229695.71127279836
229723.32945399516
229727.00261706536
229793.10027961247
229858.35032508662
229905.60608677287
229921.8458044325
229934.85616640287
229983.6080442054
230155.11964093824
230183.93005851304
230241.42943989346
230263.37807183687
230301.67681112583
230334.46909968904
230343.02802385174
230412.84858637443
230428.3708204733
230555.7349946895
230557.6019058039
230563.67544275837
230585.91730242356
230629.46845590376
230709.46337501917
230714.14519715487
230743.55944159956
230773.78893595806
230832.14182742484
230894.39343363515
231047.3389358671
231063.53610234757
231118.94240265738
231272.74434782384
231293.5112429246
231307.01042992808
231321.80374452064
231354.75557658187
231375.16830501324
231408.04596786477
231474.26166951895
231654.43901553948
231699.60937872762
231710.99814808907
231721.46202096896
231764.29938723095
231792.9774951348
231816.4279130735
231838.35460360046
231844.3129660782
231911.39705846156
231940.83065833905
231981.92492231657
232010.20178952953
232040.40473517042
232158.93781321353
232261.6791508457
232276.03308795264
232276.70129592117
232385.3718083524
232430.82661298063
232460.4872993179
232620.8999959337
232663.47315707756
232706.39728238535
232794.13968819135
232806.08887983538
232810.49623754618
232925.91392961744
232993.33727947896
233020.427573033
233031.58773357968
233070.8904887152
233107.38807400147
233121.65086213863
233167.60389564707
233173.87733359082
233211.65016421728
233235.2930693318
233291.93523186218
233299.02019737766
233302.51942987263
233308.07721168408
233309.27944347978
233315.77736505753
233333.6530789534
233454.86872078682
233516.8158412389
233540.44549287437
233602.85691917274
233615.12881836857
233633.22495083584
233689.3473972453
233730.02730534627
233787.3930801934
233801.48518513478
233809.47115276524
233909.0596883076
233921.1626555881
233962.5316806567
233978.24247703256
233989.65811253802
234014.38284231524
234156.58396694722
234166.68339584547
234171.03278496955
234183.4198417734
234281.49647903565
234335.40142983687
234348.08419647827
234365.38100561124
234385.51350236862
235433.19146878962
237273.23351147163
238785.0279128984
239266.67673378446
240547.6697164178
242695.9648546148
243088.3709777575
243301.99081565003
243906.2023060026
244054.1126611028
244066.0412549752
244524.84249452833
245203.62625924277
246089.7810144223
246292.2986548295
246321.68543165457
246492.68571943225
247056.18182526133
247122.77859327578
247756.57057099757
249586.8123927053
250184.99699512846
250285.98408603278
250416.14123504583
251120.74273330183
251180.83719510987
251310.8782984405
251657.91303047293
251730.89256835353
251820.5232459592
252546.63968021976
253896.76024343504
254493.82054186522
254655.47462538723
254789.17022091016
255546.0558302326
255944.11139291248
256328.0393546525
256929.65565901026
257172.2386474396
257219.56641038845
257263.38862298304
257430.592503732
257693.40257001785
257782.99287218877
258184.62636829657
258542.1807718789
258783.197532796
