16.964294519201918
22.14637807219108
89.87106221309438
220.67531003315838
259.4520369958633
270.826396921356
283.21876035413527
370.68778057796686
478.00960655217665
496.38790964626696
524.7325652339855
1756.8465325080144
1823.3045774742816
2109.0244223539507
2260.572941588494
2396.5947626832917
2437.42895963567
2454.538355806783
2953.702804933407
3051.0161531436756
3115.589408836891
3155.836340223172
3479.131238105775
3692.845186080923
3727.119191062099
3797.54509239036
4039.758893574577
4045.202134148306
4208.685813127496
4215.629693643742
4236.625954101949
4396.296300275075
4454.908067469258
4567.793270307116
4568.392577612138
4732.658914725549
4975.712829437012
5005.843395287095
5054.202107497473
5074.085093837354
5309.07218990832
5485.379702497291
5527.570182029926
5561.3641876816755
5578.049337612716
5835.154842156443
5865.130411761039
5984.773656108127
6020.782685423058
6103.633884758043
6110.981848150597
6184.756590355322
6225.106676639237
6384.195067159834
6405.023952463748
6457.5401637488185
6474.753580516634
6517.901880425893
6570.904947844141
6632.1038409270395
6648.526478518418
7214.028446066092
7298.831850612331
7404.5834666350975
7889.4181430313065
8680.400779921723
8829.683546535347
9491.61118878408
9586.791968954894
9831.053867159117
10086.451807791967
10271.633516173282
10469.834041120786
10634.703627861736
11357.928789332507
11718.477709319995
11772.24241711196
12384.13542018969
12480.035342568084
12780.042871291977
12808.444183839818
12957.862694604213
12972.330306723727
13770.260077021692
14302.63686848371
14509.92990605139
14539.379091008163
14758.813718872969
15058.898181353225
15615.199689910496
16356.569483031837
16657.384384130037
16897.252715268216
16898.64328602675
17372.10222029186
17669.39705596533
18162.80418105871
18452.206293458796
18484.387864221408
18702.37431395533
18994.637990855907
19450.80852825202
19847.734575913903
20311.0686769193
20612.50390962011
20689.89482765766
20728.86753011517
21478.920580205853
21554.231284309215
21959.514534652204
21995.415729467677
22705.47277798886
22975.720132871145
23180.667093942175
23366.906617354252
23440.11231303115
23488.213442834694
23988.29310933623
24356.525613691872
24362.236960642673
24386.331561580846
24443.167828807942
24558.586425434656
24749.913980767134
24793.37178292334
25096.415564319086
25389.803334380755
25537.57651338443
26015.155911035814
26770.87278340066
27116.686988128116
27569.741844252512
27623.387618276025
27644.591045160898
27690.192519934906
27795.160720346583
27843.486268898458
27922.709841892192
27969.6390975024
28332.135632559024
28444.392469986386
28688.27708374428
28706.43967263019
28710.761491187946
28786.518688422064
28821.12656762275
28839.024544440294
28858.284331092287
28960.094901770473
29019.980823422502
29029.738775974285
29084.114504898476
29110.07807692043
29120.21957150622
29227.867969118433
29265.66229084623
29268.73674134083
29295.122432231838
29377.93739550433
29380.345421285314
29401.701718097273
29429.43712473845
29515.57630498021
29517.221505218902
29668.28014112452
29690.183577185137
29710.259614208946
29719.45446070298
29731.472172763682
29731.819859211704
29798.038546346925
29853.95811624512
29890.271391427046
29912.353457823756
29937.456698438706
29950.419979128972
29994.79002749035
30000.638589406706
30030.02756166192
30153.65002641349
30153.925512375055
30216.904837028615
30232.698141189336
30245.572457276525
30285.92275058617
30429.488785314556
30441.220105545344
30444.888716416604
30469.05481652844
30471.718759405398
30502.04675575129
30521.641910540453
30560.790963145173
30581.77867792427
30601.854585089488
30638.685428240326
30653.669494750822
30671.54280945831
30676.331774517228
30706.684976675697
30734.104238780008
30763.993772228885
30776.546084200578
30796.72244411389
30801.95034976301
30806.122225176823
30900.509196685205
31047.45380428196
31064.951461015546
31104.04688971181
31134.566959996828
31174.60011448451
31178.064526170107
31215.37934860305
31246.65208071132
31289.467850252535
31292.880023701895
31338.431543201637
31394.40100481696
31398.239780907763
31432.45543145809
31491.582627500462
31511.842234478325
31545.393528040215
31577.909018657247
31648.745720669056
31664.124427634455
31778.3694846474
31807.963674612056
31822.920920088505
31882.963628230395
31889.18534783757
31930.084605797412
31939.22600038598
31986.43405954336
31996.679444616457
32026.62101289441
32049.48346394244
32113.145931921048
32152.779743747622
32227.213091927664
32327.270201429663
32344.334143805434
32346.429842252524
32451.179315027675
32479.173810709675
32491.349633217986
32770.82855019014
32781.17029772403
32794.10584548309
32821.623019227656
32842.25068900759
32845.842591079774
32869.2922310223
32874.12277796602
32889.22658618574
32947.33026317318
32980.09555322328
33013.437871408874
33028.18308947568
33033.74994430677
33043.901464079354
33192.2463133065
33212.400494204
33243.152860386384
33264.545269494796
33271.20477524898
33334.42254873346
33336.14255776996
33393.45915210038
33432.260664067784
33503.43245387784
33607.85922220766
33699.962801663954
33714.391241147925
33785.3237683643
33806.71705698144
33904.09586220451
33914.643748520815
33954.84152429236
34039.820914583186
34082.726808969805
34094.17377648312
34399.573420523244
34486.71248292997
34631.89372640349
34632.82719002632
34653.87012305787
34992.83630495583
35960.983757264774
36001.17513675049
36310.825112060054
37100.96573109618
37226.36723783086
37928.431358514994
37977.47628077725
38002.10430666516
40990.79724667994
41437.69377674989
41511.32063902194
42972.290936967205
43347.81813131994
43773.34833668611
43818.24058986723
43882.20999650633
43910.42048326041
43953.70708010104
44103.072998707095
44142.16359872469
44193.33113499324
44204.66799165719
44307.10827816213
44348.34445784035
44363.74081036575
44409.731485001816
44481.09757279949
44499.559867830765
44543.86127664239
44546.5746648181
44577.25735511331
44582.11505181315
44682.42948498094
44805.93536890926
44864.474839088165
44872.725301014514
44944.1189433699
45010.358994400536
45031.951139051016
45039.49518842302
45055.871828689815
45060.56172769615
45069.342977969216
45073.18763773659
45092.07480849331
45247.09761663756
45258.79338916261
45260.760141233004
45287.2610665602
45300.451574332044
45305.79914184269
45358.112016515435
45378.36305080147
45409.311174265174
45423.26824788686
45479.37649070428
45504.110063684995
45513.666274976225
45516.46473413342
45568.49508545138
45735.68297643405
45744.35646360919
45832.55909873255
45868.25224546224
45875.28885319859
45908.00522337961
46009.90578011763
46125.764483552855
46215.436734969575
46241.417545480865
46246.46844261968
46275.13524402022
46284.42505259517
46432.18023125174
46456.169992314884
46495.62894512094
46585.13753442846
46610.63983431016
46624.801046098044
46699.005548470224
46871.10486716377
46888.486014559145
46988.49401374716
46988.77404689442
47022.93917123733
47030.294795743765
47033.3518349808
47111.34656567509
47115.509864468455
47125.804827873675
47179.258055346094
47300.14406053861
47361.1048211913
47542.31361162257
47637.29018531761
47697.96885367909
47706.38088324813
47730.39209206347
47734.60986648541
47828.752134814305
47881.74220994571
47973.08825007443
47975.41704840194
48015.729873978504
48169.766699847634
48241.849573734464
48321.75204961674
48336.478673633705
48351.99813110962
48415.59837805312
48487.29220300031
48548.02866605574
48613.00252701973
48658.40578486783
48721.15058630862
48753.52363815488
48758.94307975109
48759.458572693096
48763.05790092412
48765.61400762867
48767.742405772515
48770.49467221648
48772.57455078072
48778.98272185196
48779.76969323927
48780.93514949644
48790.93794924244
48790.98175693179
48797.864863229115
48800.70667524224
48800.78102654986
48801.35284089662
48806.610459974065
48808.05460540887
48810.29736779619
48810.3698912208
48811.13328405515
48815.76288920113
48818.27148733402
48819.684098491714
48820.42090253621
48823.01498475421
48823.05104941404
48823.07338800877
48824.12937012146
48842.2824270798
48843.946294164656
48847.98026531897
48858.63096768002
48858.76500778214
48859.011612165676
48860.38456550659
48861.60431655128
48862.28407240953
48864.20451237909
48867.59419950123
48868.02928434065
48868.83659925192
48871.02724314911
48871.582818063165
48872.66770329256
48879.808532528594
48881.085845210466
48882.277622525464
48884.3221897976
48884.43971728013
48886.66588264473
48889.43600637699
48894.39781309458
48899.531560934476
48900.27080481177
48903.99460885906
48914.56690810815
48917.42203443555
48922.21733966837
48922.393827008375
48922.68086509145
48924.737330176264
48928.514957133535
48930.90638677679
48936.630117047804
48937.24824070647
48938.17881454733
48940.3932061989
48945.876022724806
48947.09756033559
48950.75675902675
48952.97559953294
48955.383473504786
48959.11400405974
48967.21868145675
48968.4246060359
48969.72593133605
48976.21349681173
48976.889673260615
48977.808770123105
48979.092872306755
48984.704309243745
48986.31243279214
48986.44855505518
48988.326691919116
48991.349224846344
48993.39119846749
48994.086392525554
48994.6593755262
48996.15351695691
48997.95958982836
48998.68918122363
49001.29508040243
49005.00749739901
49005.29798403711
49005.50842846586
49008.623778309506
49010.85128625106
49014.08562347889
49017.18112988895
49017.383849365455
49021.340010643115
49024.866275754604
49027.46096883086
49031.09834029465
49035.46385255989
49036.55066203063
49038.954964598575
49042.0832365341
49051.04043738958
49055.4814800221
49055.74712236882
49056.324586986215
49057.902357424646
49060.92137344773
49065.27589067152
49067.18807180589
49072.24935206113
49072.44351815556
49072.46972430586
49075.74686065963
49077.05345957196
49079.7720277979
49081.068105928505
49081.88917201039
49082.36242979816
49083.44955458258
49089.33602100996
49089.90069724279
49091.49139391056
49093.11547416558
49093.500899711056
49094.395621114425
49098.424322020626
49101.48025926667
49101.8742161413
49104.24287792517
49106.80107154086
49107.32878867938
49109.342147850206
49109.96132879293
49111.25936625947
49113.476251524255
49113.87137452013
49115.73647912781
49116.70696956544
49117.58212543537
49120.44660068352
49121.18492085511
49122.11312532839
49122.2048648182
49128.919778316165
49133.92246911684
49135.91911287469
49135.9728862869
49139.06461857047
49140.083642505546
49143.00685748429
49145.42897827308
49145.52024433675
49150.54291502731
49152.712339613085
49159.58891533894
49160.58842397654
49167.24332339572
49169.55130952799
49173.645961774215
49176.301493038765
49179.03781785029
49180.33676076377
49181.675768873334
49189.14660150957
49189.956139492824
49192.930037075654
49193.78526578672
49201.006929035284
49201.25480917704
49201.97554980473
49202.24421034344
49203.88756980017
49205.861054592206
49207.61720523815
49209.624018119306
49211.67219750883
49211.88602864139
49216.92847871278
49217.4370756503
49218.28149786794
49219.04534279316
49233.96510908936
49245.789513756696
49268.19352150492
49275.803518206965
49373.722687890724
49374.106305988265
49386.828286930046
49467.399673092565
49602.415495052635
49622.09191255194
49702.986918487
49779.06212596673
49841.21990716917
49927.085557070015
50184.25019485254
50240.09495840545
50387.84261154091
50419.07273510252
50437.937125956
50452.6606871062
50481.357334772
50509.80760011472
50596.401079700045
50707.46711030205
50887.14295037088
51350.51113227538
51366.036835007784
51378.351777203025
51532.42926547906
51759.834314791646
51794.44735715239
52203.08740502803
52334.093149968554
52567.7691516125
52847.1585145865
53109.81601109274
53458.81693226858
53695.82391519158
53958.95788397743
54119.13592191286
54149.21051207751
54715.47635479438
54735.87954619039
54781.15960809553
54851.75447979383
54872.17402390618
54874.32441816479
55081.728117197476
55270.63888156495
55322.382685476085
55467.361301821315
55792.14971268192
55980.86783823451
56271.457271669584
57332.559860406654
57862.93331180295
57978.273517104324
58012.26468893598
58099.55407078413
58140.40563362319
58157.312277579884
58192.161257215106
58275.03746076863
58293.90257627726
58531.39115973365
58537.61214685604
59175.567489235946
59290.76483478674
59503.884565314685
59910.60084258682
60499.45952937988
60555.21579659526
60593.73324277965
60839.050188280715
60957.08630850597
61231.97572900873
61439.26134345255
61459.27531846423
61480.23409007102
61613.539906813414
61677.59389613311
61763.20721817009
61983.488683776595
62371.34821001991
62478.311625727336
62650.711925810116
62802.5929568551
63292.230381201654
63506.321212334646
63518.81576459059
63642.01774788728
63679.64414164268
63720.52273118294
64159.48253001296
65995.9492563595
66185.23182255178
66203.87063853427
66816.89525980987
67192.96482397467
67210.63937026772
67507.76971437654
68239.9331011146
69046.83816069539
69271.26711327981
71058.13461824051
71144.37396958408
71346.22745380731
71627.04084114151
71802.39166991667
71870.99010551523
72546.05118805272
72561.39730744835
72616.69153545663
72677.92989710864
72743.26342505204
72788.94153718986
73046.9266586404
73075.09669069281
73458.9718949694
73775.30637037149
73843.73136070101
73911.31406915517
74171.3838969195
74987.27481100456
75064.5347801436
75086.98015423368
75372.19164020917
75448.64228418992
75967.62160649698
76084.84612716043
76273.95504780683
76325.08929332958
76335.87660779055
76343.64060303144
76508.2887176839
76663.61345491624
76911.40898299536
76932.81265422177
76941.17682094612
76954.55185376528
77159.2610948205
77275.9380794813
77323.03166518622
77347.985579002
77449.97353358277
77514.54892451827
77537.93447348372
77560.80334809609
77711.27276957662
77821.86935810652
77835.00775464707
77992.37719680263
78117.94064099005
78282.5808494995
78408.8845829274
78447.23571002016
78597.35726866538
78680.96765406006
78748.46314195212
78872.54897537237
78872.64315134782
79026.35972158994
79166.16477097095
79209.13121025419
79224.83575718984
79249.67372545897
79420.7918492871
79526.73623733557
79553.05119592565
79553.07229528349
79760.36694950207
80013.37757890242
80118.88900766853
80205.85703535183
80213.32148063059
80396.93052634773
80831.05575199697
80867.67203076411
80955.06691995135
81044.03943078165
81158.12232866244
81505.66669549615
81507.20787675898
81545.01906575209
81598.9462757976
81660.08710107568
81661.80513592773
81696.122869605
81757.92492813917
82070.79521727163
82181.46905547279
82206.81976939201
82318.9399873836
82337.20396117361
82365.29408090013
82480.74465063433
82523.1047181489
82613.33171309889
82626.01959151588
82678.67997748987
82741.70362726161
82879.4702375985
83075.67608729927
83179.30992880228
83277.98600437785
83452.73894310712
83607.83992274526
84030.70868961807
84174.61334543681
84248.76569745893
84408.64009054928
84524.52250238958
84709.37355861103
84930.2204581428
84947.2457517635
84957.80581647354
85526.698188564
85738.8977264569
86662.86622689238
86669.73214222724
86685.55982987786
86773.91268679043
86787.58485244428
86989.7194643492
86994.34149554525
87051.65319117068
87078.42446892375
87114.90291570092
87267.72041430039
87366.23989493909
87550.85624742681
87891.38989816404
87902.59161207073
87924.88360247717
88412.62409663916
88434.07156903163
88514.61871960138
88529.51605767928
88641.87368417426
88962.83128173751
89178.6582339861
89337.2176236258
89362.51607566106
89369.81563854798
89448.9437365893
89453.15051191286
89485.0222215904
89511.14202375092
89554.81802127529
89560.87395082354
89567.4462996813
89596.33725890121
89620.25520905822
89734.47788795954
89811.43200265491
89887.02310719466
89890.09524628076
89899.54210315923
89931.24940853
89952.07590417545
89960.67951555352
90114.22366828646
90229.3376670831
90242.86607327379
90578.84304210218
90585.91547221689
90588.63023285636
90716.01008958573
90726.53139129859
90759.23894244088
90799.13177719415
90814.00461075455
90855.67113389274
90949.80215290551
91197.52889451297
91265.99735336643
91301.58323222694
91592.78575984784
91650.12608385574
91977.72011314222
92192.45028554653
92226.01310781579
92599.34502779938
92742.67672593691
93070.3558656345
93100.0749162063
93102.92575298814
93305.09645579451
93531.39382532536
93534.30491482271
93741.03817604139
93764.08239515536
94006.21452022494
94881.20793202866
94951.8030505561
94993.20354566356
95310.32549235152
96005.30338616893
96031.0563060534
96041.10334900681
96322.6558890259
96549.4200292825
96615.38857720485
97212.39762640878
97574.93276323244
98006.85612311424
98116.25066080186
98266.2883412875
98303.80246165159
98314.01708226629
98479.8234511106
99673.05959286957
99735.54961083859
99851.88468013796
99893.09307293277
100137.24096657205
100298.32769713082
100397.7568132398
100731.5927034288
101013.14326468555
101600.75523345382
101733.66812955834
101806.45598202688
101846.45534779895
101976.7325070774
102927.13308326273
102930.57653890357
103051.59091994574
103089.60163748039
103678.4089947703
103911.74719669048
104036.1187332171
104871.35667459384
105200.72874619777
105417.9111279905
105585.9939641423
105695.940561022
106488.7752675028
106682.69084221502
106687.97416554221
106905.57377099594
107248.94034291508
107521.27203275517
107871.33733309769
107873.43634802537
107907.2103218327
108161.34652169677
108205.7609380746
108420.76754592788
108577.18810508586
108661.53277833691
108876.51606799227
109995.67447466902
110003.23689724236
110025.71688002892
110430.84071127666
110906.99159552826
110910.11323648896
111140.31232677003
111220.178759537
111382.70738079224
111585.51293141328
111939.01640161722
112299.1833523655
112445.17392050105
112584.32453380935
112719.13873489574
113039.52678660833
113352.75395274968
113509.15478060833
113734.40003780514
114258.70880356684
114339.0245488132
114951.31432663792
115087.64109525649
115093.1105927978
115096.47647638945
115148.88272484527
115203.8093683896
115257.69706870565
115276.63455569139
115288.30693771967
115306.14126857687
115340.45200801262
115373.43683711244
115414.37867890194
115418.90725355865
115470.60843776428
115531.41255709069
115621.16391991609
115773.77703199313
115781.24222812292
115835.15332264404
115836.88032857297
115861.63845290168
115916.41589171675
115955.91821792079
115992.69140039496
116035.91843777488
116047.08999515255
116076.34846999354
116093.91534317352
116098.91620983912
116190.33396017506
116192.83351607356
116194.34724482714
116272.97588165071
116274.26046063808
116350.54911014315
116366.44940190097
116407.18694497354
116537.98921580164
116598.16636639941
116599.31288341334
116602.70857552605
116616.17363756042
116621.04733775725
116625.44292985782
116646.91151339436
116758.38078673976
116764.69245843263
116771.76904657618
116772.99462823209
116798.07653092727
116807.68149491584
116808.87371035578
116918.0339838353
116932.12459323477
116935.70449206253
116955.73205566994
116984.72893652518
116984.98661049188
117015.56084122695
117023.73297406605
117047.41382987071
117074.10026667765
117223.41757396239
117280.45930169045
117290.27496611123
117331.6000113988
117372.58988300234
117373.06850424074
117377.76897499977
117384.60980901752
117443.41973896614
117461.50432350353
117498.02993961639
117566.27536026898
117570.27709322394
117615.45330031926
117629.15193288759
117693.80871318927
117744.02223417889
117748.74350535023
117771.58701867613
117809.7347901313
117847.78859520689
117885.06921699959
118042.95199372803
118055.30916324795
118199.02551995232
118204.4910110712
118320.53592828325
118328.43917718355
118330.74209586419
118371.83915163981
118458.49108665099
118485.45013070518
118499.48323339332
118616.31451179938
118634.60061970586
118640.65356925024
118724.50092876115
118734.21539839004
118818.04133994623
118826.0794687116
118968.02784416222
118968.59595949767
119066.44751363456
119079.94366683454
119089.89874550325
119103.35481669751
119110.42775641065
119138.92781213333
119228.15353060828
119263.13559222684
119301.21141631532
119309.21932623858
119416.47607106979
119416.55545462445
119459.3082921301
119554.12149191779
119584.83857762653
119588.72769474667
119604.5684387965
119629.63634025138
119638.43072520698
119655.46171332766
119728.40939650561
119750.6279702369
119806.60770533995
119869.08076195008
119875.63693203861
119877.5040254464
119917.58095671894
119939.26622116005
119990.32771849775
119990.73096056774
120020.78811473167
120062.37759257831
120075.81783467386
120122.93008477282
120137.63338011163
120150.37838066582
120243.46973805598
120335.72708224329
120345.28898133828
120432.35066490975
120510.77247550231
120527.69606847089
120532.09727316519
120542.14857317787
120632.35024995223
120676.41810800935
120715.2792560165
120737.42961558222
120849.93121295373
120860.56613111295
120869.69254915498
120876.4551298797
120953.84337297404
120962.7857743619
120976.43325966083
121031.06351590587
121047.89811260712
121096.95231859793
121099.76673370204
121194.81214291137
121197.32874522085
121266.0757560526
121309.31634231957
121322.66029598535
121332.04843254037
121354.27027360495
121368.70790957118
121372.97652225054
121394.86476857413
122751.70037215838
123564.52854981014
125958.33202421744
126641.81259402883
126822.55856836401
127198.83000052284
128964.46349435968
129443.44124585314
130171.14907596997
130340.11913408831
130378.17151310391
130401.79663209085
130413.94885885587
130509.06564527052
130512.97908831594
130628.16823530105
130712.93007441149
130744.50989159562
130759.6212688383
130826.30046044142
130850.81100908268
130855.18995552004
130871.56162418328
131001.5334456173
131042.40742656798
131098.5559928417
131108.67757386417
131137.98836338386
131372.75018797442
131382.836762139
131396.31867352081
131408.21070476738
131411.53950943766
131549.00025022487
131810.73943636834
131892.7962774001
131950.26580301556
131982.7045348491
131986.34384872363
131987.9129268345
131991.36097771232
132046.56605553068
132054.36314257485
132079.51068219508
132109.52370292653
132191.0686622146
132201.75342693468
132209.59756397543
132243.24815785047
132318.4102895268
132392.43349053664
132449.10278852255
132456.72686957245
132481.16383307584
132489.91965055786
132530.50243749222
132560.77777715225
132594.3915577944
132619.19556689705
132692.66545180223
132763.88176199593
132783.71318687423
132817.55363040147
132821.09706601454
132873.97230131523
132894.0201702284
132916.31134382205
132964.04694244318
132979.23434827148
133066.17411172856
133096.70759930232
133156.96260818347
133246.5456618751
133272.4048086711
133276.24315914823
133348.572605254
133365.70863761817
133367.8401744667
133393.39231101377
133523.07265748706
133524.79631630649
133562.96060779298
133571.73578910393
133572.82594860648
133850.803819989
133864.7382377184
133993.9554066237
134013.80601627502
134053.16598616246
134060.5065310087
134075.1822247991
134315.92748257847
134358.90666106078
134395.04583373037
134580.78151673384
134664.46872114303
134786.73740881588
134854.2933801948
134867.42258097188
134874.31718121
134931.03069085273
134968.75557636784
134977.43549311243
134995.32600983267
134998.82003393353
135013.10395752318
135084.6273129093
135084.77924287668
135151.86620902
135152.8900183917
135154.51020271893
135154.9128222438
135157.7332469414
135160.75822091306
135161.39047772417
135161.91778446286
135163.79726444394
135165.94318253984
135169.8233461336
135169.82370124155
135170.04986916273
135171.22965200536
135171.460813045
135174.3658475482
135176.50030304785
135177.90039780422
135185.19469359226
135190.14915738223
135190.34477314373
135191.55906369866
135192.57699230543
135192.7425979894
135193.2361847675
135195.05401814368
135195.09830511748
135199.05319276266
135200.48395772165
135204.77557827695
135205.63538990635
135206.6358766873
135208.118704142
135208.7981242443
135213.47267601307
135216.57428909262
135217.9442874338
135220.6886733764
135222.64104179907
135223.8407270724
135225.04271378717
135227.06063207964
135228.352684922
135231.0804357393
135233.18133530326
135235.04260131047
135244.1379839785
135248.44609945803
135250.84119012556
135251.61909501645
135255.885891603
135259.40121477604
135260.57216755138
135269.2807335966
135270.2524901252
135270.38124733025
135270.41951677614
135274.23346701032
135276.17858295725
135277.23431021045
135290.756743028
135293.5582590436
135298.23712035327
135301.29361870443
135308.43973368316
135313.09627431666
135319.50935511928
135319.73320849054
135322.6367967123
135324.83254465333
135325.32832894623
135325.55994042216
135326.102820818
135342.04201572205
135342.38290224626
135343.1276684919
135343.6717193013
135344.43121321805
135347.21155713586
135349.88802850113
135352.15993662152
135354.10751420155
135355.10306780142
135356.33069041956
135356.5441117494
135356.69537602324
135361.93748851644
135366.2879924354
135366.758551315
135367.28178973298
135373.89184922128
135375.24315515527
135377.81665969448
135378.66666651613
135379.51305943727
135383.8368335094
135388.49756286445
135389.56808185525
135394.5365367151
135411.51521240274
135412.10869617749
135414.31712419112
135414.62204516563
135414.67038193633
135416.41271490097
135418.1985903118
135420.50677613812
135423.92953700878
135425.25533216802
135431.2621243761
135436.4438645786
135439.47827073306
135443.3247016132
135444.35611525478
135445.78610292208
135446.0859657937
135446.51655045772
135456.01952276897
135456.64510778373
135458.08760499745
135459.9449159461
135461.78154178587
135463.33106677257
135464.32333920326
135465.57948271077
135465.7846637581
135467.330775781
135468.724244359
135470.15223863884
135470.49372226937
135470.79375455723
135471.37066727673
135471.43090939042
135473.06587380474
135474.30701893714
135475.3540897933
135475.43689588687
135477.53184934356
135478.12301555363
135478.18490180097
135478.29149779
135481.20031586735
135486.21014518838
135489.28796448043
135495.9113812634
135497.0990349853
135500.61834138888
135504.08501590946
135505.43912234105
135507.34132502816
135507.96045577287
135508.79043472037
135511.90066251886
135513.590059393
135514.593534027
135518.116840508
135522.99044541985
135524.42281155568
135529.1238975178
135529.20987724385
135529.72693783563
135533.6441756881
135535.17577228902
135535.23390315738
135535.59072360038
135537.9707624581
135538.60892115135
135538.94097291617
135543.49759708665
135544.8154623873
135547.24152698182
135551.29832257298
135552.42064772634
135556.38281258795
135557.04797791352
135558.85143054507
135559.1984185725
135559.77370383628
135560.5442107049
135563.51613095056
135565.3868174988
135565.8404237148
135567.3276175383
135567.97602427308
135579.88806602248
135580.0535655599
135580.13651120162
135580.2717654323
135584.91681310884
135588.08826046763
135590.75537163427
135592.48292507077
135597.92420910194
135598.72420016048
135600.8713780457
135602.72410758788
135605.3945446382
135605.93979582418
135607.32883366058
135608.00546504342
135608.3426860006
135609.90484365955
135612.57803673897
135613.5505663162
135615.37691646715
135615.82151576685
135619.87357465655
135621.92097416092
135622.12741761617
135623.82762166532
135624.01919468617
135867.98519171047
135878.80306860275
135882.7043422133
135902.1642431958
135938.21657756207
135940.32096249302
136026.65673159657
136177.04433550913
136380.8058197088
136388.909827954
136544.1072562996
136548.88278466993
136793.27367962696
137112.83687631803
137511.83352677056
137718.73702046683
137878.5254877886
137991.51162904192
138251.7862732191
138331.21822638751
138460.36424608144
138703.00023390405
138932.61479702243
138937.8877057949
140183.43613781544
140619.90564598097
140727.91523527144
140810.212122856
140853.22754175653
140956.5906177532
141773.23527309787
141783.00015600817
142063.91158867316
142790.59814818657
143038.42386850502
143102.22089777194
143122.36840942464
143158.3204007147
143250.60795308423
143501.92350651434
143796.56018429768
143811.02302074828
143843.44537565837
143886.32130626595
144244.34172294778
144495.35485949946
144607.59030177756
144920.05873461117
144954.22035490433
144975.20476821504
145416.51182966243
145434.25599927746
145445.79152508313
146018.77905888564
146059.51587438682
146611.58023834182
146678.9396451861
146708.5993603888
146788.6853628012
146985.94715122486
147230.2242476821
147253.4732554512
148154.9140341944
148584.1976498264
148934.45750165076
148982.4681963803
149065.02407080153
149289.83312526092
149636.47565202473
149739.81172904186
150033.5474312593
150559.59564793122
150941.86166622723
151026.94147905218
152344.52502454794
153097.53382276924
153226.68653316682
154391.9740291839
155155.56066525535
155261.8180047038
155678.96947106376
156244.3256657442
156578.5928189894
156712.93894682487
156956.71793257943
157148.26054236072
157466.4500708414
157603.0885700776
158149.8183138938
158185.19626768073
158394.737329214
158511.3897595185
158656.72496938088
158900.69875393668
159507.290831846
159816.65526164722
160085.51918280995
160130.2463153418
160138.2905213972
160415.0174347348
160572.6621914574
160714.86670328456
160817.12004097228
160818.70414776803
161153.853194345
161253.0455222957
161374.3503802726
161418.12784764468
161511.6453626238
161604.42467664432
161851.82673490263
161926.86524756963
161977.52161477276
162463.82842718606
162515.15533463974
162653.2012617071
162899.92795667535
162904.25697939255
163185.8559797585
163322.361574249
163390.82382148068
163393.08270603538
163466.6548948265
163570.84020400676
163635.52926002935
163735.25577810133
163893.42901947693
163938.55776357668
164008.5431726035
164221.5705013199
164467.47958931728
164531.46102938504
164582.10342577117
164633.11768662164
164677.27406499343
164708.94646620666
164748.63304762496
164883.7056446928
164985.4456266825
165200.84565299918
165201.89443865046
165281.71371833704
165372.8617411623
165523.78974153395
165560.72475300496
165749.44053606247
165791.21106266265
165910.02163908834
165916.18024172162
165930.70384460897
165953.32027644408
166029.0301073547
166132.45863016444
166325.49553597596
166405.26568118218
166461.5558872944
166946.78094932094
167213.10281598804
167516.26734703535
167561.9904643359
167649.45185017565
167676.29163389915
168050.36658504832
168131.11092892796
168375.5422372834
168398.8393786078
168482.65485730587
168488.3160531504
168550.1204408867
168590.72246212623
168687.20582746714
168904.01612560093
168938.1570592526
168954.44603899404
169666.17977655787
169777.84204114505
170116.84086623183
170257.28299010027
170868.19322384128
171013.81680488453
171227.00564877328
171228.91930210925
171414.05222044513
171482.20819526093
171523.41235643977
171970.24441458075
172121.77498126827
172183.26455726463
172303.7579886104
172360.3079461119
172447.62987892923
172718.33313018252
172854.7008799958
172869.40064540616
172968.91639504232
173078.46252759045
173296.71014942133
173653.82754644475
173743.4304065155
173873.93574199599
173954.03404711065
174014.97849202898
174024.3831683921
174065.8483744897
174090.46145152417
174283.0484951865
174486.8419480755
174594.7763113179
174653.5039170428
174675.275272131
174974.81768869297
175066.52028916962
175203.7264537366
175366.5213083234
175773.10075570687
175790.22914095782
175961.45272025611
176253.67880162614
176265.31640603734
176369.06917020248
176524.5408893451
176530.18375857672
176617.79925209362
176873.5657571665
177050.85563194516
177143.17216340988
177226.4244042496
177289.49003570646
177310.2116114961
177322.04450374065
177345.98494584832
177368.89715600363
177398.499163497
177443.16931100548
177847.6151881614
178013.36787073695
178042.7637825997
178217.42369308023
178265.90704221255
178335.2356566387
178755.59953912263
178797.4376198454
178871.2326439765
179008.27588403004
179113.84563533159
179253.26600549603
179469.1751485763
179492.24591803743
179598.09472820576
179801.62815029107
180036.74209334803
180070.71546398077
180105.856670198
180209.0716965029
180368.7241346106
180656.88906676215
180984.2975004631
181048.57029205136
181201.29165543895
181232.8606093904
181336.5138924166
181390.26760112398
181627.78977667406
181694.83106853848
181786.36710531946
181866.13981924346
182016.12403377684
182131.36004389028
182294.5334799436
182383.04538631928
182561.06313758495
182565.78027860026
182787.70699956035
182923.73496085906
183005.8740571148
183085.54102837914
183097.17834736902
183629.8217477145
184080.80574395318
184251.86427758154
184450.9871958292
184703.31619757885
185062.24698325805
185571.0697801392
185765.50923319857
186000.58430519883
186464.7314324204
186890.6766093551
187426.70662252457
187479.2740097124
188139.2725508931
188177.150023406
188596.25243196898
188905.04718980222
189452.6660498555
189466.15003402598
189786.47569144642
189817.52839026097
189833.393070075
189918.7000743667
189950.48924610647
189963.95620852665
190022.13636003018
190447.50890165597
190567.0880767795
190592.6977854659
190736.38692971366
191060.51505361224
191136.76119744524
191186.3821128685
191569.48862240565
191696.82705952268
191827.0674770673
193007.70853002387
193091.4992862228
193286.7074209257
193499.68915190754
193922.90214941988
193966.53379637093
194058.27886278558
194557.9980813067
194715.3343672032
194819.7452228195
194832.26558366776
194837.83529406312
195148.45963597053
195701.9820248272
196024.65532020415
196152.03405483524
196248.20872201415
196822.70443926798
196836.8481972784
196844.3521184357
197086.72096449038
197127.68235711358
197266.2819994891
197373.5725986263
197378.70863021383
197464.07443435298
197467.21481461514
197572.25578807326
197664.85389925577
197705.97945444717
198063.50476488925
198221.28762536324
198827.98152984108
199501.26087281515
199790.9296194759
199856.00520332713
200195.60066836898
201138.1454191089
201282.25318743818
201427.71599146177
201434.44771558707
201434.62010394302
201490.13770421728
201654.40612887344
201712.91113219436
201858.0372216125
201888.90424371194
201889.78706619443
201958.23607764096
201987.59027708689
202037.94034543837
202072.10372859807
202075.56588100235
202122.9235368109
202135.26752802375
202193.70667496862
202268.6821602692
202269.24044754764
202271.0166918638
202287.65639180766
202291.8086753076
202322.27960107545
202341.57235025117
202381.38642244393
202457.04279785897
202486.3102099045
202660.76399158227
202707.26888471175
202712.4354982422
202713.90910011117
202737.9133425014
202841.67138334177
202843.16899913095
202862.62667301166
202882.9933095664
202887.18097395127
202989.9122554871
203062.69046907217
203122.76936100918
203133.37378842616
203139.8545562799
203165.68122640494
203389.83041626675
203473.1522480903
203568.676602856
203597.1277653767
203608.8774491322
203614.3989737302
203657.54251077984
203682.80905020816
203693.46888243224
203716.57300841328
203727.58356388716
203738.31304126288
203743.30602596444
203769.13293557233
203794.31817664995
203905.42280305922
203967.49755572894
204072.75554924767
204116.76549829906
204177.81427485176
204190.82595091203
204202.1640063109
204238.19104627185
204332.11085649734
204337.67663596527
204344.23397373199
204347.8180368479
204389.67676963686
204457.29168462887
204546.51359899473
204593.42031611057
204715.79091247963
204804.91783579148
204929.6143816638
204941.6686780722
204946.95207730957
204968.14476824756
204993.1199109593
205003.25266892387
205013.55851733428
205043.25173014225
205053.7276386925
205120.82049512558
205147.82419497333
205170.6494351082
205207.19861776265
205220.52818867206
205285.29939881462
205337.95909996552
205351.13983844637
205411.69536892077
205424.41366921156
205472.02503139505
205485.09245349726
205533.07672039396
205545.4756297263
205587.2730249189
205633.38706307145
205634.7166853941
205688.2782654707
205707.32701923218
205707.34424334634
205749.54544086772
205762.2677607335
205794.7968754493
205813.05221342723
205957.91253534931
206063.03233126627
206134.0732061732
206139.4189622569
206153.21696248892
206154.72583987098
206165.12620594827
206171.30450331903
206196.1676922389
206253.1731659177
206333.45283924887
206341.7480786037
206346.25031790385
206378.29607756162
206399.42880020576
206410.01528879497
206424.6100588322
206447.8243286469
206480.29725054058
206522.2833272254
206552.91508421378
206564.3448639222
206631.0339035496
206649.39433159906
206739.89878439318
206785.62301509158
206841.08854155143
206844.31403938713
206850.37105758034
206851.3387634823
206911.34671444772
206914.29183230744
206936.1940973374
206962.71226972115
207010.74727852063
207077.86776800128
207090.48171330913
207140.63636238623
207251.54351722688
207308.4997929272
207369.25765897744
207416.6824772777
207444.95557230484
207457.9528300854
207463.13692452677
207497.13655139616
207498.00474256708
207566.2390293516
207629.17633239398
207644.32801165426
207670.17341983016
207683.30718257334
207741.2112567858
207747.67792170667
207765.13109966792
207776.18696984666
207786.44248021432
207787.25197058116
207812.60527749735
209181.39323956607
210873.52369391438
211963.44838294893
213523.10624987137
214005.99272416593
216496.73275006528
216561.66213601397
216602.98303390318
216634.81991024237
216651.17669155617
216718.2456770143
216728.0076050546
216844.24275343452
216920.8003431064
216988.4930384393
217022.51403164282
217032.63920208887
217083.72004714102
217109.45854803143
217134.3361170871
217141.21731233853
217142.39777102065
217189.38839547336
217194.67924300858
217248.3389081528
217250.141099851
217259.31388980418
217439.7574893233
217569.16589319095
217670.95251836453
217701.50273781005
217768.42912286846
217769.57651905075
217787.89911772966
217974.12588473634
217975.31821283267
218071.60369995385
218084.83314019744
218229.746856825
218253.20452934364
218266.7193139493
218312.5253079329
218331.33138937553
218384.5270982402
218415.11604851251
218467.65777739754
218546.8171003369
218629.9428383244
218650.93158202516
218655.69900223566
218679.4562595125
218803.97042501505
219081.16170945193
219120.37189962823
219131.0486980784
219251.32561728472
219278.60845760905
219292.9250780686
219348.73216670577
219360.60645002345
219429.31543205152
219455.13384490396
219466.47573902304
219488.8815478347
219513.72001870448
219541.0502277311
219570.93827047644
219622.4864823641
219651.60026483802
219672.38107369866
219693.7401857141
219708.5576713833
219732.73441493962
219837.2228101253
219843.98407683492
219853.66716376168
219956.54906508652
219968.04226430462
220053.98322644318
220092.06213962776
220144.77166939084
220243.32493598032
220244.75596684974
220275.54527539262
220280.73866184874
220307.52829490032
220385.80311229266
220408.49056936725
220443.21164313838
220445.5984828894
220473.34755261854
220614.23727276427
220637.7572685131
220738.67642531224
220744.95699145287
220759.08006208934
220826.41078874766
220877.8862676302
220890.03957631066
220917.18952859894
220986.15994023843
221004.08400784674
221046.06069235684
221125.04278642093
221140.46205676033
221232.47749356338
221289.95518505666
221336.92618963396
221400.2747918545
221414.19234116861
221552.2993655156
221554.57670995843
221557.0330371894
221558.19379665595
221559.8198374362
221562.64032017867
221565.81145793558
221569.21203578293
221569.27471451525
221570.67914379237
221574.08901835035
221576.0535359118
221576.98258797778
221578.87039022607
221588.36418786546
221589.17462512973
221594.30769419405
221600.4140896303
221602.88821137446
221608.9314246877
221609.86512416007
221610.1861060345
221610.56826440367
221619.50595811545
221620.50702705068
221624.938895243
221627.73284247742
221629.34869411436
221632.07043672822
221639.11309220947
221639.52580254004
221640.78153624007
221642.07545049087
221643.4093839841
221650.12495654187
221652.46383201747
221654.6728814033
221656.1669415461
221659.4913691021
221659.6919367742
221663.32640874293
221666.23213596467
221672.68400598114
221674.93716670497
221675.0645749345
221678.47461439608
221684.06872085715
221685.7055109939
221688.33346326064
221688.7080099961
221689.44818730257
221701.06233900724
221701.76377968793
221709.85265260504
221715.03323941678
221715.11452747806
221718.42377488528
221719.2043067643
221724.94577647944
221725.23944379506
221727.82264447605
221729.3681121908
221730.08766831085
221731.1752007071
221736.9350088332
221743.06829193071
221746.31097351154
221750.88313061398
221752.0909182366
221754.09351629915
221755.2582846159
221761.06208668236
221762.12289447634
221764.1122494322
221765.5875189084
221771.35958614777
221775.1530225197
221780.63930330833
221782.79391476614
221789.19318563305
221791.35031568795
221791.57141176378
221792.52825327282
221793.0353578453
221795.57378538713
221797.41002209455
221799.8718211248
221807.62160369827
221811.13984938152
221813.6324934245
221816.11495099918
221816.29063276164
221817.28287622012
221818.83932213858
221820.36289360432
221825.98510558892
221826.56263189763
221832.47248198534
221832.94461125025
221833.61538025242
221837.4649632441
221839.27277794247
221843.80207876887
221844.04458969232
221845.14662486635
221845.63599894545
221849.27158164667
221853.33358385792
221857.0379161795
221859.26586103262
221862.66949956876
221867.1887764879
221874.53621050436
221877.865587146
221878.3908442152
221879.1810894595
221881.40938763044
221885.26100412547
221885.76979891912
221889.29894994
221890.32499519386
221891.37787970703
221893.40660961246
221900.51050011016
221901.92395661128
221902.60484658467
221904.99089260137
221905.61788959036
221909.3126579303
221915.6683721559
221916.73123325044
221918.8955916414
221919.04800271464
221927.321032267
221928.2365922771
221932.78822338086
221932.89381643914
221934.334627042
221935.14838311117
221937.91942593176
221941.05943941418
221942.80804845993
221945.729312745
221947.98023185524
221948.3525595742
221951.04639099905
221951.73049206706
221952.0891764316
221952.8597118575
221959.47800358367
221962.08657191892
221965.3496718141
221970.61484837305
221972.8944076884
221973.0845749083
221973.93108285157
221974.65297730523
221977.87649379697
221979.50956995
221981.13174775196
221982.29410430515
221985.0488922329
221994.47320527586
221997.83546521814
221998.93917379528
221999.62863649105
221999.66616140874
222001.02112035904
222001.54678948421
222002.80421356365
222004.67256857365
222004.9106159492
222005.0013508102
222006.40192609985
222006.7045526695
222010.9345049328
222014.08680760668
222015.77415298612
222018.00829368952
222018.75714696568
222019.14038599475
222019.52195736748
222020.4785649068
222021.73478229286
222023.43967087788
222024.19826925595
222025.4565584311
222074.03631800943
222110.82947501945
222187.56045704044
222200.1714666896
222327.56868252408
222334.7508460734
222394.81633193302
222442.68039259178
222747.48912111312
222854.36933289847
223009.42507233442
223057.10212651812
223095.11106897445
223100.35900268366
223129.26265354315
223255.4888095746
223963.0984097022
224079.25656530465
224105.62538913783
224264.28271206203
224284.60276145797
224739.45014387288
224743.98813288438
224761.65965584357
224767.9039732016
225518.42010495206
225529.4672665762
226056.97895262393
226137.58681442763
226231.74234282412
226709.80482891394
226908.36123662067
227311.994916645
227416.40857693605
227709.5300933025
227863.52374432827
228225.70654362423
228387.8517001767
228428.08325625994
228735.3464363977
229839.20515525987
229941.12529630563
230031.20572699927
230383.70680290117
231133.22290839022
231546.48138377085
231663.63403210836
231868.3693783115
232056.86087719302
232425.58693870262
232441.35640763197
232528.50204190778
232747.10109261065
232835.8628851486
233081.93595988885
233198.0966094722
233960.31472032284
233991.15797404596
234189.94220432875
234243.54568209843
234744.75776105357
234907.2822055071
235197.3605865077
235373.5593169107
235380.74703004627
236220.4995496207
236254.0004660272
236373.36158966686
236373.97310710157
236785.42498310807
237288.79186201174
237962.2018332213
237970.75632910943
238522.66593674367
238868.5614429654
239293.6132384265
239388.62740680238
239984.35193005242
240497.10935744367
240615.6041603647
240625.25449669993
241069.74971603852
241402.9485772486
242364.74652633606
242420.73217137845
242610.60927996237
243032.41191362665
243756.7890046754
243911.47267260842
243943.35430380984
243953.03384554747
244053.1744928096
244310.78347984026
244542.78082147043
244804.5543366304
245039.8133384182
245284.98726172908
245308.38843326172
245431.46993789758
245453.65373473702
245589.5309654075
245600.41898645047
245995.08615881333
246264.14512735576
246417.1469577941
246768.92980026518
246931.24422835425
246985.0659987493
247009.88265513652
247040.58062459857
247372.29137152486
247559.90889402642
247774.60884645884
247959.46320223523
248117.91636750405
248414.26801810536
248506.34932109807
248578.70139571067
248585.355544811
248687.07397668206
248775.70311427486
248790.2556902844
248903.9048355231
248999.62294123744
249061.996088141
249123.0615475982
249172.3390395877
249259.8691288081
249274.76082238997
249377.70851744065
249427.53304613242
249440.63329442398
249520.98958081624
249588.56943523543
249588.97989236953
249761.60717468016
249765.10987032097
249833.4535884015
249946.83095363085
250143.37170251412
250157.62189333944
250462.39301140475
250485.97072252404
250561.33691446373
250635.53867903666
250811.5760431029
250819.03810957985
250915.71174180438
250961.2207584094
250975.89208202483
251059.25218228204
251079.53036587613
251228.73841362976
251524.77541532257
251616.80745462913
251630.91176294102
251648.19992372394
251793.92377726038
251853.6337907557
251999.21539341524
252024.2705231055
252045.15737182443
252054.95951328767
252225.5335471625
252365.23728421552
252422.59248927323
252496.29110966105
252560.25487887475
252573.22806447244
252809.8598050988
252818.08398790442
252899.7374294899
252986.58439696816
252987.96227954997
253042.12603183027
253084.17539615507
253184.07106118888
253229.5872765993
253327.92025672793
253331.77127797838
253341.3732058287
253474.34784710724
253670.0687174805
254135.6091679874
254356.97183382814
254426.3559929178
254618.95873218274
254904.9296398596
254973.593530608
254990.7446715915
254991.6111349695
255023.4817528926
255264.9267993833
255276.25929300758
255369.30864747812
255531.01184277362
255532.09987427108
255636.11608156358
255759.10807803273
255842.24404211558
255943.6874372949
256055.53025495092
256350.57587374904
256350.80704789527
256394.71116361188
256529.21791035234
256816.31008472288
256850.72515714326
257137.16553176922
257219.84565764177
257326.81942084106
257372.88539878704
257445.8293936474
257542.46036587754
257714.06178592693
257792.09827187544
257977.73370604625
258058.27096587326
258207.18306865892
258325.99555516522
258448.61283254877
258997.67297852458
259036.31990356708
