10.573943872715963
46.51105462991975
98.11337564843745
125.77818495148783
128.284157566066
131.50416521111453
156.29381185175808
191.19957156650494
198.03115344996326
244.2798716335207
387.3414117335133
465.1779529239188
465.5860358194118
545.6791710461305
546.4929228026253
584.6071341647729
604.1561695404886
745.6036983767369
758.7930379914761
778.490998005103
778.9000110863634
779.5051409677731
780.3199315998711
780.6589510502452
781.3582736379835
782.0833855933114
782.5817144933905
783.3003360379548
784.1849022581939
786.0368902004753
786.0670125058269
787.1675306968158
787.2822440166422
787.8060668086384
787.8810186188604
787.9667964154396
790.5245603840983
791.0180893311774
791.7123667873063
792.5693328001578
797.8038704959805
797.9594210962548
808.8908957340128
809.2315648252271
809.6271012643433
811.4784653848099
812.33848335264
814.3500328261647
815.0632028114321
816.9335696585201
817.4186847899911
820.2311518365948
821.0812437228371
821.6861230554198
823.3281394394504
824.000759062707
824.4369646064752
826.0057076029012
826.0653600108475
828.4612808463944
829.891227099731
830.4843774680601
830.5489631872847
832.6492403100281
833.9581320193283
833.9665802452956
835.8146930089998
836.9638940701329
840.795295403174
842.3989559614686
844.9479680763317
846.795983659824
850.6600773457933
851.5818693937034
852.4304448464352
852.9552583947669
853.3201999361353
855.7230204551299
856.5479177276566
857.8372524398686
858.4371973258027
858.902455137879
861.6707442512738
862.7036914425485
863.5856314211065
864.3178605055023
865.1109941530818
865.5534235437567
866.6563636529228
870.4842717180042
875.2552138506406
877.107747311855
877.1292383139041
877.2716218824404
877.8064404616252
878.2872089810868
881.5789053543759
882.394747931072
883.117487065259
883.6269762998197
886.3592355288271
887.4009364460188
889.1144281839254
891.0374209804271
891.4097744359316
891.4495067102523
891.9040178933913
892.6643063199383
894.7039331691747
894.8543740949515
895.2062989399845
895.3134504430549
897.020474005874
898.7198223463964
898.9326946795485
901.7107073206931
902.7308916120937
903.9962831878807
904.3077041002576
907.148212015115
911.4863400780731
912.9386782288193
917.0746257130867
917.9274892155527
919.0299616782343
919.1295631429131
922.5236963361702
924.1884482383304
924.2261169184703
924.2881641137014
924.4469046301098
924.7384905355706
931.0394496237953
931.6158296426246
932.3399521504545
933.616104457268
934.8457280767938
935.178596119947
935.3334966301844
937.4077135214856
939.8791090658473
941.9860485131645
942.7011796246064
943.3134913752967
943.9148477661709
945.1032136522024
948.0267303463122
950.3413807029802
951.3873713649883
952.0315892752202
953.2553892314891
954.4097837008903
955.4840022343269
955.8604376772813
957.4125597312651
960.0150550588177
960.7556673371132
962.560761175941
963.0341711665017
963.7150527735802
963.9516367559584
964.3484088614596
964.5918713832829
964.8394738346913
965.3237493297943
965.4639268653209
967.7999133390639
968.0847077872359
969.5897508825791
969.7498649517951
970.9038476923397
974.1768336608925
977.2425526720117
978.0743702024511
978.8760152329567
981.6061210165209
985.8273553989206
988.6941149427452
989.1145654720492
991.1805263998253
992.9460528182718
993.5116095128252
995.6894022103727
1000.33576511654
1001.0807785060684
1001.3681102994437
1005.0991498238551
1005.3795779044701
1006.1344300842851
1006.2874082654203
1007.0937988259781
1011.0039053208592
1012.661633779229
1015.8596872502258
1015.860068438786
1018.1043880279307
1024.7504995861239
1025.408314469358
1027.6745184372462
1033.6067627856262
1035.8062537556889
1036.0628355683675
1037.4548091943755
1039.0983186997212
1040.632160007109
1041.6654161684241
1042.5827305188411
1045.465942903814
1048.4230090066599
1050.5829422264146
1050.9167582067341
1052.2210755406488
1052.4523956230264
1055.6513556987516
1225.8810126284918
1245.8856523676336
1426.8108911092943
1525.5573425218
1724.7781322466847
1745.42400485458
1804.7096538309895
1865.9414133465568
2029.6786789672383
2045.0950197143088
2171.5059415819755
2546.118215248116
2885.9757726449293
2886.2556953920484
2888.1284447864655
2945.18297076963
2966.495187350838
3045.70786351301
3046.3002783051556
3085.5562822683605
3325.312411363818
3485.6548174795003
3525.8541680844355
3625.4308589712296
3645.3081571894086
3905.320058223111
3985.921633342698
4205.77020043828
4225.921515469711
4345.058577325925
4345.551114113041
4824.214870234853
4965.529837600955
5025.933880984226
5165.980561162545
5205.626655684297
5224.862759087553
5265.2509171024685
5365.276195224467
5366.5207895280255
5484.783513907565
5565.7417360534555
5645.2900422337925
5825.843287989133
5845.414778917409
6047.163776061317
6148.431530349775
6325.945489532111
6425.446857484194
6466.848988267787
6624.388258567085
6645.752519659035
6826.064097529848
6885.665581492704
7251.940692565982
7326.249522316945
7365.897294413913
7505.547759780739
7586.029176885953
7686.284534541567
7805.575930258731
7925.234150602324
7945.385531107091
8085.2376454626565
8565.683337532346
8644.28291487893
8805.854917478227
9045.6296852971
9186.077889991908
9385.256850202575
9403.726918795353
9504.813716294992
9565.336616081728
9665.891860207184
9666.47750967877
10004.488367586277
10065.1851197886
10066.056135836747
10098.180491789579
10225.24248322835
10265.235652589306
10287.124958329561
10304.763037114097
10407.216889750498
10585.385159020001
10885.014357762648
10944.793445202222
10986.455954055058
11406.243250220685
11425.123967304578
11485.395364792897
11566.171969165714
11575.08498287194
11585.58253718857
11646.96171842032
11665.774940303938
11666.026010561032
11708.197320082392
12011.777264634678
12085.80123055598
12245.619855973195
12285.259759144981
12285.725101880174
12446.383207793997
12526.038556570245
12545.150908745012
12545.579071612055
12605.971175546183
12705.845082028512
12746.315418294189
12913.128176087146
13045.346713608662
13046.020308083884
13625.735778939654
13626.043204283507
13666.462566137874
13824.705984520462
13966.144077421088
14123.111201062218
14168.36993382479
14244.57646347566
14285.494829022336
14386.19008536619
14391.225581121345
14405.088108961718
14425.046644337639
14465.976764479232
14485.6058050789
14505.994498934258
14626.459102206687
14746.815736810886
14805.340035044032
14860.4524945247
14882.443545153645
14884.806973983315
14930.3113401899
14986.03160860323
15155.671350360562
15225.641301199834
15272.695290519321
15364.918830907607
15370.462254400221
15405.940720483606
15435.169373776058
15485.855402245628
15546.522119821855
15566.04901900514
15659.803408850077
15767.03127846497
16039.870001164056
16047.310315234405
16103.020881697988
16112.623269062351
16224.69066012254
16246.552773790814
16253.547601228356
16342.222549382226
16466.050370953755
16485.51734827527
16586.595918451934
16846.779830955747
16904.507646241884
16946.372937085314
17025.085816215636
17086.377124960076
17246.948415880153
17325.50953034789
17450.263986442165
17505.452431512877
17584.875357981447
17653.908679903037
17686.326174113656
17805.385586003064
17805.870995985024
17845.298973410067
18083.082302476796
18161.018619383052
18164.10900248559
18265.857319409224
18280.53428380843
18283.603464009873
18286.275556370696
18296.0428758645
18305.49079294494
18365.647811632192
18465.30103144053
18546.035240410532
18566.47294338721
18644.694405768252
18699.655441335064
18885.11545369101
18901.004543789913
18941.09242457929
18979.261021959544
19013.470337063223
19026.26425777195
19141.345541973722
19150.59817866831
19165.29362396225
19225.992274433942
19303.90979055624
19345.77908435774
19419.951516477828
19549.90884433796
19585.34597503208
19666.836713176137
19672.507187172225
19705.25680543767
19783.92089315845
19819.569748548183
19826.013001606243
19827.186380856925
19845.2059302492
19846.506969939164
19847.92972374354
19858.935914374477
19865.42533810152
19924.88740802929
19945.147083581025
19991.82105242956
20065.645768230694
20106.266244266633
20310.024222879267
20345.468101437644
20377.53104764888
20458.657652372938
20546.612235129855
20677.267406731706
20716.170550597504
20887.476518810894
20915.72794775169
21081.032940994355
21164.579060644304
21224.06391198522
21245.39215403935
21364.399194720478
21487.061626309543
21509.54015115148
21545.232346071225
21546.726899034897
21566.029936618652
21566.379675676562
21647.067615173695
21665.152232802124
21708.409785629065
21725.57118264348
21784.774437057607
21893.977996607635
22003.533868409726
22005.921551489424
22115.784611917454
22204.4830398553
22246.479730892894
22326.14899019552
22345.186661389904
22445.5883066376
22486.12374428266
22525.55448081528
22725.323316921425
22806.28512708613
22884.97035085573
23159.994053691247
23345.51995141247
23372.559711075937
23486.764921437218
23525.925854949197
23586.28236078956
23649.302496123593
23665.261587842495
23824.368182520582
23826.454530716128
23875.655086005605
23944.80568837022
24065.883945216483
24152.42925014856
24161.156439967966
24279.92894004019
24286.05931007083
24317.303569716856
24389.211976120376
24398.282897807272
24404.64684593181
24431.29220378037
24435.486172149627
24439.072441250828
24643.896167621624
24765.305029684663
24825.031048511803
24846.134349506163
24925.41307867588
24945.386175497388
25006.564481886307
25020.60459837214
25025.435752416266
25064.479021310024
25064.863038889052
25124.13510598106
25146.90515938583
25272.59356068515
25276.204853492956
25278.904024362037
25281.004172027373
25284.345049290645
25287.64770537559
25289.93633020719
25293.485525746466
25295.78176773216
25296.33074656909
25296.8194696569
25299.1903429355
25301.229026447043
25302.44708756925
25302.665573001865
25303.50473901238
25306.613551208437
25307.03978584649
25307.790850092468
25308.295383096276
25308.342792953994
25313.049945984472
25313.355119381515
25317.24163550196
25325.23308075917
25328.00808573925
25330.00867130008
25332.345585578794
25333.749901405536
25336.160670496665
25343.775518160066
25346.110352587893
25347.38622575163
25354.181625036523
25355.96897102959
25359.114013839633
25360.761239987914
25361.986087496934
25362.345219090872
25371.538379994396
25372.427450681695
25372.76545029034
25372.91555986238
25378.20149321998
25380.672120010913
25385.98550582979
25390.720204568137
25390.981149743275
25393.536451487034
25396.20095871539
25400.16990813304
25401.120375457
25407.1202037575
25411.243844991644
25412.253827575394
25412.990685961922
25413.235862289348
25413.739674327466
25415.01257998198
25415.210177574274
25415.395089932532
25420.20645889137
25422.60561302556
25425.44190093436
25429.29036455657
25429.99746531838
25432.46072580876
25435.488070692765
25441.25035530888
25442.767735057096
25442.837820174154
25442.850799177337
25443.641256062012
25445.66433398463
25447.18327892782
25448.159020275383
25448.55949891715
25448.94219223948
25454.155224419334
25455.94903215846
25456.978612609455
25467.10658843874
25467.492971506814
25467.500629528502
25473.53012787868
25477.40909645824
25477.960324291802
25478.5552224754
25481.101003685464
25485.8193569974
25489.824849891567
25490.648430959976
25495.355820263125
25499.240975316075
25501.737930009833
25503.94399064346
25506.955456009862
25508.9741770031
25511.953303642764
25513.184686830595
25519.197548197913
25519.811626480536
25521.021604703205
25521.569169566737
25529.80058489813
25533.07509490732
25542.250434300197
25544.851709765404
25547.21984984806
25548.698231799826
25550.21472904143
25552.003917024915
25556.562727329965
25556.618145623303
25562.69135733859
25569.508934725665
25570.7583007261
25576.710175557193
25579.725072326022
25587.25671471538
25593.899525639554
25598.78174292728
25600.067171887164
25602.93322869324
25603.740421793198
25604.60051371491
25606.912255372776
25608.54425166281
25608.870409850715
25611.509535708665
25617.11360164044
25622.908753943524
25623.229431359996
25627.774886937517
25766.655289206436
25865.063798373474
25920.318677746083
26025.134155793203
26105.541969715225
26146.94247351034
26165.84678496962
26346.520844464612
26605.22518512976
26706.03798988186
26725.977963086265
26946.442796801424
26965.309237868732
27085.249149622552
27105.34823856651
27345.630795687543
27346.073932207633
27427.12553168285
27445.445900515835
27686.346289174082
27784.959364088914
27907.135817225688
28084.598162090868
28125.40368135051
28185.060806118985
28264.935821223924
28325.24742705564
28405.699132063815
28485.72059894761
28486.054843666636
28545.376115003306
28545.557831175807
28586.046389386032
28603.22720516536
28625.391811257552
28645.74071193966
28739.47448470885
28765.300366635704
28845.128647028578
28965.908875657573
29006.227579100287
29104.803660334648
29185.87361008376
29486.291589447024
29686.06261519288
29906.73870190931
29918.11595604297
30085.933230980896
30145.65040078742
30364.96323720076
30385.305762348024
30406.53939061587
30485.884261279072
30625.485897422896
30803.966994032402
30945.703795337304
30985.88025898554
31124.76000092248
31225.496691161927
31304.710837668797
31306.41346390881
31345.838098096836
31444.683029631837
31546.97731222868
31905.466507921003
31946.50925019255
32005.6026899134
32024.357145754555
32024.57062437372
32105.328290475278
32426.595528828573
32454.171142541367
32544.69865326234
32584.679338469316
32825.13949235588
32846.12109097601
33045.98975633897
33405.23112340085
33485.328193971094
33565.93993921945
33605.31532792955
33665.44745610151
33685.615661553406
33724.81073696891
33823.666138286346
33885.53546095127
33950.56255281036
33965.78658813901
34045.12225759727
34233.2527969589
34265.043448917255
34266.571026176636
34285.841176275135
34367.39906250936
34385.03963281588
34386.52925181575
34446.38329985305
34465.669935366124
34466.21933431478
34540.75740019986
34645.61837657469
35146.83846997233
35224.271608776566
35265.09303874261
35271.08348954361
35546.15093279097
35585.15632553098
35684.95055060321
35706.451973316165
35746.3914119869
35879.58691312612
36106.00420409153
36165.57043479535
36185.35779929016
36265.39619958591
36297.951531489765
36406.20402973704
36406.277110680996
36424.65751971667
36544.55495550546
36706.87736799414
36786.48572122154
36945.722006538905
37065.45401479459
37125.335347124135
37405.848587386754
37544.4534545928
37565.415289879034
37625.83433393791
37646.18252319843
37685.669370291296
37764.99684983267
37826.041555433425
37926.72849264929
38004.92868524029
38065.714155799134
38185.46845505121
38204.40990703064
38347.31583694775
38465.50405590832
38885.191782110334
38915.39782610838
38964.84702045878
39065.75770702698
39204.77172889946
39206.6816649537
39245.71643623742
39245.733406718595
39262.10289983808
39284.673047928336
39305.04939281884
39325.82473372929
39426.10362856731
39445.6299779494
39461.573739438514
39533.408683205074
39665.58302701225
39687.31755785925
39706.51085636015
39744.15815759386
39766.67327591647
39786.80357983414
39805.18373151625
39865.73970747531
39895.62621809901
39906.095746605664
39926.53217117843
40104.32246932658
40106.24724177627
40175.828054944184
40285.485463110606
40306.001550809924
40424.77679692245
40584.726925446026
40606.61701799371
40665.92521252152
40685.53493870766
40707.285721077904
40745.00856140454
40787.057548242774
40806.3690004761
40837.31974766522
40845.77932224958
40885.53546559789
40891.59609205041
40896.83692955375
40907.05151056975
41005.46491736589
41025.61384209247
41026.17578564654
41066.11128327697
41067.19910651291
41076.11048637736
41085.69978234594
41107.873244766466
41145.10579453136
41147.206744152754
41189.30466458081
41245.776612598405
41346.27008348872
41485.90705798409
41489.53834975976
41492.38340209815
41512.043928876206
41541.3262626217
41545.70652481068
41546.53488824475
41546.89663477319
41704.75401863233
41706.10879002919
41782.02166656702
41784.55364211989
41924.21189811257
41946.274770798766
41948.76152066766
42086.35251607674
42095.72437492425
42182.643524849576
42237.96882044735
42314.93025625063
42404.157569185925
42466.67913345374
42505.76334144689
42506.1177945083
42544.72636545387
42631.63152129638
42653.42807096133
42735.23077803867
42760.925497056356
42783.72956177409
42884.94498811962
43025.73040505516
43159.619252760625
43164.89811404594
43205.25828619083
43243.95876162851
43287.832200960314
43324.72053212804
43500.32498810212
43532.781558317496
43537.366790858745
43693.41958785609
43726.79294365002
43756.302598991075
43785.52550462718
43845.48953651776
43904.81814484315
43917.25504700468
43985.58342472552
44053.13083187406
44086.286549021395
44124.57002535581
44145.5896585653
44164.96131622106
44286.99223285649
44303.13345798256
44324.73914981356
44351.26766619375
44365.3677310939
44422.436106503446
44465.03047555901
44465.588894584114
44525.802751726274
44526.99146853695
44678.286933216266
44744.924253973826
44837.71496158654
44865.42972493092
45043.22871617869
45145.86387664777
45164.87759230878
45183.1559411647
45185.224563784825
45187.74059467847
45225.528897210585
45265.75053911446
45425.73876131564
45644.7198817163
45685.657287129776
45710.28494555552
45745.800964721406
45765.74027620106
45767.272612370405
45903.71839391696
45925.55102096937
45944.760293242085
45975.422133466265
46066.19500387993
46104.93537871516
46105.19223321865
46170.97441109382
46172.15205974902
46246.27295563187
46426.24283824357
46429.99002505364
46446.983487673795
46566.07311627667
46626.66140741385
46643.230037751775
46701.83358137282
46725.11680243458
46746.09844750463
46805.384334331415
46857.51414212828
46865.7595643618
46967.15373320856
47045.71925177654
47046.110754798196
47065.382597971424
47122.56208251765
47157.939205733084
47184.572750476356
47242.803286978124
47263.994188170924
47365.118267638616
47406.08170909681
47478.018807378685
47486.06858149284
47645.82083232496
47697.54580897565
47722.93026823239
47753.6645278493
47875.045203759924
47903.79486713574
47905.582022792536
47916.75779351032
48006.86011805191
48086.35200363158
48196.17506240212
48200.79615275052
48226.20748300471
48266.569831453235
48387.33813319608
48445.26334941964
48453.526571489514
48465.70456888353
48525.545571987284
48564.05032237021
48704.16269788812
48793.26596238734
48857.470371116535
48886.766034352295
48981.374679766916
48986.80676909708
49000.65830160688
49006.55457171025
49051.317559964424
49106.666519882376
49125.99446476961
49127.44653028609
49171.94313901172
49186.32379731071
49316.17164235652
49331.73249873304
49345.75376543025
49445.12026160235
49447.35459763618
49463.93799930836
49501.91802418564
49628.06533269053
49684.85458517088
49697.065779328776
49756.380863582024
49764.68212965192
49926.80432542335
49934.96165726166
49979.83140856652
49987.19472737287
49995.607384432216
50025.17969902242
50045.75284479136
50082.42030516145
50098.41081217221
50150.31691086014
50167.06721689486
50252.245428793874
50308.03034758986
50411.30921827669
50412.07008364765
50432.970754956594
50504.0184988612
50525.676396024064
50565.97774579275
50586.5703516377
50657.60460268701
50709.71019121059
50745.40923439557
50809.13998540382
50844.47325160113
50886.703012823426
50906.749779608814
50973.98025455243
51003.106156588874
51245.57966973174
51247.41955490626
51342.62047019285
51352.723239712395
51369.80078188718
51385.397382803756
51445.73749779806
51485.46551798754
51505.602185835916
51544.380833285504
51547.24696871612
51728.419400935636
51745.61494622668
51848.9199429713
51945.63674295691
52005.79685437461
52025.4668751799
52043.835875627265
52185.84386435932
52205.52380146016
52305.74254244212
52306.024795027384
52325.779529604086
52385.639944073526
52474.33539846437
52498.12280966095
52549.1243759577
52566.399431374535
52646.11619861746
52687.30599140358
52824.30688620066
52894.45084107006
52947.63967054784
52966.12937638606
53005.06666719638
53043.83685191676
53046.697303095745
53063.5935406117
53066.93750840937
53124.692956552004
53145.980638367546
53326.18929773001
53406.31121072432
53533.51464301318
53599.498001458356
53644.22113265734
53649.9771908327
53660.93181730777
53697.85623294104
53704.23168127376
53745.41018218124
53869.2929032231
53951.330119975566
53973.065838762035
54011.129969595815
54025.584019167916
54085.42712106536
54086.05063798913
54124.17284309511
54145.38217824366
54186.633265319484
54226.556456181075
54264.541560644626
54324.37580173331
54405.81196634457
54506.608287868155
54576.44407377801
54693.90121558456
54724.191142473646
54746.344661339484
54749.357689248456
54786.695345712666
54806.42098727263
54864.96303666331
54886.410480849205
54979.12979328199
55024.73015490077
55083.09629866303
55184.51215073678
55211.38364729157
55220.4974904725
55226.55597376164
55264.44871032435
55264.888553572404
55328.87315828599
55348.49955233612
55486.0210292525
55492.56081792336
55674.23995020185
55674.25121919927
55805.48469837422
55905.44034174647
55934.09909006701
55984.50247644828
56012.97040045419
56029.40595402114
56045.80614900943
56047.12708214463
56066.96149544496
56104.77879792397
56125.89696505357
56138.95445304013
56267.6787474948
56305.48118902101
56335.17660535501
56419.91504864433
56425.943057608405
56602.75784087624
56606.10093646751
56626.90422117593
56650.2077518279
56688.16233218754
56690.14955793255
56745.434930647854
56786.13450965006
56851.978165755
56857.828186338615
56925.73545882134
56946.47390602472
56961.30803608674
56985.36178461022
57125.59120251619
57265.2964822532
57285.25350735027
57425.66241018269
57445.64134182158
57466.07685022893
57467.383356398175
57525.77791656046
57640.5577128968
57687.244645805855
57702.23818640856
57716.22335716191
57886.067701453896
57926.06951306605
57926.62609293626
58006.13450894189
58126.08328193766
58165.680920590115
58184.45982247829
58216.179620046925
58345.03840967079
58390.62817977092
58404.37186919976
58428.04847561252
58485.57169029551
58485.840034630855
58586.97479679368
58666.399137126304
58683.770672434744
58706.271095309436
58746.381418765355
58746.82409718697
58806.38191454351
58869.34483803402
58878.11458652487
58884.88360875958
58951.05969860383
59065.830774935595
59544.81379048173
59606.214426174425
59632.708247663555
59705.13344146757
59844.60228207844
59884.89837110418
59905.73724016129
59964.43318390294
59964.55432121947
60027.352693244444
60165.12173031533
60224.14020485242
60260.790927296664
60342.645386995275
60404.0698339812
60445.450016809096
60565.506869901124
60639.293944686884
60646.02510537673
60704.86076400928
60925.23446631372
60946.99569944644
60957.10495308896
60966.023456502575
61045.446361880844
61245.86258683817
61287.01890143096
61346.59304991243
61349.035190049915
61485.61591363029
61546.09853421812
61566.195264980015
61680.91597108614
61726.84056780406
61731.54580175877
61745.51284746993
61846.965050623854
61904.481237680855
61945.37811247978
62063.85834826572
62106.65440614139
62281.77273353228
62346.24010938356
62525.92832221557
62703.9036472462
62704.70448936115
62745.02947170538
62764.40426245662
62866.18892062557
62926.258518327006
63012.33220625245
63044.96075387371
63086.15992392433
63124.061167919666
63132.371300611296
63238.60622915554
63325.06744491683
63405.74804766979
63413.238670132414
63424.91324295333
63446.70777059629
63527.81615693935
63611.99042467612
63625.883576079075
63643.86003125911
63666.09924450254
63682.85617201439
63714.896496284724
63765.60706291211
63803.34243625615
63921.396981235615
64024.8558833743
64051.50884327243
64115.79943366511
64250.27980521468
64390.02307779573
64526.442348281256
64565.714983756014
64584.36383534935
64725.8827667734
64762.53219038315
64866.6678877548
64883.93453793373
64886.713020302595
65005.72091663899
65157.9164568103
65196.257827886606
65245.812037127056
65285.38836889143
65304.80846418957
65366.524113729414
65426.10816348395
65505.35862419707
65545.6186983459
65724.15643828003
65725.03203800233
65785.30197778557
65824.64372232728
65846.52625568426
65885.22815035962
65948.94884924384
66003.40745100354
66025.90759586096
66036.60791931867
66065.1397093683
66224.93933352879
66266.16535622046
66277.45058160431
66285.62736122281
66482.75254406894
66504.62399393288
66528.90303697693
66606.34963361111
66618.92182297671
66621.15379324535
66625.3370129513
66626.01065746268
66651.35114723566
66665.55941923977
66685.26170929178
66685.80626759418
66725.9096457908
66736.16701916607
66757.2115764469
66764.43012208966
66785.00455120568
66814.05248310896
66826.45214387985
66847.33348369281
67004.94090838853
67026.81444388519
67066.72517391432
67104.5207620372
67130.27990903144
67185.73475714156
67246.56945879625
67405.76958592128
67406.72757325662
67424.44764635112
67504.99059017838
67544.15187822955
67612.2228967743
67666.70614050383
67725.44801590344
67744.84769453261
67805.39316818333
67836.5166739625
67927.388592352
67965.65675871796
67966.54487190576
68000.01460411998
68106.12596465983
68245.74817407507
68325.82106281564
68386.95059266029
68406.32988714278
68444.0577822778
68524.63236823546
68525.67091639266
68598.24220000306
68746.01778237346
68784.78270227004
68817.24542294252
68928.41236417646
68944.58884576055
69009.55202873709
69304.17319492319
69341.38401976493
69365.34425932205
69384.75376812529
69605.14190572439
69645.29123871334
69687.04129820691
69729.06042802539
69745.99744213758
69765.89257707403
69805.50568032752
69886.48004659668
70047.34773648315
70064.79892807684
70085.06837966309
70139.88320824715
70285.64962819529
70302.6419113003
70344.70731071041
70365.53166987962
70426.0831905206
70525.82680192534
70551.39234824502
70565.43939938024
70644.82594656647
70708.85184859895
70725.52936198004
70784.67991778087
70842.37539251946
70928.41038941049
71053.30518371424
71227.95417320532
71245.06382381321
71246.0612272792
71265.49361603073
71274.73248167746
71346.88751199833
71405.62641543272
71465.97055926772
71541.98081499481
71564.49321896373
71730.35372465348
71765.16511317297
71766.52523463228
71845.7047375497
71846.43727871159
71973.88766675706
71978.36429578162
71985.45120774611
72105.72657940752
72165.00691361554
72433.77100469156
72491.67586531906
72544.19283273774
72566.31573809325
72585.8966995294
72625.24884457966
72685.67390382828
72700.57333930019
72741.25885081785
72805.68551727434
73008.0029115128
73085.80708810217
73104.9386663348
73125.77229728235
73265.12186619661
73305.58159327522
73315.6401115257
73386.16850405853
73445.45893373057
73465.10477987191
73465.74272514367
73486.17649968558
73495.66998721662
73565.0546694815
73574.29992401836
73604.11831406818
73687.38835877305
73799.35745326758
73825.34901495927
73894.48678795251
73965.623684566
73984.45048157345
74246.74368180105
74467.65978934469
74506.23189903994
74546.11396891056
74561.23701681267
74583.75175695785
74644.93220650777
74644.99439796715
74645.39034608894
74826.0795290868
74964.58165971242
74986.32214108275
75007.13462388562
75016.55819432117
75169.05898632058
75201.99246678394
75303.97103727394
75345.56803353652
75386.9011009412
75525.23599472978
75605.13271395554
75705.83577891205
75731.06274503306
75865.803606391
75885.94330034294
75902.54636086752
76048.51666799284
76117.17560002896
76146.07627992374
76150.82052220756
76154.92415252334
76205.6649385955
76210.56929284
76219.41370486726
76285.56217605493
76426.83575690862
76496.84417784587
76564.75727486517
76596.44161640976
76631.70503886422
76644.67631389055
76645.52474982034
76667.90379106307
76765.5301591221
76857.61156051459
76884.52519046482
76944.79682305237
76979.0369097298
77052.59425791775
77082.72635247938
77105.9361879772
77113.58499007499
77146.15246021326
77167.25972497593
77204.65976371295
77288.10531127971
77305.38190794367
77364.17855698618
77530.77978743895
77535.02527169944
77553.59812994344
77585.22194409065
77585.68826613306
77585.85312856687
77685.89397908174
77714.99189387857
77798.21797940858
77839.41757033732
77884.81041332705
77924.95964794586
77966.63994442452
78015.31182983344
78031.80210359713
78046.96964846809
78107.36658960258
78182.85394731934
78225.92320264573
78245.83585761143
78265.95763119098
78324.29266030027
78345.41398883835
78372.6472046848
78426.59714042094
78456.3110851886
78506.48556394821
78556.3020753452
78589.76320162983
78644.31093658604
78724.31702397557
78728.61532307784
78784.17942437786
78868.43932994733
78885.29598583184
78886.46422052772
78925.45009056419
78939.02163872962
78964.59286756956
78985.85025390309
79045.85560728586
79066.60932505332
79095.9967744729
79225.16041180727
79284.53537328403
79449.10112600129
79469.15210423527
79526.04277198273
79559.15994028376
79586.12117612868
79621.43741900304
79631.85945132379
79644.59588805583
79709.38571164836
79869.8804222725
80045.37285426706
80086.75665951065
80104.46717963944
80121.60460225999
80243.8232364887
80264.63377537286
80425.01048913586
80466.29940863399
80542.80329858029
80548.97712360171
80606.66529315988
80652.7161315248
80689.071210995
80744.20649242107
80765.4436994688
80861.10166197583
80905.57887450805
80944.5858802924
81058.39227810645
81104.83386895005
81119.7504286932
81185.36622144673
81326.18647718952
81385.3116270044
81406.51630802943
81417.99535156645
81446.59721595288
81460.18901087032
81560.99793832208
81599.36104335108
81641.79428888133
81660.35097998001
81693.79091864583
81696.51074390876
81721.30312314414
81724.43592808474
81841.12019209584
81919.89500343164
81936.0592158205
82057.0066168089
82069.3555654849
82105.8251335419
82111.48054494572
82124.66895651665
82126.81501474662
82325.0505828898
82340.81776457974
82441.02343726222
82465.05092745145
82524.3089203301
82526.20600738996
82720.6712856152
82726.84979518793
82748.66472328288
82843.96529837229
82868.75222488628
82885.8970451058
82964.03496300954
83027.0022189063
83105.1939207315
83115.79048889835
83148.39108019143
83179.52060190304
83218.9620205751
83245.24082338375
83256.59902530062
83366.50669186434
83380.73812140395
83406.90573577507
83514.4027856409
83529.60267986693
83565.38550027447
83623.71295967342
83686.56934426368
83759.34510044381
83765.71091628284
83784.47116058256
83907.11464807726
83925.69589275008
83936.86514475086
83939.41886489627
83955.28997952129
83967.19979163041
83979.15640243267
84029.2963597675
84084.4152610453
84097.12615069782
84137.03080769778
84160.80448836589
84215.40994437499
84225.53272621908
84232.07882438564
84245.92145178161
84513.30312525122
84624.44571300852
84686.33046656863
84710.51577644555
84818.18014093503
84892.85302213946
84907.32225933531
84992.38067547038
85000.57020065903
85046.39156392284
85060.40853469746
85126.43416778621
85186.26200878792
85190.26866023676
85245.73807271078
85246.58517060678
85405.40871342913
85425.85883478657
85440.62062187107
85448.8336082403
85525.45949794896
85537.41265738115
85579.97249070325
85605.25139307119
85626.55721737923
85674.41727027525
85845.25197970476
85853.1685579366
85906.05658753762
85907.08103719768
86044.47698810782
86062.84653909055
86212.37604570623
86264.72272314988
86304.55945901632
86439.5610482595
86545.79023466067
86619.46869628866
86621.60851477334
86644.76608789433
86806.31405186171
86824.66703298135
86824.81586946848
86847.16799594446
86875.36156250878
86891.98745821956
86945.45455581832
86970.36456201096
86983.07922146459
87007.65742664068
87033.46755656853
87153.45106737172
87179.82341028664
87182.90822751122
87185.01704336239
87189.16575946317
87196.85557730547
87199.33034796093
87199.79010361181
87200.21780690443
87203.40762958275
87204.33340190485
87205.24846837787
87205.8177012875
87205.93825803766
87206.92698705428
87207.2763022544
87208.74208171312
87209.09436122088
87209.51048630185
87210.31855991422
87213.27304513006
87213.9074969326
87215.89371304637
87216.26669791428
87216.74930244523
87217.71427422903
87217.91201025703
87218.96932360234
87223.41621719475
87228.74459886804
87230.210791271
87230.39359914794
87231.73963190116
87232.68160044203
87234.79738748679
87236.18329685637
87236.49699063312
87240.98748995963
87242.56117518486
87245.23592592997
87245.31351855138
87248.14797267783
87248.25102454986
87249.53006867818
87253.35396089252
87254.86040934823
87256.86623664333
87258.7688973617
87259.27457862829
87259.28245149596
87259.41108950553
87260.19000882476
87262.75749537851
87263.09161337621
87263.52904268603
87263.98087911036
87265.22626159579
87265.74042096
87266.25682521531
87266.61975598226
87267.17166533666
87268.60854310305
87270.03731664238
87271.61040105089
87272.36468760019
87272.54428307767
87273.03604349581
87274.83409040693
87277.20958178368
87280.49974698016
87281.49430682026
87284.25923433727
87284.9889566678
87286.46622761816
87286.73521408472
87288.69876467393
87288.73388723741
87293.32936361597
87293.63976652833
87294.72308513301
87294.8987536354
87296.30696105478
87299.11178805595
87303.60265801034
87304.18838990555
87304.40072118302
87306.12589483273
87307.75776261957
87309.79774205277
87310.19338451108
87311.12618307462
87311.73138883221
87312.96735227374
87313.97242972194
87317.017710889
87317.26873200659
87317.45610653661
87318.69537008138
87321.29829795765
87321.80247549583
87322.77545103515
87323.0020122854
87323.37450703619
87323.73222270072
87323.9405666519
87325.63127199808
87325.93731131386
87330.21068282274
87332.38624580603
87333.72767524565
87334.21567517797
87342.24244788241
87342.65513262106
87343.74595425019
87345.16941887268
87346.36472984838
87346.89571736936
87348.36346741002
87348.50746189397
87351.26177612325
87354.14914958255
87354.52103825434
87364.8956192822
87365.1054402599
87365.50832460083
87365.85565554006
87367.96407684206
87372.52364255414
87374.48087133201
87377.67041862253
87378.00112389427
87378.630939484
87379.71727344778
87381.85801660121
87385.25190456695
87385.29938485891
87385.68957072514
87387.06149069736
87387.90711479116
87393.66034495113
87393.82101926839
87393.95241138556
87394.61593411227
87396.04594250304
87396.4703986863
87396.52477002054
87397.50797500348
87398.62596741907
87399.54411592934
87400.79411071009
87402.51416795143
87402.90668439452
87403.04872393666
87404.84854953829
87406.01044712894
87406.25783879348
87406.3140506459
87406.50384635826
87407.3869782944
87408.01527326899
87408.3087848967
87408.62356383984
87411.82772433803
87412.41712585646
87414.82442018962
87416.60852096845
87417.81266465034
87420.87625520267
87422.91723475837
87425.07428201317
87426.89033511751
87430.54256697831
87431.66129253306
87432.99833417391
87434.23536304355
87434.38015188657
87436.78989208826
87438.20690064653
87439.4386470537
87446.1820265781
87446.22669643539
87450.40695346809
87451.8094203371
87453.00320158426
87454.34648323922
87455.00506250061
87485.85882051772
87524.86657611307
87586.03756743911
87586.20245808605
87631.56926796128
87864.142894919
87865.92107794483
88045.36788501024
88045.84206410435
88065.4965039576
88246.13310060295
88345.13727555139
88346.07651786502
88485.08901251653
88785.26111156736
88804.47914890783
88867.06895460217
88926.17150764533
88966.20527474818
89206.33239561228
89226.63557855324
89239.15177486007
89266.18175134111
89285.63959498804
89404.3914024179
89425.26371717529
89425.97591398866
89445.8383691771
89485.71879094653
89664.93003106408
89685.53196382898
89745.66494092187
89806.58451833129
89945.24433477392
90026.54390309227
90206.4733030486
90386.51731947662
90404.48194560298
90485.26954370699
90504.81263807797
90524.70703980546
90585.22739834781
90585.88209024748
90645.16952664079
90684.90056120956
90845.61205853584
91005.18461823788
91126.24977556309
91204.50896301931
91284.72749272318
91565.37821801926
91606.97413293846
91784.81692290358
91903.52354690188
92025.97666942034
92106.95574617402
92662.7677605582
92705.56071849418
92726.62658182981
92904.96775677534
92964.70475320196
93265.7172104898
93285.70722976737
93325.75028502216
93326.67728643521
93365.87292033789
93565.53940135294
93604.42535276906
93667.07662709097
93946.24252789622
94065.30258764554
94205.98158909984
94306.02329571206
94326.44487539465
94364.96517351732
94446.31740691238
94605.06406367815
94686.28283238086
94865.29615651263
94952.35324572513
95265.24626383474
95286.98960328735
95364.94563704167
95484.38131017314
95485.27033387538
95525.46897279062
95545.69906479811
95565.75573398646
95605.37253226861
95645.53054785995
95866.79048664542
95886.11840266055
96225.5736587393
96385.30963178693
96425.09936538633
96487.38914174512
96520.85170679181
96526.76600015305
96645.410357124
96746.03309591206
96746.37564172586
96767.4141909344
96985.82820415324
97085.25110925321
97205.38700129087
97224.93755074513
97245.840463761
97246.563432181
97246.92258851188
97346.24019996122
97405.40518441435
97605.87026159652
97645.20317351665
97665.04012789023
97718.52120424292
97805.54047788211
98005.65608416007
98205.83565255492
98304.72764341802
98345.64869198746
98363.85100151932
98365.47605859446
98464.76407793637
98525.4301593214
98546.96575937144
98565.62710827428
98584.62403400362
98665.00908730776
98705.82567158517
98786.15035760652
99145.45562804096
99221.10539399595
99387.23731796148
99445.80853814029
99804.71729621236
99866.42145247455
99872.34043196704
99945.72431467904
100004.9699921981
100186.41058275297
100444.53796571515
100449.33075349894
100467.62693340056
100625.68539476345
100647.11174907254
100653.82365210146
100757.06155934522
100785.03087673766
100851.24351279615
100865.67965576764
100885.95223262579
100983.73567836016
101069.66446014305
101081.24523864931
101127.05483403073
101185.81344290129
101190.69447053211
101244.03349099265
101266.22407656907
101288.89943935204
101486.12255494054
101504.96013873782
101505.63110655798
101544.64958365732
101697.22383918805
101744.43993428766
101746.2997585384
101766.06934606413
101864.72429984061
101886.01420989643
101908.09673767729
102046.06239629071
102075.47453926706
102163.2276331262
102185.89535958458
102204.83556984313
102225.40863694235
102305.39751688264
102306.54707115807
102333.06535655292
102426.18639391496
102558.48188069559
102573.62072306257
102632.89508119403
102645.80591469764
102766.3716323885
102790.46507462749
102825.45147333482
102948.49605062339
103008.25579331515
103020.45760726865
103145.79920748953
103185.19163399105
103185.70773915644
103285.4386797365
103310.00554270376
103366.53826811937
103524.83332220165
103611.6701057985
103686.97148167618
103765.74306405017
103786.40648508309
103786.91314605283
104069.09977509247
104105.11644884691
104225.54515376015
104253.21907942269
104307.45644758362
104326.30595573326
104326.43922540588
104364.64293514425
104625.56373164452
104725.85551805189
104748.06527914823
104785.47776223629
104909.47660403757
105115.24556709925
105166.32521992624
105225.80181380713
105285.74305801677
105346.41423563808
105365.97479086195
105385.93714101467
105389.35575766198
105529.98145187431
105544.61816074263
105606.12036928425
105898.68525779473
105905.12192956552
105909.89353287846
105979.51520437843
105985.839922946
106016.25930223984
106044.93304701944
106124.78539271848
106147.07574342228
106185.91128798266
106206.32472045677
106292.35910849008
106324.80016860388
106404.0655664356
106411.66956475777
106504.1130974148
106613.05284742668
106765.68557063547
106769.74485879796
106791.11610954926
106865.74067357958
106925.66473293792
106944.70808427199
107168.09722065406
107185.52775323349
107186.55017585731
107207.32109543076
107264.94715792385
107351.25172383069
107386.0234692236
107425.65528204892
107446.25859986663
107544.97852929914
107565.56926376038
107572.98516663161
107669.26584204436
107824.60390735445
107825.37576717426
107904.24957259581
107925.29185030572
108065.43406111663
108108.91073643562
108209.05207824086
108211.88614812665
108265.37377233115
108307.26449523095
108425.96859200326
108445.59739814467
108526.118134589
108625.28610312335
108723.22564531674
108723.7874445567
108728.65226292086
108765.54143171664
108986.53736758864
108999.7372948376
109038.10768532145
109046.40844245515
109066.29367356382
109106.44143060253
109325.23589902517
109413.2769312543
109445.46230059459
109526.16050105068
109541.0763677542
109583.50603780046
109588.56389438079
109634.48331304443
109686.599134301
109706.16979498733
110006.82575485038
110025.63158320598
110041.48852228558
110045.30057172145
110184.30292878972
110206.54141058167
110285.03065103048
110345.45759442859
110398.62550385579
110441.94944514785
110495.03725165722
110683.83937334624
110738.48381707478
110742.0038450317
110798.57388803724
111044.91944485591
111066.35826982291
111086.22866484032
111238.56265442321
111266.27774148884
111299.23663200253
111321.71206851653
111404.81003575174
111406.19996127744
111447.2407395353
111504.81682452977
111505.47389220777
111613.25694559472
111666.56209777531
111672.8569338242
111678.70895381026
111680.9307044323
111684.17072853325
111685.75132864647
111688.76593533132
111694.38460147752
111696.73754470293
111697.04581613102
111697.85251944685
111701.87449492002
111702.2709349443
111703.98180590694
111709.82847809329
111710.86068044657
111713.08883756274
111715.16831539001
111716.20589625301
111716.81504158805
111723.19633816715
111723.70488687968
111725.28563580484
111734.16627294425
111734.69309867195
111747.33533760146
111749.31719634571
111752.32036203388
111758.90668473409
111759.68767846393
111759.99019382923
111767.10813574656
111768.68805919786
111769.709242598
111773.5888207006
111776.6388236277
111777.36682997183
111781.63627307025
111782.95945140808
111783.36590995865
111784.53202666022
111784.72290926703
111787.35780010163
111791.20757456397
111798.08927667949
111798.32954064952
111804.78340421186
111805.32569793705
111822.72191953956
111832.15270295131
111834.04326065384
111840.9192041361
111840.92309568932
111846.5857250933
111850.24606134885
111851.4972012992
111851.60219248942
111855.17229110678
111855.82063558494
111856.27139579297
111860.16436290377
111862.05056360745
111867.99033494596
111873.94057351002
111879.12763263911
111880.46698380883
111883.1885013788
111885.77434876231
111894.78149135436
111905.06768253041
111911.73319360861
111918.36710456506
111919.90156015128
111933.19414024739
111938.79110792896
111938.84568385627
111943.93723997984
111954.50125518814
111959.45793344671
111964.82139443039
111965.15756131234
111965.63639822698
111968.35124806208
111968.50235320772
111969.32315705449
111973.6362117452
111985.40263363736
111987.18390488287
111990.44759370513
111991.76518608547
111996.98097916372
112001.28542489074
112002.54801645549
112004.66372797951
112004.78005345784
112010.34638898421
112010.59033381651
112011.08050574819
112015.74390588893
112016.8016537993
112019.90838691476
112020.48660319028
112020.52696694329
112021.0083254998
112025.91100250604
112027.02461379538
112056.06032585449
112125.03912826173
112145.59589672874
112146.00590626967
112185.13320893348
112205.67635532714
112266.30225859488
112266.62718686782
112445.82905597148
112506.7942668005
112509.45835000247
112605.63521580942
112732.64693925966
112864.4118123932
112926.10389392261
112966.06562154938
113085.52697752457
113186.42474881638
113267.75551669057
113384.8592140295
113465.54006032005
113486.16862228091
113565.2464549346
113723.8032733828
113805.46014698785
113944.96069453273
114067.04663249904
114144.9549625924
114163.83027471209
114226.10927979246
114284.78105958867
114305.69592033005
114364.8623713817
114551.13370628019
114565.00111244607
114604.53286037104
114626.29654949892
114665.23452767606
114665.35970517824
114745.1546626142
114815.98662579944
114945.43091930977
115005.3155974192
115005.33237726918
115045.60220345207
115126.18131351589
115130.41234443762
115165.75705615348
115486.2783728394
115504.58824789996
115524.32640490436
115565.41116269829
115744.84444235708
116163.45485341774
116285.58342030842
116286.60172688497
116365.836161097
116406.27118570938
116605.61064769466
116744.05609328322
116746.11849549506
116786.28108606955
116906.78002567835
116965.68849785594
116986.31438319755
117106.5593732167
117145.07496381813
117165.87327951168
117204.55530927352
117225.5610327873
117326.72287921718
117384.16474127081
117465.40062069835
117545.77675112865
117624.47573208401
117645.3425935428
117646.297062139
117706.07854273172
117725.49103941782
117906.92986356719
118185.87526154611
118285.29703159026
118305.085650329
118385.4397447016
118386.40331995499
118425.6982781439
118464.86061111497
118526.11434629257
118625.6987228402
118904.27414964093
119405.45142397634
119606.30755333953
119705.28495958236
119770.11225786235
119886.70865846128
119945.99094545435
119986.05317411036
120044.72532984917
120167.28352943157
120485.6696412327
120685.75753694169
120685.9877805218
121004.52064336387
121005.598897454
121085.03006146516
121186.17506760891
121245.4383874302
121246.28262130452
121266.59980793203
121364.91057824691
121385.03220312754
121461.32978340451
121545.85055961285
121666.6801571839
121685.12704132985
121803.83447650918
121805.96869175967
122044.67054301902
122044.9421905088
122045.92324180825
122086.50896616447
122265.47151501519
122345.34662593929
122346.12580432718
122447.94411947609
122464.34048170436
122625.63995057723
122626.6664033737
122725.89725621218
122764.74409095946
122857.51725090953
123085.88646429272
123105.7819630681
123170.53471030988
123244.8605555683
123345.6682468413
123464.73229051247
123621.1673621007
123623.913244362
123624.25514533394
123743.88205620881
123846.23002829128
124025.63474653306
124025.75701590507
124045.43074990144
124264.90318278939
124334.76610400749
124465.07542907332
124626.32199288205
124645.46233375261
124744.84321719836
124826.45794513167
124965.75217139814
125024.99179974911
125144.15569044308
125485.02913978223
125485.63297099096
125685.83307247455
125692.02182072023
125893.21390784704
125965.77194295304
125966.14426033602
126000.7201428925
126006.72543610784
126045.96617857454
126065.02611603735
126104.75094479372
126224.82912725685
126244.47755313362
126245.5218638965
126285.33534953195
126304.77330590633
126325.5099472203
126344.65876903727
126347.17497176229
126445.36728337855
126466.1015684252
126496.62305261815
126572.37952868643
126606.80871875936
126685.45786655799
126926.18988549254
127146.35214340691
127164.91029527054
127265.43791401117
127265.50829151034
127285.61459410063
127286.4107705625
127294.86747996777
127506.46954726994
127625.59994655156
127644.66388235493
127645.92858591225
127705.44225513327
127805.09297486792
127825.3603751397
127905.33960538938
127945.30460964204
127986.52416837333
128063.72525067619
128086.00500217048
128164.36404177856
128305.9293626391
128325.89265542377
128327.47546028132
128393.65487683809
128450.55076904918
128505.2202989856
128567.67380178557
128625.69223999525
128660.79569367654
128684.41998731013
128729.55648982977
128820.3223762373
128830.86807772759
128911.90330782777
128966.27386565483
129024.48940565594
129044.8259642115
129085.45557268056
129130.03245644036
129204.18873661649
129205.93979628035
129372.23675315609
129405.02050979585
129566.92912901659
129581.97985891323
129632.5957664166
129665.02146023313
129702.11910147063
129784.02479320047
129881.23401433261
129885.12176470816
129900.73549230199
130050.4203302256
130145.28547535566
130265.74956727534
130302.68768287153
130304.85671699914
130421.51647331983
130545.02735094924
130567.79458933923
130604.93219451346
130645.11467011004
130664.87585916722
130810.14192418738
130888.71205314784
130966.20967549345
130979.4563356934
131005.15413770062
131067.13570951814
131285.06502204295
131347.88448091038
131531.81731923815
131540.2143027999
131545.49912922404
131703.3320447387
131719.00334682263
131770.34638716237
131883.75024773623
131885.39672853626
131925.42121401412
131966.6875933566
131967.62617356126
132005.27227511292
132013.77892622683
132081.1982729871
132085.69328523948
132128.32311965417
132164.57198512615
132206.07979656247
132265.68285548702
132288.86787158408
132379.7573363952
132465.0024201422
132559.27354677994
132559.64495494287
132585.99947528742
132605.23090910533
132645.92631144667
132665.97200138425
132733.57040583336
132776.32529133378
132847.44311326055
132864.05390949105
133030.20772697133
133121.3140436574
133127.07967614508
133130.0194828544
133191.84080166742
133247.162221668
133365.59424277954
133401.65504504798
133518.30291466892
133546.88167630177
133566.578226583
133677.14859275307
133755.20858705367
133770.9514790061
133885.50618886118
133886.6774673415
133925.77833682697
133966.28689260661
134028.9231454737
134047.319165856
134110.8505277965
134224.97667156826
134246.08024344817
134304.79027289068
134335.21759285853
134405.767849434
134465.72384651526
134525.7708337108
134576.87007226294
134592.53235793812
134866.23222015201
135005.18968641435
135025.7187322397
135045.99439930858
135124.15559676904
135124.7256869423
135235.02538333798
135296.3145753708
135311.31603268857
135325.84355562678
135346.00025883602
135357.8637039043
135363.7771944754
135365.98079706533
135406.32348080847
135439.37198144995
135503.5460835704
135566.3252154581
135685.6600297709
135724.15044365337
135806.27864911113
135809.23196216172
135826.52159416678
135904.6344795554
136026.8103916351
136196.1431653245
136299.6946853191
136344.84802838363
136359.81075997843
136425.1343310454
136444.6946839177
136562.3425100178
136646.17957859446
136686.4286464243
136784.98164109414
136785.43026886758
136847.06919223708
136878.00444435503
136904.60007863093
137022.95833328518
137125.60268802103
137145.36908993145
137563.44842411374
137956.2371652999
137961.6296511425
137966.31834747025
138006.74778809198
138052.16723883458
138097.5154569007
138119.96392753214
138299.2846480916
138365.4741657093
138425.54844659814
138487.4103056374
138523.8682672516
138535.390691859
138552.71608256767
138604.97027710348
138669.7327288535
138705.4405580918
138711.1276513866
138766.2010014746
138785.55007815117
138805.91612805723
138825.8850538498
138886.80967108064
138956.71010086517
138978.01832979958
139052.4998253984
139069.18378953752
139125.1507193714
139246.5657509084
139286.32337140146
139289.03298352732
139301.83895728842
139316.32608976337
139339.52421831398
139484.70212034314
139496.9646657833
139525.36780554993
139603.99140817963
139671.54382210743
139684.46468407233
139725.20756561848
139863.85779060714
139905.56327853265
139924.41695480733
139965.90728397318
140026.2051329263
140084.80818128135
140104.74955867333
140105.2990737973
140269.29258124193
140340.41021641478
140386.29200836876
140406.27485308974
140435.53700387292
140524.29999268777
140665.6446873881
140732.57603609937
140965.72421090095
141066.38485102204
141066.39644926452
141073.82553734016
141107.03345771518
141165.53062304299
141193.07295979472
141265.61371429343
141323.86573080454
141445.65673307094
141496.79168952553
141509.60168771498
141565.28998005533
141592.9447983292
141632.7397155726
141665.3309627164
141726.1055147259
141783.94781846134
141810.160217745
141824.65622329593
141826.1250197519
141863.61554527946
141945.12881011865
141985.53043323467
141995.47542226402
142002.16779135345
142058.88948914164
142164.27930839566
142225.58255233796
142225.6877750001
142293.56342267003
142305.59734833517
142315.2879683141
142331.12001396535
142345.00247185255
142392.3184824037
142400.07733716117
142405.67360427615
142505.63987615437
142542.70215232624
142644.8356456362
142731.651592567
142800.89023215414
142845.66019511287
142914.34948729086
142970.67897480392
143047.2890750259
143066.5573667889
143205.7338575514
143245.32985162095
143365.1705920706
143376.29737629468
143424.80764718846
143624.137651136
143644.52369767634
143746.0168984846
143851.1825132921
143885.51495176437
143940.55700065638
144026.6793478328
144045.02223204717
144126.48288646617
144344.5091356636
144353.85018521638
144386.54762367398
144445.79171425474
144504.67544469837
144627.76664888175
144664.86462927973
144681.24044233802
144685.4382905803
144744.69398896775
144784.94860304057
144824.92639036168
144866.28438553185
144885.79854482133
144889.50717368003
144943.6291996255
144944.4583613304
144962.9874763495
144974.71576316332
144984.3026217693
145025.63694211515
145134.38008090213
145415.88916970373
145465.20079558156
145486.11540058051
145486.55853501978
145506.23499932623
145566.5951665558
145614.12263694475
145639.9026081734
145640.38690588143
145685.82898950088
145712.4756048418
145714.90767162104
145727.1429147254
145765.1084310728
145824.2781893862
145842.2148320713
145925.1415483884
145934.79711164322
145949.1403359565
145965.38368388003
145979.64088516738
146004.8546693031
146085.4694385795
146100.12463376494
146107.28569361696
146146.13001516153
146214.38462064153
146305.76494293474
146324.532089292
146444.85129601153
146446.54642029482
146473.61899517314
146508.1014065717
146526.48365159554
146565.7894737354
146658.0370072474
146740.44040193842
146805.7930225299
146905.6361596932
146926.16513101946
146930.00906405196
146950.59796065267
147026.48115525176
147064.78009170937
147185.11841394738
147445.59626626552
147505.88817608362
147586.58631110142
147626.57555620733
147665.11956287627
147690.48991409986
147705.83255430878
147825.56898322026
147865.2925297878
147886.0537640794
148026.49125582265
148085.07213436812
148105.2119019075
148197.74915130544
148211.42809717183
148515.31073120874
148546.6676766946
148716.69025613362
148785.90837564235
148835.58552142797
148906.55748884848
149004.5262239753
149004.93405124443
149150.89435350394
149291.52916446098
149314.96744291697
149446.16123114314
149457.61909519654
149485.23831443928
149703.55860620982
149785.59272220155
149884.80882596225
149914.19450533652
149925.68579296392
150027.24280624776
150045.0984861839
150145.2913336355
150226.99706705168
150264.96047422074
150306.18445108723
150605.47284362404
150720.599785119
150900.24062453647
150921.69269823746
150952.03118176473
150982.48438884932
151006.23789016606
151049.4977151255
151087.2837764114
151124.92885191593
151204.83980699794
151206.34125004092
151225.781612965
151364.57518268295
151545.92577960694
151586.38728422558
151659.65439595614
151724.23213330607
151785.170048167
151885.67625791588
151963.8569568123
152026.77428307026
152084.8685531442
152087.29399614755
152090.7476713547
152256.78638597732
152265.1896775923
152267.4759466382
152285.29172990617
152526.53516192533
152566.42109834243
152582.72459870199
152606.39739455914
152703.58131273708
152744.60442618292
152744.80142007163
153051.07980859198
153067.83199064093
153145.5537322834
153185.3417086372
153266.43050553388
153361.60632933132
153465.7822101557
153484.80549833298
153544.5562288069
153568.13477765274
153645.96825330134
153685.32697873504
153788.8506982965
153805.1190300007
153825.7829290841
153864.36907579462
153944.7946340224
153945.06615006787
153945.54167393234
154045.85718136537
154085.15148769793
154085.23199351295
154124.71143024464
154217.25717337354
154273.0408950769
154291.29177002018
154529.4982821201
154530.75770155736
154586.36299133804
154645.61907502142
154804.53656809757
154885.34464727418
154894.9285306069
155025.7504861023
155025.94423487334
155080.37071609488
155108.84981848823
155109.9107387741
155126.65329617064
155184.64242807656
155224.9986877299
155225.69953043188
155273.72041715696
155284.662202527
155386.9636770283
155416.41824561125
155525.4879716437
155545.97999457855
155582.0899687853
155612.73581465625
155686.71355913923
155899.41877150355
155923.41475560906
155961.76584300224
155987.18036391988
156105.34456581844
156127.14960538462
156165.83893799732
156246.2804553419
156314.76393473955
156465.93485855122
156503.9655573013
156506.0290997146
156543.8808765467
156606.57404030982
156685.43627728027
156805.11949361398
156810.13984661226
156844.39911602286
156870.46573279728
156905.7594592339
156945.20890972923
157045.8653407911
157206.56011442104
157266.27527449632
157404.59394183158
157489.06774249137
157686.46575771045
157844.91235357165
157846.13868957956
157906.7681646935
157946.47543014775
157973.66539644552
158064.81609171804
158265.63555587502
158305.25638864853
158402.1051898201
158449.27549423944
158495.8984772699
158598.56853341672
158605.76918434858
158624.48278122908
158651.55118663248
158745.3388162631
158760.9564687641
158804.9916767851
158805.16048818818
158965.10117019885
159042.11043086162
159064.0203398279
159065.5303227499
159166.0024663311
159305.25143485627
159312.54063500467
159364.93937604534
159366.1499005779
159605.8225999861
159806.01599923114
159895.4346673781
159897.70577774837
159915.99463305098
159924.8309959226
159985.90030557165
160005.18685832457
160105.7651923833
160115.00529817975
160125.13609409696
160327.02724683145
160404.67056506622
160526.89581844353
160584.7206712541
160585.29667293007
160585.50708177034
160665.83971303114
160764.67571176204
160765.37595703383
160845.9842085109
160885.5460884207
160972.17907331255
161005.7797017162
161246.45087673314
161364.5965452889
161445.69158590422
161590.0766776388
161646.93346148665
161666.44788284122
161795.5769226083
161806.4475549589
161806.47210493378
161826.2427984678
161909.69989341634
162024.81327847484
162046.1236311772
162085.2216075553
162121.46812815318
162184.91576780536
162266.67732328217
162277.39187975827
162285.30457700478
162370.9329879241
162385.85290798402
162402.18983875494
162465.57556418
162505.4030206709
162544.81971996976
162647.0419484559
162667.30141636328
162685.70357245544
162726.00706964955
162768.73801814148
162845.59057279053
162945.6364873813
162980.4821415818
162985.5448088265
163045.32639089614
163046.1591909185
163065.68856120837
163123.17286574753
163164.96474560254
163233.3644606187
163239.57047933494
163403.52268368506
163404.65420404644
163460.9178031231
163539.5526097298
163554.98518761504
163619.31401352835
163626.3410782304
163646.3286186481
163896.96396194934
163906.4234975103
163985.00645120392
164001.9910043694
164007.19979641456
164046.16225512142
164107.3739159333
164125.78889544518
164126.4440327474
164195.25734188152
164245.821089653
164404.525029523
164463.62406579265
164473.2339635533
164485.867942125
164502.066594864
164502.4267697172
164525.91422016223
164526.31509893012
164565.1398115395
164567.88375367573
164675.17077861037
164765.23736411694
164783.70929708306
164865.40044069762
164879.70539927934
165005.4459146145
165006.97912771913
165046.28663516504
165076.10611657723
165144.66125085248
165186.05056431185
165214.49412215513
165234.63952354086
165275.73343965475
165305.24550588403
165315.66643540334
165345.5155049404
165388.73259453016
165465.13283734172
165485.91992190218
165487.50517752295
165576.77165905497
165625.41238769743
165655.87776217115
165686.17253972017
165705.25979226868
165736.02612295424
165774.23410358018
165842.13026206382
165869.3838777767
165886.42767964376
165910.52284737345
166085.51688898398
166143.06839477964
166158.5261951186
166183.25658411824
166243.94906677504
166270.06566914223
166287.1186190669
166330.4193458921
166403.59416231725
166447.5817681924
166466.25713566362
166544.66946241359
166614.59387138463
166625.58218918144
166643.64673531905
166648.5614301571
166705.7149878328
166728.27174798067
166793.52924594126
166824.84200105467
166854.89693046617
166866.18276051417
166906.25067687102
166907.33004924995
166971.23239434295
166986.03686898103
167004.17472916318
167025.49066592596
167034.47946430004
167045.22748238515
167119.11158334874
167124.14253783485
167188.66210442007
167225.6905804208
167245.00132971504
167265.18323087643
167285.5910180508
167313.81046469486
167324.18099132224
167344.9504053918
167364.89647019346
167426.02084793325
167636.13813362157
167665.50921656383
167686.17029225317
167693.87931038858
167706.54536637734
167785.79096153183
167824.15357411
167878.14764011663
167926.0339108813
167930.17127720994
167934.2435429641
167944.28752291098
168029.35883033377
168101.6535540374
168254.1950040845
168304.85953870194
168393.03813022628
168528.39325078475
168550.54638160334
168578.06756366964
168651.09981981228
168664.83728591038
168665.41041986513
168684.2582836973
168766.57973653098
168844.17012341513
168946.57893489368
168956.30209896984
169145.52630287403
169223.13045466854
169328.18285404705
169369.45744529556
169404.20310579645
169446.589386868
169580.95225444023
169671.49783954764
169725.31035665254
169738.33299065474
169746.0828367898
169871.18469350197
169979.7565588357
169985.09088531253
170005.7866957312
170065.81388315145
170084.52632529306
170137.71338757675
170240.701449349
170285.45450658334
170323.10653521618
170385.42360500593
170404.91686353154
170446.33254473895
170505.65602331035
170556.27745136476
170591.75279433938
170606.70150266518
170630.94659132865
170706.26143058136
170745.92600825545
170787.22656955314
170845.51214542225
170845.9668951383
170846.04067040075
170846.53160441434
170912.13596772501
171036.7163722932
171208.03380130627
171313.4981937406
171482.40339482567
171519.5118430779
171555.51702825655
171583.4961356104
171610.31467538717
171644.92134163802
171685.02637880316
171726.29122931993
171767.633577061
171784.01733458007
171861.982712292
171885.6265185902
171925.8465549223
171949.91465597966
171967.4569053106
172106.65308239474
172161.87091335305
172196.46978339006
172291.4123956047
172305.6153602007
172375.2631176384
172386.50328187377
172446.8107844625
172533.30005141147
172630.46501621633
172665.0873888672
172851.84021604076
172893.579234768
172901.85135574374
172908.930311405
173068.7695945122
173124.73767539643
173166.33348738743
173215.0592081134
173265.6135323723
173325.69984693613
173339.61882975567
173365.0099669154
173386.7525785051
173466.45543681466
173475.36213799764
173485.4787565034
173485.60189348497
173545.83867270776
173580.68574812243
173580.74094270673
173585.99566309166
173588.53292520694
173591.33401109546
173592.72439173065
173594.9888559635
173595.0397916875
173598.15197931038
173598.16250879053
173598.23309817965
173600.32927227273
173602.57259676902
173603.4400539476
173603.9330807638
173606.72180072957
173606.82001282714
173613.0551860734
173613.2128078672
173617.13865740318
173620.38120327875
173620.9939288609
173624.68451557218
173625.51050885048
173625.94836230547
173627.20795787018
173627.62336259507
173628.56918748442
173631.21275285434
173633.23906231124
173633.26991256155
173633.5551383598
173634.05046388082
173634.44188295605
173634.64091021614
173636.5839850502
173638.4704058943
173640.01634570528
173640.37061073902
173641.63044282194
173642.1233338931
173644.11019809725
173645.2146987812
173649.02451898248
173649.90774920885
173651.30179396886
173651.4536414935
173655.00886647793
173658.1363296757
173658.61650652776
173660.38906812444
173660.55534372525
173660.7023596341
173663.7996393459
173664.33257838237
173664.59005642674
173666.14667351265
173667.4510104532
173668.7718259958
173669.38939165464
173670.66114719302
173672.47952048105
173673.30209572994
173674.1096946235
173674.11063230498
173678.0391069213
173678.07100329775
173678.4199959776
173678.76169157264
173679.1621632458
173679.8682992728
173680.5898881506
173682.29176856228
173682.71210913637
173683.48140994538
173686.9516293978
173687.28957337144
173687.41388930636
173690.75704103522
173693.01629381228
173693.5208499462
173694.35077069394
173695.2690480032
173696.47084224265
173701.7879883066
173703.70463004906
173706.21854794715
173707.04919356375
173707.20586060887
173708.57274949359
173708.7925225244
173710.66849619124
173711.56372976687
173712.21982304432
173713.00851238225
173713.83361284816
173714.7014304401
173716.31886849008
173718.00615412008
173718.2768911592
173719.0571021009
173720.54621602912
173720.5672546397
173722.05990883498
173722.2887575419
173723.5241661524
173723.9358415986
173726.13107199394
173726.33418784916
173728.25268991047
173730.5003122804
173730.97534031255
173731.6928895424
173735.30100032222
173737.4684673229
173738.29715040437
173739.43726855487
173742.13896294055
173744.88682624005
173748.74754306718
173751.10916706
173753.7217000923
173755.50422810717
173755.6538554097
173759.0537360246
173759.13874964035
173764.22151184484
173766.1424198001
173766.81615307787
173767.74170897834
173768.72165049854
173768.8759994741
173770.59232822811
173771.22840431597
173776.343966477
173776.39694531157
173777.9633944814
173780.3022350776
173780.59864815
173780.62119288582
173780.79431480542
173780.8938576988
173784.0291602872
173788.18592258485
173788.32154285678
173789.67371612514
173791.55316968478
173792.86178733982
173793.07312086006
173794.51034425062
173796.91613696623
173797.41569106595
173800.91704016068
173801.5574140397
173801.78966211207
173803.34375621108
173803.47042014537
173803.47878458732
173803.57690721113
173804.15126467982
173807.4581472788
173808.70156280504
173809.43595181537
173810.9011502996
173812.96360512738
173813.69051397688
173813.724544252
173814.20878667466
173814.2712187892
173814.61790438078
173814.7445429369
173815.82978329432
173821.59732437512
173824.1215375001
173824.1240315811
173824.77425173944
173824.88867911138
173825.1294187761
173826.85544293828
173827.4400035262
173828.420666043
173830.293158076
173831.15433741527
173831.5471216495
173831.66555016692
173832.44517657135
173834.13730345698
173835.4797524424
173836.22447355726
173837.4292337783
173837.74262335896
173838.03278657811
173838.79883718927
173841.6422251482
173841.8882679304
173842.7365888764
173843.7706854018
173845.55707646883
173848.4072619189
173854.94100682423
173855.36336452945
173855.96320664394
173857.51202859517
173858.2955253469
173865.7323112504
173866.1387634489
173885.0439831613
173885.1855369413
173947.7600776717
173985.18878063478
174126.2803149035
174246.12309257156
174424.6421004514
174506.0137628993
174524.66029991396
174864.8998030051
175005.44846834766
175044.34824128088
175045.2771187394
175445.51266711502
175545.58983335842
175624.5930111202
175625.9166561727
175645.8771571989
175926.49770408924
176206.21743573152
176465.4337172758
176506.53455803756
176521.0981254101
176526.25479422577
176666.05667773803
176805.26065622937
176926.0474704858
177024.96597299865
177046.27463939693
177065.16087155673
177265.01280531488
177266.26145905536
177306.17572628855
177526.44092119666
177845.91451023423
177864.25519789074
177984.6066510049
178046.05666346985
178105.2002149923
178266.92038093045
178566.42567569704
178584.35912012274
178665.9161804051
178784.89905129728
179246.7490027411
179405.05405993058
179405.5505748118
179444.96441529648
179464.60503761366
179486.46831330916
179507.41677701892
179565.47383493537
179725.87838053735
179744.6268157016
179785.48287469102
179826.1299630754
180065.69013377625
180565.748505022
180747.46552413193
180906.09708145884
181086.26362677556
181126.19775638278
181305.30878074418
181326.08474994887
181485.1214776444
181525.18801380528
181526.6381456133
181565.85461040612
181586.86850594514
181786.841210862
181945.0025206722
181962.510312919
182005.5206218564
182124.26789199715
182152.7737136096
182306.36317273707
182525.8197975127
182526.33769038075
182568.28821539797
182725.99381276217
182745.3498915069
182865.60469211635
183044.98360104157
183064.85516541483
183086.44253724374
183305.06749172963
183384.12197657605
183565.4172855922
183645.65653992826
183885.501409191
184165.94050312391
184225.31098237183
184746.0176891367
184824.0133989524
184826.78147530425
184844.73980064417
184859.54208661529
184966.89066224196
185266.46153480315
185484.60643359533
185545.57522641358
185586.20132993456
185666.00024463402
185744.52346477137
185826.23381243844
185886.16751056595
186485.27652657204
186641.0091426576
186686.1515903
186870.69285466333
186926.1864629831
187046.34680825676
187123.52045526943
187169.06958453645
187185.39793781273
187265.84083047413
187266.2158746517
187305.9611053964
187385.9410790536
187388.72220498385
187428.67322394965
187438.98029364555
187440.76373927342
187559.9667128568
187644.27704287478
187644.3092627834
187694.70076054847
187705.79324373227
187826.2385397754
187905.61439969655
188015.5748558427
188174.47784554397
188206.66651618935
188221.76066503755
188385.62022524374
188391.2763274725
188518.62783698319
188526.42567417992
188644.6108690686
188704.62430071103
188725.24464615717
188767.3720096563
188805.21953777078
188844.72040759397
188942.54400240193
188942.7701495278
188965.83534439057
189035.38269917612
189085.94031574353
189125.74578733835
189143.11048983442
189184.33825707453
189284.72299863628
189297.9779277758
189465.62621677972
189530.149489156
189530.5799462974
189585.73255470637
189646.14528958625
189728.07145262847
189823.37581684993
189880.43763660642
189885.87668735147
190045.10293292435
190046.5441509404
190073.25993080935
190105.75395494746
190108.20917776012
190159.25038440898
190164.72314706
190256.486623853
190285.77965601318
190366.15110921924
190429.7978784069
190445.77094615958
190463.48966078678
190468.6690840022
190491.8634943775
190544.5766105111
190566.49648097044
190663.09789454096
190680.96245147393
190686.24742807672
190780.305913706
190785.81411520287
190786.63489903137
190845.32027531392
190915.63655767133
190945.4199527177
190974.68968989621
191004.07907747605
191024.20261121707
191051.2828121636
191104.8637619787
191105.35313093252
191274.26611965406
191285.48312129112
191285.99315475707
191286.13114071233
191325.70335918813
191345.1001932167
191404.8192024146
191473.46162460995
191605.31561946927
191790.33863606185
191837.8551372639
191849.97218611164
191865.5143253433
191926.15249845627
192064.5618123228
192186.4506756129
192308.85184492383
192325.7446718433
192514.22413122052
192524.70182748375
192525.85916481665
192562.75925557344
192670.77383356297
192755.6239262078
192785.94746007244
192801.41573647026
192811.41486209224
192837.50984514062
192925.5617574445
193024.96327308682
193027.80078333983
193043.678829018
193145.2316939925
193211.26870756331
193212.37501881138
193227.76974283997
193267.497684047
193287.86965466005
193324.4139382556
193385.71297515283
193446.51386007445
193558.07073206606
193615.13498471718
193665.45476599006
193727.00152086074
193729.45900122877
193765.52389074085
193946.1621397274
194024.9929608617
194143.3229221767
194185.62958847938
194385.4028128522
194504.51234854516
194568.30837954293
194621.36113960927
194662.15410283656
194685.01205435005
194705.80863734317
194706.0481673488
194785.05633934375
194799.52438283543
194848.54577322653
194865.75750395414
194876.59737194228
194885.0494880118
194893.190672561
194898.23861019636
194987.0248066641
195097.5317439705
195185.36617334175
195186.74337338228
195324.68932800367
195361.90591487987
195440.69924574834
195486.16181102276
195569.57107912097
195625.25144380104
195673.9601811298
195805.91443264257
195807.31887073576
195846.02614043045
195986.03646742494
196046.60083777254
196073.963230997
196108.91264793777
196144.2243697806
196147.14890944978
196165.72746289786
196331.42838365355
196371.12452353255
196419.4193556475
196428.15062672982
196539.06864964258
196556.94291708013
196585.91560302992
196593.3677225146
196653.73121486508
196684.48442787072
196746.16065305134
196785.44877571764
196949.7299126395
197079.9051217751
197103.5025417604
197105.75636982353
197125.5736317116
197222.32596142116
197289.19784646796
197326.40199878078
197385.71858480785
197394.87705245698
197446.7077985107
197501.43880317843
197704.84819507448
197765.04894341086
197825.5279668925
197829.96992892577
197845.7983579581
197885.96438571252
197890.43916062164
197927.80331387278
198005.40769231654
198072.17474550515
198075.59886007424
198077.80003457685
198080.88876922996
198086.19385982162
198090.40444333656
198090.92358763353
198096.48600171992
198096.78386083536
198104.1553219455
198104.92587478162
198108.54023058218
198113.2407573609
198113.33436057143
198122.37437032012
198125.3761548581
198130.8342249901
198131.22371420285
198132.34995904806
198136.87763550616
198138.45279429664
198140.01476608493
198140.05392314878
198142.76120753508
198143.02911786037
198149.45609430154
198151.0672176334
198151.35451701994
198151.6955905807
198161.83526963345
198161.8669551123
198164.7893262289
198166.86369611364
198169.06681498003
198169.78477681638
198169.86693202078
198171.7444469721
198174.6717536373
198174.80924495598
198184.48702781106
198193.78331459133
198200.61475640698
198201.50557353997
198209.09111444704
198209.91905338288
198214.5127953404
198220.03881748448
198220.44899995934
198221.6129170433
198223.0244972295
198227.46064193986
198230.0860905532
198230.40385719386
198231.95089541862
198234.92587720611
198235.60672869868
198235.61768724877
198239.6215795357
198239.9781717626
198243.0852094788
198243.08965308388
198245.66071504072
198246.1992281388
198248.12161223067
198250.9040890372
198252.71074193524
198252.89808485954
198254.71271759132
198255.95443223364
198255.96458627842
198256.193108037
198257.0269705963
198264.78142634136
198264.91619842133
198265.8479407222
198269.63603025407
198271.03385515953
198272.1609487788
198285.25683640077
198285.98313179798
198288.51692787927
198288.7347346282
198292.71480298915
198293.43762155416
198297.24621021288
198303.60121959745
198304.14531458812
198304.67330790535
198304.85760972873
198306.1852805595
198309.80552663922
198311.46107356882
198312.65099831836
198314.69699217053
198315.94639941733
198326.21544518913
198330.38642696594
198331.32161429265
198334.41362742957
198336.6971555418
198337.27244524343
198339.13370708952
198339.4319346294
198342.73723173392
198345.09147545448
198346.46825551585
198347.4046907076
198349.61111272653
198359.00430298422
198362.23193583102
198364.16942097346
198365.32061546168
198369.37849702162
198370.86017086782
198386.1804946325
198395.95468542253
198396.9258671138
198400.38818015676
198402.3415842916
198404.69967731016
198405.8272436599
198407.05168537475
198411.61703849857
198421.24705615462
198422.14732427234
198422.73919381862
198426.72599305768
198505.92113209554
198506.34283447528
198666.46401513158
198685.58190624474
198726.8945594437
198886.7057836137
198925.50232814322
198965.42597998955
199108.47064965105
199206.4194760973
199265.37832834266
199265.80380023472
199365.34051142735
199373.62827128015
199446.0555147147
199506.52495769854
199525.26411339632
199604.79919654087
199644.9002320971
199745.83757312983
199766.19355497396
199985.48800512395
200065.420840923
200104.8996096516
200365.2572622467
200483.9196631445
201026.44409552246
201058.2554951719
201066.17451200043
201085.41753249473
201186.68709330013
201244.94059753616
201306.30867639653
201306.47135083532
201646.09579148435
201667.4338781283
201705.45690552893
201707.62345965358
201744.65546179065
201925.3044094718
202105.14085037858
202206.2548331053
202226.4576319723
202326.90419453027
202346.20499890315
202427.05065561624
202505.87295546778
202565.245115331
202646.18370340613
202706.2700846095
202764.58103803248
202824.0729323232
202859.90201179954
202966.6252823952
203026.0025051509
203345.33571519272
203346.32524837408
203424.53117745268
203465.81740934475
203606.27990202658
203625.275656233
203706.12700057946
203805.4312606801
203846.33058702628
203865.29203158725
203865.66175353003
203924.66118523444
204007.17108197144
204046.2327053473
204185.14621570834
204404.88989069496
204425.08498046084
204472.61560551205
204524.88775120687
204565.88175673914
204845.41862139967
204945.4591694089
205006.11106639335
205025.62258256774
205025.62609305582
205084.9950252938
205126.56144119965
205144.75019444645
205165.88672101937
205225.41416337327
205325.7077236907
205397.11431383697
205405.289211311
205517.55345015012
205545.66448505112
205685.74510851124
205744.2554501344
205786.42157807833
206033.81599507463
206425.9779900795
206512.087357168
206745.20922533877
206884.9707461386
206926.1779908308
207106.57451450525
207165.798596962
207186.79885564404
207225.44436245828
207326.318288396
207427.36545250076
207446.64723069308
207447.4072274111
207625.28369469402
207685.50869576284
207885.77765901273
208105.8325451512
208147.2608644419
208165.47695027862
208426.2262600631
208426.27178223353
208444.39090182722
208465.72023040953
208465.861154367
208466.1791765501
208545.13407683113
208666.75589154588
208724.24686739413
208784.21781960767
208865.1252685191
209625.8055293493
209685.03945852336
209685.29619511112
209726.49602902838
209745.04722450135
209785.63506946585
210167.6298737277
210254.75103105803
210345.88463874743
210346.05261673447
210366.1265787797
210405.8116504681
210425.29151579092
210461.81207354373
210605.91628661213
210625.5609553202
210764.51796499378
210805.35055258515
210905.94375128145
210906.00091678707
210946.17990359935
210985.28619231592
211004.80090032401
211045.6601115466
211165.0482311562
211285.96937638766
211606.76252903527
211666.48840877356
211825.7826651597
211886.4835854954
211905.0902853904
212015.82754435705
212104.83115056535
212158.7955521862
212256.44100073123
212286.43570448333
212340.92723594923
212406.6218098738
212446.2956145677
212546.03830638638
212624.59082495532
212626.99814584764
212703.9975931858
212704.9063094266
212745.89493935314
212836.5729284112
212903.42068458645
212905.12635451273
212924.46401343457
212965.71649237222
213107.67938930358
213128.66942254896
213164.38821980913
213165.24985739475
213324.52714439874
213393.9996108396
213422.16595309303
213452.16273520468
213484.74530215038
213584.43892167482
213585.6928757881
213606.6756373177
213625.58842376585
213634.67449185072
213644.44299647227
213645.4142275592
213646.13776328287
213765.5196447061
213766.18110470023
213773.71116945357
213805.20766939962
213886.59337734035
213925.11781158016
213938.77677982126
214085.8859080531
214109.84237689475
214123.171217841
214364.16516533415
214457.82605387107
214464.24794091634
214478.1239245033
214504.63366808512
214626.11134494713
214764.63364348083
214778.65967130155
214786.03143351286
214807.47722642092
214857.36726775457
214907.03310900336
214925.2562217589
214945.19673083478
214945.8298394026
214966.29715852035
214985.94581104483
215037.04085020412
215186.07150828006
215204.6827805892
215485.61362292586
215506.63940970937
215611.99288775955
215764.30227519452
215904.6041172098
215931.3154884885
215966.674006608
216040.3639555235
216124.66520732615
216124.86644075435
216145.44046239636
216204.38934644122
216226.44928755585
216465.70450366914
216465.81649738702
216545.79086209915
216585.9721175463
216628.13389747473
216663.49078528723
216731.5141861051
216805.10817000645
217066.79312407895
217085.61676682768
217120.61872019086
217146.0997659781
217307.85178463982
217406.4160929821
217480.24564158724
217544.94868051822
217584.63311478653
217601.1359177894
217667.0638097897
217735.26185180809
217759.8594421043
217784.7156532423
217824.37842261491
217964.97032062264
217985.56243556782
218006.4652521725
218046.85265572497
218065.92678764564
218078.81246323563
218103.22265142284
218207.0795773797
218223.9589742491
218346.87333981413
218554.87553986756
218566.7089159136
218680.07442896193
218780.24240144205
218814.55914126977
218906.31692479877
218925.49754698673
218927.33869996446
218965.26825481508
219025.1810451307
219065.71023902658
219185.34908058264
219206.45120774544
219225.44390284212
219255.5485130405
219410.2907085613
219506.89286756775
219526.18586975505
219549.87145364675
219586.87518272435
219596.86413963846
219647.07166450395
219672.98589877744
219716.99951166756
219766.13602076034
219925.90567497254
219945.3249395572
219986.35481959663
220026.0143411792
220126.43243562034
220358.97925571928
220379.81900953432
220417.64641038282
220426.825327594
220445.47260913427
220584.7166991336
220698.90552437078
220707.53127498587
220796.79194049074
221126.22715303337
221134.0001796889
221265.56275869638
221268.77050266162
221344.65465960262
221362.39176642714
221404.6321064133
221426.66331256012
221706.38190113977
221765.30376936865
221787.02034292376
221824.5979721566
221825.41131506104
221862.4197647153
221910.69726971365
221945.22361132834
222006.71249674945
222046.93002707
222086.06057596605
222197.42424661125
222323.77508224826
222351.35295175028
222391.4415908293
222404.31979488628
222465.33331656267
222517.24764372772
222665.6055283075
222718.94354348097
222732.06628216087
222834.7626833032
222875.7493379427
223000.10426112814
223042.48513579427
223085.4956191752
223099.99456243342
223146.86773493653
223164.7854320092
223165.43403543494
223198.55271846242
223222.11500312696
223245.25630396677
223295.17508871167
223306.1748577663
223326.63578517537
223385.70565059164
223410.0205434609
223464.89628099967
223618.7860156737
223619.7252246124
223625.65300590402
223646.39509653283
223701.63420829605
223726.4524326845
223745.35944680215
223787.4965618772
223798.47405671448
223884.79831931242
223926.66771162313
224090.90683143525
224125.049720787
224156.45433300268
224186.04890954655
224190.80237804024
224237.9707465021
224244.4856133292
224264.85604755345
224266.27016757155
224324.66945469464
224370.69625796343
224382.9466044871
224385.76655144527
224525.30964319856
224545.6176994644
224607.25966397376
224643.04459541693
224645.54402395218
224666.01314600062
224698.61711604468
224705.522503789
224708.25912836415
224885.76853362255
224945.75699272277
225088.11627544073
225104.61420584712
225105.35941166576
225165.1030747376
225226.45827263637
225258.628903456
225264.681022486
225285.28304126565
225306.40925421077
225385.30987162056
225446.15180786597
225543.5469147331
225567.90056967692
225665.34657086077
225724.90499393016
225805.4386713531
225871.91300844937
225885.26245562406
225885.87937454233
226026.23504359045
226064.91576896966
226165.23296866874
226332.2543464534
226343.4443803412
226466.4867270427
226659.33194186277
226705.74716375378
226743.62252775632
226758.9028902543
226806.89949820237
226825.0445185802
226826.41169729587
226844.85269099835
226945.20623706005
227019.30867940935
227046.11735225265
227085.3248289615
227086.1442697429
227127.9037401478
227149.88644134265
227181.66301757333
227285.39499794506
227324.86039773055
227325.0599935116
227325.07416495623
227346.48094319453
227353.91198706056
227416.69320826232
227436.27329972977
227490.69370804454
227504.82393145878
227593.47679339105
227644.33619845338
227784.60884310852
227846.31127867856
227979.2436636915
228064.73332859355
228089.7856009366
228144.95643109616
228151.1866077098
228215.64196367253
228257.6224741697
228345.9725881579
228346.83185992198
228405.15347824554
228405.6103777236
228442.3974648995
228527.29063137705
228544.42168713376
228546.8763531056
228566.50250904926
228605.97989999322
228613.5098196038
228626.08257562105
228665.67103532786
228746.461675173
228776.0581164359
228784.63085864726
228789.51936085045
228806.5614566174
228829.83836970042
228965.92436334002
229019.09171189077
229169.1193761196
229184.48719082118
229185.11642129414
229224.88551940833
229246.13224650733
229260.43472691352
229372.7704512963
229526.88020893084
229529.21787504692
229552.25353170547
229828.60716315094
229839.38065814183
229920.3339021229
230006.745407686
230029.33213120681
230062.19729116457
230190.0563578438
230202.16323908896
230445.83673797955
230459.04850383653
230485.0781675327
230566.83028406938
230612.46530518786
230684.60215345942
230706.15131701026
230746.58181788947
230763.70407973585
230790.40691890367
230800.39361190086
230864.41340019985
230957.57799229503
231003.86925795904
231006.21179475225
231015.4981205801
231041.38935789
231045.34500722028
231066.73672523012
231085.291721449
231165.62470045657
231168.46274461772
231264.78030932485
231366.4835362183
231456.2223024067
231495.85301380223
231542.4294578582
231552.3928143374
231569.7174435369
231604.71591660692
231625.49817098858
231706.36955274508
231756.75388818237
231825.1772125762
231885.29864282548
231906.80867025297
231909.3954963264
231970.3774965152
232025.41589831177
232064.55886428672
232084.58762345603
232164.42063276604
232225.65621079612
232304.46185112136
232337.20681246795
232344.72501234617
232405.4649483388
232585.7240573211
232686.28703375973
232697.59543142735
232700.65354722895
232741.7517814394
232932.59347269655
233020.7362629221
233085.1967649225
233331.7031590134
233333.32295691114
233346.0414481321
233406.3207077977
233456.41086741362
233478.44999097305
233520.35215933365
233550.96221101785
233565.9450535263
233662.97343424754
233706.36748838672
233728.0307548386
233734.63410900565
233766.002045256
233826.3076942136
233999.5131310052
234045.4181081077
234065.22142134336
234112.16864619014
234146.91744204026
234547.8803988774
234614.12161150185
234650.79358212347
234704.2721362935
234705.42092553957
234744.29018700053
234757.1740999443
234799.5070543604
234814.0505846819
234905.02495664955
235045.55710151172
235105.05513335174
235205.4558511045
235404.36291112707
235416.5573240691
235425.38655836316
235426.2393108625
235480.1579581274
235504.34515372186
235606.17152439448
235647.0025763603
235747.52765353996
235765.38723775357
235926.31563334115
236001.50641265162
236025.15475283554
236081.1012771509
236105.0162941395
236285.3964987164
236294.93740891534
236380.69239878972
236406.0378516699
236496.80559578637
236509.0326742477
236509.345928472
236685.865935583
236816.8995802874
236846.0357151254
237057.06361960544
237424.12049007035
237465.26185148384
237524.9898496028
237525.77974396868
237626.09563255083
237725.57272899014
237826.34166308187
238024.35749848527
238073.3659936083
238265.55844904142
238306.00918580758
238404.99903139123
238407.32623863485
238499.98720739072
238505.58684130225
238584.47136800885
238584.5300766362
238603.96769179314
238641.2757273629
238672.49294486508
238885.9990529555
238946.59155165852
238989.31231961976
238999.68917298375
239039.10612188792
239039.46733461757
239085.16565191967
239146.25152873737
239154.8022006682
239206.36920777385
239485.6042292081
239505.64756248324
239546.49333760224
239604.47391096843
239626.84835372202
239664.4267974344
239665.55793477633
239705.20391930657
239725.305367258
239745.51175715463
239766.29445980655
239780.42799356917
239785.8775653438
239886.9587500134
239952.57669897244
240019.55664102625
240052.14254028467
240164.74972359993
240214.6866405988
240225.3437128256
240305.7937330157
240324.8970640512
240370.97499090037
240705.10797487688
240843.77634467825
240845.18562127382
240865.5721764089
240885.53784155546
241045.65039981896
241046.2530294973
241166.00320773557
241233.8138331467
241324.56869262995
241462.17771578045
241466.6073531473
241502.68030003068
241525.86833407832
241546.0762961935
241584.70331221228
241584.98545345847
241606.55792880405
241685.50862221108
241705.91185103753
241706.8524169559
241744.87681045936
241748.836760778
241853.66855898497
242026.17400045454
242085.67547252483
242105.39166390756
242196.92808460898
242324.9582467547
242343.57861281608
242519.85941695387
242545.78705887785
242712.49386765316
242766.38844719558
242884.82453165652
242898.02153684804
242905.80003211775
242925.99235452985
242945.35484991982
243101.41149718632
243157.9094423066
243265.80302960967
243356.66618587333
243365.75961066835
243424.68407551554
243445.1542493776
243485.32317579084
243486.61567901366
243506.79588264253
243530.78174056637
243544.28104920857
243547.24602389123
243584.47897110108
243625.6989894012
243965.12757598585
244065.48250940384
244152.16638614336
244186.37392462458
244283.22730824345
244365.96373420334
244466.83702179056
244552.66706027748
244658.2105824008
244665.34873255127
244666.03398178573
244746.38239982148
244759.7112031546
244766.21867126276
244776.06677284403
244784.47159723024
244825.69430358923
244860.72068904538
245005.11648128714
245006.13718316
245024.52704897334
245265.67922143533
245285.66631132265
245446.3856610009
245466.26999963803
245569.44398770673
245571.7488803196
245645.52992442175
245681.66731548565
245730.9180655073
245746.0380854873
245825.04347694534
245965.61180342856
245984.8703611574
246087.25787402323
246145.23782411203
246184.99971278192
246237.3212106528
246345.46725986645
246485.38004198234
246504.80473374153
246544.6087577821
246562.31073226524
246685.58510894765
246706.50327781276
246742.22483598843
246793.52654946304
246885.15063759068
246906.16152695534
247005.6081742039
247031.75611316034
247144.2941661229
247206.5988557449
247249.34310187295
247313.12563416891
247417.6059637281
247531.9855924024
247686.0220030471
247764.097976261
247825.16693347626
247825.3273095738
247880.04055911474
247905.39686363278
247924.91328344622
248062.71127729845
248108.37856587733
248144.8749155545
248185.69682852505
248266.22382083384
248406.05366041858
248465.30481516029
248576.97897139212
248578.00231440534
248588.3333988466
248610.70634507292
248742.15584465422
248745.6984618474
248756.97632360767
248806.2164271688
248946.02259039303
248965.88011798318
249004.6116101312
249020.98597312774
249039.81778918792
249174.242431093
249187.30217581947
249224.3332016253
249286.19993462187
249293.56774725538
249305.3941643798
249365.16233341783
249384.32623452245
249399.6345608071
249422.03132125566
249471.53001678069
249485.730094673
249501.52051008106
249506.05805133632
249564.98418452404
249565.5115581423
249592.93748520984
249646.1044218876
249706.29409664258
249722.64248395484
249724.0282813894
249725.68010554215
249726.16420563386
249766.07861394197
249873.58380936825
249885.1465103004
249903.13186057558
249907.20631124038
249931.5837815134
249986.4551994349
250065.4525276054
250065.723415209
250104.4116103177
250121.70552872337
250124.75046909347
250143.03492162662
250220.5674770752
250225.2306588035
250326.92566671182
250332.21346917812
250405.99008638406
250538.66218459792
250560.29220427043
250608.2640593868
250664.24189720995
250666.24007331958
250688.17271049356
250746.56824222402
250757.6066284349
250825.19126867983
250846.20376729337
250900.67130961575
250905.33085335259
250986.20500362717
251046.84066877334
251072.9851107978
251115.29195963626
251192.95085396495
251505.1586936408
251542.86763470288
251617.41217171628
251638.1232159433
251687.74521477116
251691.5683800156
251746.22886528555
251788.93954083486
251804.78592782366
251885.61906792666
251909.75187053822
251925.54795473532
251930.06467471598
252018.63447359425
252029.76698235565
252033.00940054032
252038.66378977726
252055.38232828496
252065.41255130435
252104.18638709374
252127.1629519221
252144.98986850557
252184.8216302922
252205.6501225794
252224.19142990708
252232.12490502046
252246.78612328498
252332.90691990947
252344.86047370263
252355.73409166734
252364.75663553263
252385.25387075433
252386.28912195735
252446.05383636107
252505.33745129153
252585.49098976122
252626.27094919342
252766.81060712723
252789.28139109447
252965.34240296748
252965.9432895516
252974.94545587173
253004.85081017803
253006.15024521205
253110.6416427725
253124.25171901475
253146.03519482745
253192.0659598165
253309.52471537405
253392.99840678932
253486.41389700916
253544.77204198256
253666.8477214506
253684.79276935197
253744.83162855665
253751.91629523077
253844.07696339567
253985.94337152707
254006.34037619265
254125.67759993512
254165.11220499116
254205.4627900104
254221.86713146232
254267.1577551539
254304.51326414576
254305.2486218807
254397.787365746
254403.94415600869
254430.76250141388
254445.9472144713
254451.8848259638
254469.11159569913
254504.3504216778
254514.71359131183
254601.48874104192
254608.94951438543
254626.71020698152
254711.03126718692
254820.10271846614
254885.3559945544
254906.52537249585
254907.4052106927
254964.49162664014
255085.43470232518
255085.96577501856
255121.0361365893
255168.4961102411
255184.8742775025
255282.32464504798
255326.35105057716
255344.41675013182
255345.80155069393
255346.09417765777
255463.85523898038
255525.7907341446
255544.501003114
255568.86077268026
255585.94796454115
255624.3660983114
255664.95255801035
255666.61243176032
255686.3306973106
255704.7370475125
255740.79858595706
255805.6014425389
255817.71561961423
255863.3872459686
255867.0270729047
255905.05664198403
256020.47377849155
256045.12268357546
256225.69063426027
256247.50062716258
256255.29082192137
256345.70680753916
256345.90062822425
256347.25754052497
256700.3303208574
256806.60232127534
256839.07147067785
256961.73301844555
257045.09010411982
257178.02211163365
257252.974688207
257264.8296298095
257286.77225677614
257345.93034423847
257385.0507794195
257386.2213964655
257488.12947145267
257631.65810381333
257646.42830415175
257683.22295209047
257686.49073078486
257934.1545502476
257938.86957238137
258084.18609513505
258103.0082534955
258108.09368402924
258122.84640423855
258172.58734042197
258204.71740564605
258226.15066255684
258286.2112597936
258298.81421430275
258378.60523527575
258387.62821170484
258423.52041140146
258426.08005368942
258465.29289404885
258504.96879086603
258529.80835083226
258541.96795179875
258545.90547203342
258553.80510646728
258554.32654949342
258564.9210493463
258576.8750677821
258626.996821298
258647.11234853434
258845.01353339685
258895.38685978352
258913.3293940603
258944.33455980645
258985.629680587
258985.93823378233
259005.04874841878
259076.49166707817
259085.02954689454
259086.69241605268
259086.7038621455
259186.0228056554
