10.101976097696904
85.79190925087704
115.53585735635198
126.42272581674565
146.8419511740663
172.8279024867588
196.97867775144348
248.91920602663194
309.7202576276627
325.396894698984
328.9578684634971
331.7113489852981
368.31247151566123
405.66878665950753
493.02701092232445
554.5902455817748
583.9756680374991
592.435732789196
617.3768574877371
672.6469062366583
676.4262426038837
745.3586555919013
759.855883078186
770.187506975336
837.9495253289703
850.2562917185678
863.5439496134743
863.7210885195974
864.9684876504067
919.2127794628573
950.1534285430841
978.3590715622425
1078.7518152228158
1082.8898663362725
1105.5607731363418
1131.0039869369728
1135.9535194789564
1156.2852916686222
1240.007808543208
1245.0213611484282
1264.928264042317
1299.7174823779615
1323.522857382093
1334.8535652625792
1373.7115833238124
1420.1496905151394
3551.7863939248928
3559.803617030796
3599.068426872026
3862.384574266322
3905.6574789046304
3991.801507437443
4133.86417563904
4416.332535216969
4687.083969857691
4726.880759674113
4730.374122660407
4994.244616291922
5030.388914083323
5076.1607093006305
5089.230566637819
5156.676686636963
5340.947576843838
5923.486713458179
6039.572727614003
6104.099864240691
6411.260174810465
6424.285511856468
6502.422920249667
6762.75914587777
6784.175814771651
6794.390085436255
6821.77337699071
6860.956366594139
6933.987147672635
7013.641754622664
7035.739243260641
7103.715637587722
7179.384487530743
7180.343924282544
7386.2798826028975
7388.788291457342
7479.176578305501
7512.60502121957
7635.603557410134
7647.190155076206
7871.446791099375
7942.596878967353
8088.3736649297825
8428.015487919554
8604.036006371669
8677.817763788387
9646.151622560452
9668.444325292792
9713.423491215222
9965.466912911701
10213.698264505647
10527.7336200352
10557.523026555546
10566.751511739036
10997.023522169105
11326.01083209174
11388.010006111479
11426.718064414556
11496.258367642627
11665.467550539099
11666.716415286523
11973.858970876629
12220.885760914509
12224.360646029723
12306.58141666214
12735.39538220947
12813.591198460037
12861.25722256973
12934.487875842899
12992.073575832945
13229.123938320176
13495.705949393325
13533.779684969706
13566.893376802569
13699.293142449578
13736.165306934523
13764.22221503989
13952.343542986842
13976.932201074345
14106.266720006342
14339.885075526261
14343.08009989086
14390.611950881881
14558.07014933737
14658.166520976109
14731.42624352685
14852.023422184591
14865.25731457335
15021.615732281443
15303.17970266563
15357.89926801528
16014.791168301927
16075.644030290852
16133.390059745698
16140.960167118088
16239.626379173933
16712.430459116924
16834.575374756914
16942.289789234605
17055.963201979244
17094.74953829821
17146.702657486476
17169.546175119685
17326.964526347176
17387.555122756257
17539.202683461815
17695.82038807678
17771.283995040794
17831.188946964427
18162.403636087685
18239.140124970396
18357.995116289952
18377.363850753
18583.915448615826
18669.401906073716
19128.327880641344
19149.150006450192
19398.444254913433
19425.62492830541
19462.007236222027
19566.311087217324
19688.029391275148
19942.268575573908
19998.396896766793
19998.70865781103
20003.88386804188
20037.089467328617
20043.467051534433
20085.483689944278
20178.84731469496
20246.348445645308
20453.996168678696
20862.534003100183
20884.106289367206
20999.844211854517
21214.215085474945
21749.136363917976
21813.57591152356
21873.84903328599
21982.179124738217
22223.154045221294
22563.220189914566
22597.921184121227
22613.718389598154
22638.097431886254
22754.201392611245
22888.65646085502
23115.493064956514
23210.0042928234
23274.00365185866
24084.955421744722
30342.249817572978
34474.75530192277
37343.21139874054
44637.37997039517
47083.0396330113
47163.281417276
47212.906538416704
47253.12283555635
47274.59447859895
47427.82231350621
47481.411188875565
47617.27734716995
47659.718332680925
47668.847520268784
47739.84194463845
47857.424691068125
47874.455616357336
47895.85631335462
48125.759942781646
48205.0628974289
48406.27146909774
48544.237986876156
48603.135681688465
48637.306521826955
49092.63447595899
49129.810580224825
49163.57019889251
49206.33413932661
49248.337783420604
49362.324052445125
49549.46760499164
49585.62129337287
49689.91844194609
49749.53910233012
49854.81745474816
50158.08785744132
50284.36073369071
50614.71465765629
50666.81399974481
50813.178257099404
50824.62017499985
50836.26711445636
50861.51974020329
50871.12874923728
50946.72312044227
50976.736600488846
50977.61302529252
50994.504930932504
51142.515301356514
51452.31012550054
51738.43732842251
51777.92611880036
51827.49515962186
51925.24798964478
52067.425849355444
52073.268698244465
52290.05411357948
52307.00032003705
52354.20653896705
52433.49109286881
52547.591148242405
52555.77526695481
52577.75977869473
52601.29407396091
52603.21094004399
52663.65156354791
52698.63035448332
52818.08055937239
52821.639554500674
52930.00575543732
52939.42426626018
52970.67574053098
52974.66721009267
53025.13124301673
53032.53376590564
53091.365142976036
53136.91707068548
53137.34342554232
53170.62550644029
53180.79021473775
53230.533936212945
53361.0599316256
53373.287033897264
53376.07697986782
53463.01009629776
53468.863245666296
53482.58401742652
53509.33470578641
53617.709441275576
53712.275394065226
53775.06548934735
53881.195311910145
53907.798008797516
53958.10916674159
53962.255351091604
53991.894032423836
54064.12883089896
54204.0341892538
54211.27214850748
54280.89931959584
54282.54573912071
54322.571040788695
54358.30294384241
54423.14258663983
54430.02192883402
54443.773410329944
54449.243364668815
54519.432531401566
54523.934216976275
54651.68031402006
54668.19011423608
54698.58529068527
54782.33504203495
54914.691888003996
54950.04158203234
54973.05348505916
54994.98602202039
55011.442003158685
55127.10583887237
55153.094799826016
55163.92916559342
55196.21408290329
55201.4934834204
55269.88161946797
55283.275262759475
55387.840296276954
55398.87148436784
55417.55385618045
55427.976689544215
55441.07205091888
55502.82740734357
55518.0365004219
55636.136491080535
55648.52661384122
55655.314218692234
55708.43945552869
55713.66556048412
55744.98300112175
55754.59676597637
55765.357735732
55771.93490991439
55805.771192686465
55850.295684890756
55860.95442692093
55891.833992936925
56098.654317155844
56106.06442002113
56132.279595001266
56197.052371118814
56202.61628133883
56218.122120243745
56257.52725967182
56290.352622158876
56335.77774502578
56344.27005842546
56357.78322129507
56432.25099615106
56440.58230558431
56475.442651849655
56487.91879760638
56521.329001308484
56538.96342388468
56659.06946376593
56663.49581527044
56685.87265342469
56686.64782831995
56706.04396484831
56712.865026272666
56742.81439895067
56777.143744715046
56814.380772285396
56834.20049196488
56858.800794430004
56889.58887294829
56904.89030619209
56952.20094726013
56972.34838534022
57091.92863399765
57133.04224641085
57140.19084255606
57198.41742327928
57201.81128727783
57233.99424898543
57280.21035490725
57309.51019823851
57325.32031191193
57404.005269455665
57411.37860525207
57423.31986613946
57432.9423702556
57473.0574159016
57481.53794736225
57486.88607905476
57514.708796856794
57653.907343984414
57669.95418365253
57680.86167568973
57732.45838131999
57759.41882386433
57765.01068826524
57822.07019119306
57837.792605022114
57849.11516611447
57869.42066999741
57943.91056773698
58074.535090789956
58173.37490048916
58246.550945071096
58318.2367131954
58337.00123615853
58400.31692159212
58450.07561271541
58450.36199318919
58477.19665377231
58556.98416452692
58578.484961952265
58616.89044235925
58636.83750617607
58694.980988901945
58722.61560896228
58728.917263601
58819.879301064284
58845.66593412701
58867.70450736924
58993.359372530234
59011.88520298514
59243.56941667675
59371.2049689512
59374.04488948992
59388.007238368395
59416.8737729931
59471.51975364077
59511.641965228366
59548.31337749549
59598.348240819454
59603.823713686696
59646.229289219424
59650.88739991003
59679.64396420823
59774.49478044078
59777.12651312281
60000.74290235473
60133.133585772855
60188.37460662488
60282.28843083219
60299.56597478769
60306.71461379356
60347.63649557941
60459.55546310392
60489.175008064834
60496.642242069654
60586.1945997309
60702.66427777514
60702.85289581451
60716.47454385204
60752.17981015082
60810.52076919976
60850.721255189725
60854.43840257828
60929.21396456202
60945.22489704756
60990.190908726414
60997.58418464205
61044.20034652803
61049.25109504241
61062.06797943181
61163.89734829146
61164.11822198979
61201.639354352155
61246.365097289316
61246.44371106963
61255.84007651758
61277.7321322801
61388.89756299225
61395.57719678998
61436.64489201152
61482.52321646167
61514.82453991128
61558.55221716803
61652.57354991627
61663.60587989165
61706.492456367414
61736.422833799035
61895.2172032558
61903.26765467619
61915.5327933782
62095.96356725306
62200.18872476886
62247.35343714377
62275.88691324594
62280.478039676374
62301.50720412371
62401.837211967264
62407.436774901784
62415.39974381263
62446.755889987915
62454.0135307034
62464.38482997645
62579.63198863281
62616.34418077996
62622.15551441437
62695.37087881374
62883.48100042597
62889.89480841271
63007.55359436532
63051.52440270538
63691.20204755629
64218.61633617214
64666.806833966075
64963.38154917845
64978.33725176181
66899.8778640631
67140.6072630026
67590.26987498469
67686.1887288388
67810.52368218332
68000.52139001893
68242.10290448266
68668.88442733609
68742.93596826863
69231.71423432777
69346.9052657023
69958.87050930271
70015.02873297087
70216.33316381097
70772.51953213642
70890.16995456196
71298.1440210998
71689.78388208775
71772.4019260332
72632.31522841525
72823.43081705518
72834.89514085087
72836.42808171111
73005.52519873725
73195.80037653344
74342.96503234192
75132.20080939945
75714.88296867548
75792.02910654955
75916.67391161194
76081.05675568408
76136.56111457024
76595.31659266923
76827.52130785938
77410.99265594574
77485.32643933281
77626.77071230905
77814.99634313908
77902.57960910971
77942.83158067078
78157.36062255768
78887.62464239154
78896.64573871947
78899.47104978665
78914.97864183495
78923.68660723025
78999.85404721957
79000.05939244534
79019.76507354238
79066.61537599846
79253.85476892124
79263.39110152451
79272.44485437858
79283.13665544108
79298.63074594355
79301.1846338855
79301.51790586405
79322.73541875639
79340.21819531532
79341.63231122242
79371.17811725204
79382.62957248831
79385.5063223701
79394.2424529866
79397.19785001193
79403.65343146895
79405.93556598705
79432.03984660355
79434.33893597347
79471.6900443528
79471.73042117748
79505.08072459981
79511.3825965542
79605.83924372839
79620.17439187256
79621.9187321781
79626.24171590677
79678.99849223957
79710.17836514824
79713.37696118638
79722.10092967637
79725.57383310676
79734.92740402358
79737.48208501954
79756.76020559738
79766.64290629784
79781.09215002165
79797.1952957903
79812.52297368474
79905.22716354085
79911.78033700313
79925.40687432108
79928.4503644949
79943.52502979417
79948.99007341028
79986.5805042285
79997.70196773723
80000.34513727488
80034.19830348414
80037.24816207099
80061.24211752211
80103.92191771072
80127.85628786641
80127.9028450819
80129.1512032085
80153.84076940741
80168.59366507581
80195.45326001736
80200.82100514861
80227.5419177665
80249.43772125729
80254.08281953845
80264.78366773513
80301.62848241448
80313.18652937065
80316.00810660825
80348.3372193431
80354.31478458323
80357.46490617323
80400.22696917778
80419.08642160366
80444.60446102358
80450.77859794782
80494.24455081759
80538.38278982586
80542.71834682682
80544.68302994255
80571.68832234292
80575.24118501488
80636.71871022749
80639.45097718496
80683.76590828213
80684.82398470056
80873.9890994332
80878.71988266965
80901.08022315176
80915.70399447858
81066.73262457612
81092.43603892169
81127.71188431342
81232.4356937213
81254.496292994
81336.22862560215
81377.6575809346
81397.6962138485
81451.7119136468
81461.71909888617
81482.52622535494
81483.72772593802
81506.23408755126
81514.39423581344
81544.08685731035
81549.36476204332
81563.37429565881
81587.3482252157
81605.67182563512
81669.18902966309
81714.68730828426
81795.20027309432
81798.70085256355
81909.16227350508
81909.5275846037
81923.51639812913
81953.9101233821
82034.22187264895
82050.81499943884
82052.77308999626
82068.60608612183
82094.14019273513
82102.61245384098
82111.08928938977
82224.7586344682
82271.86800996937
82306.77516523146
82310.04893538903
82328.28371750115
82376.66978457893
82420.35860153662
82425.45571774774
82468.27724320262
82480.96719805396
82493.21702811623
82522.00890362209
82528.76100094378
82537.23561029322
82548.04823073569
82626.99767186938
82637.61270652835
82662.86613405008
82723.16666243742
82754.0053943087
82791.7097958571
82798.47259530425
82823.92990304211
82832.58885213087
82898.82896938048
83033.92418387627
83162.59249445012
83165.94090700294
83182.75535144807
83257.36206301172
83263.57514433608
83318.890408126
83344.40263903108
83362.85445554949
83367.69452161623
83375.06109501494
83376.89102987018
83404.54909819519
83438.26234598616
83463.65048615499
83501.63621162053
83514.45629989784
83525.0527644568
83533.61563474288
83620.58016793299
83672.07650393237
83686.83772328685
83722.06646796847
83772.99245462306
83816.86088732256
83823.17702819913
83834.91537174862
83840.23398361336
83876.28737623377
83900.76004717298
83928.33939882072
83995.16202699124
84030.84747354398
84055.62107698128
84068.64753843333
84086.00430812137
84177.87203812727
84223.06545730737
84285.64585571349
84299.81120167093
84391.36699233418
84405.84287376737
84431.59302566423
84456.8946372707
84467.39498139765
84518.5957090808
84538.8798818359
84582.46185547009
84618.66606097785
84688.75337482584
84746.35772566016
84763.32207490834
84775.90182438328
84803.83449148037
84853.69810233763
84882.4056761439
84935.52637501144
84963.5877411849
84972.83376445719
84976.95379756315
85007.32710601114
85018.91538452482
85114.30272833005
85196.33423379826
85221.38665083032
85256.48112725343
85273.87302798194
85298.94376446238
85325.3054807877
85406.73858464467
85568.64382139074
85587.1956697306
85627.48294545522
85642.30739067624
85657.00510475587
85679.33236500478
85706.35574195215
85723.86941192864
85742.89033480555
85758.30629855793
85802.67036031024
85838.5994035635
85855.22780365164
85887.31182189804
85933.90615176239
86035.55602377641
86041.17019587714
86079.54302097551
86092.56296358343
86116.76730122749
86128.17842959789
86148.85132776636
86162.41038474625
86223.29824918622
86254.02254458834
86260.88210920704
86307.4517184752
86312.59316678275
86314.32560827088
86319.84667948533
86346.37397828471
86400.57745944541
86449.0003211093
86484.21199768205
86498.81443859317
86534.07984171373
86535.57622807946
86538.57117777005
86587.1703118593
86621.89059025286
86641.61540928764
86673.41251790473
86676.53043568222
86728.76950311469
86729.47916442892
86761.0852541839
86763.56603058225
86776.54801604354
86778.37238014984
86790.23900417093
86800.075047167
86824.69959361786
86839.5785790862
86842.76450422601
86862.57032352875
86886.42466853576
86913.96157257684
86995.03340768114
87008.46440199335
87029.85896820923
87045.86681546185
87060.88371731405
87181.82412546266
87185.20306347653
87186.82708231399
87210.60941309642
87211.42234239298
87235.97301324918
87236.07296836696
87303.82894305549
87327.81039984395
87328.26924010953
87348.32328509225
87385.76108404784
87445.03883370494
87516.74157831886
87517.2111037632
87519.08712917106
87523.15372723211
87571.1634934897
87652.28223197386
87702.38385777538
87764.10780443008
87785.41802312917
87789.84179360744
87825.75787661075
90028.10640960412
90288.55359670465
90597.24340756888
91250.42169651366
91276.9520484176
91342.38872303956
91417.54222285021
91940.72337078038
91966.36080167681
92071.30516132103
92106.24898215002
92219.2094958116
92332.36185508357
92338.30542942777
92394.77263024238
92494.37136308895
92535.26040735973
92700.30493063026
92800.10008555834
92886.17828403335
93235.1206065678
93277.44180992777
93285.32181068845
93454.28758038102
93494.11145182679
93542.67061166425
93647.38983162832
93711.7756048694
93798.22386887373
93957.88158045897
93974.6716921072
94053.89273227508
94120.21208672751
94123.45014095072
94230.54343711668
94242.9414930155
94470.80387811776
94499.87648893612
94560.9278568184
94626.99126816614
94891.07689778121
94915.40143042957
94982.87119131931
95116.62905173234
95120.8977665947
95149.92130152653
95500.25128349842
95522.88162400137
95636.94947083597
95893.73985194325
95898.25242521544
95900.65973911804
95936.64726381176
95964.35776043954
96183.98254263509
96446.47111823762
96479.5440454356
96515.81327087038
96527.08540253609
96601.9842457926
96697.74020361014
96994.70869107057
97191.78291637063
97261.15482239792
97357.03944332551
97451.98301741574
97701.29034547223
97717.72042498682
97733.40141619924
98010.58003371445
98027.85112393767
98107.83250446187
98118.26081630393
98141.16670798878
98208.26718149085
98352.81670156095
98644.01924342292
98706.0943280416
98745.47942776929
98832.7445110084
98941.53965076499
98954.4748271433
99005.3335984856
99220.51373981795
99234.76392703396
99580.7332969838
99787.65410068393
100003.43365336073
100189.23591072718
100527.43719596387
100798.141680042
100913.14179320418
101261.25556590139
101317.62609365504
102199.27704737739
102264.66293680234
102268.68736131431
102280.21317098658
102322.62241683915
102390.20985583655
102436.03779017589
102440.2520481924
102528.09068546101
102812.5235688772
102948.24762774404
103467.57695425015
103471.11045276452
103473.04085833662
103599.1007335804
103632.06087110913
103918.64342786896
104054.80747020566
104277.46262494882
104343.67877725424
104534.4666550827
104535.77164923264
104546.88812245973
104550.49516248054
104722.73786881585
104883.16230958347
105073.93730010313
105079.43587256965
105139.52502651841
105420.89884980585
105483.13491040855
105513.22866433044
105749.40727454869
105787.10566285001
105931.15997465602
106080.88668737386
106172.98587821
106308.6373416124
106380.62314726363
106418.25050601861
106539.14109457406
106617.96917822602
107136.24144540593
107226.91556205836
107369.53459902084
107568.32196917104
107718.85872914334
107839.79428593678
108189.36046798156
108330.36379523303
108756.62385655017
108846.40495166351
108965.5284858766
108979.22231745518
109021.9975064162
109023.30635880126
109139.30778233556
109273.01302553133
109438.74668175295
113424.25386087107
119799.51275353975
133407.1732212334
133603.18544296338
133687.01353384004
133818.61437090137
133865.90146896176
133916.2471336725
133982.83045254328
134099.1734024943
134129.76988941108
134142.5052022203
134181.8631016942
134208.43809588568
134490.86997580083
134782.09072115325
134908.24067393265
134917.77221671614
134974.25434278723
134987.95604430602
135081.29087864023
135161.40977173578
135183.4253388255
135191.16405098705
135245.39356845844
135305.0886936399
135344.10480743414
135393.5924012286
135395.18136889918
135430.8063282257
135521.81610337057
135668.49750244681
135674.74945126814
135680.868823079
135714.12821627897
135796.6344983548
135859.48116045073
135924.1592483652
135960.82035669737
136003.87552145091
136204.56135284022
136254.07000722352
136294.36989575106
136305.18529124142
136349.3803378062
136457.10778417473
136708.5094163938
136770.65134355825
136984.83314024052
137043.3074820061
137169.17326188262
137173.3898348418
137289.4267294783
137356.0193315064
137370.3499078544
137381.85711197593
137633.0398742991
137800.78279816048
137829.30073306477
137976.31951243812
138013.41412490633
138072.55204958178
138146.03819947696
138234.48067824327
138380.56280043133
138385.608942173
138442.39523377197
138542.24264743732
138748.10944431968
138772.78684025886
138907.3649800468
138971.48867890303
139021.77586429522
139021.95914906397
139022.84020459722
139058.95956363063
139063.4931984962
139074.44635764151
139133.08002827878
139155.7426589476
139164.9130011968
139181.41582379263
139210.49154305423
139305.93810009066
139495.54893639273
139533.58290944409
139540.67731398507
139682.97795778312
139698.874343452
139794.13142699644
139806.77211250784
139823.8571111453
139825.47246577594
139966.78506593153
139987.61284709573
140000.0427595793
140000.3671388274
140021.80445403268
140148.08776024944
140196.83070731856
140197.10332066004
140241.26555368226
140319.59947981243
140343.90283205756
140437.15361914103
140517.0840564966
140562.7716576331
140595.46161025664
140606.49968553538
140682.53697487435
140788.51393312096
140797.13188810964
140832.41755750822
140851.81719721697
140883.9808239495
141019.98671232484
141162.03643024917
141164.42389047274
141211.95859937675
141220.9592989086
141243.9716122995
141245.94584193328
141249.9106212138
141251.21168657028
141260.72716364975
141275.96465866177
141316.06794611103
141357.05939832912
141387.20950368803
141431.78576654533
141491.79971384755
141565.18926898466
141567.94247763406
141569.98369497943
141695.79560889892
141711.28256618278
141736.1480499335
141738.28574419388
141746.87160105625
141781.64584171382
141799.7290588237
141816.51668592019
141826.74320677982
141854.18971783738
141860.39036409566
141920.71531412905
141957.51119687478
141983.73583901193
142028.19556365733
142066.97164129853
142161.65659453036
142165.34736586918
142185.0787781924
142252.524278487
142386.26290530508
142419.19453927633
142431.1930858855
142470.8511649612
142473.48555826058
142640.08854029686
142646.31722848042
142695.76924426027
142735.9265758108
142779.6818420203
142794.3607641332
142813.83953735966
142898.21597489394
142937.21965171257
142958.95519327873
142980.357530609
143002.04157670095
143023.98598255764
143037.314244092
143208.40878657522
143250.24179485888
143277.36357066582
143381.95642272662
143523.70349918908
143530.51259921252
143533.57066730846
143563.89507567137
143654.7270690871
143716.15860456714
143729.5548307379
143748.86149354733
143800.0216692335
143837.3567178417
143867.32601952704
143886.91553809893
143896.3903985433
143905.7504799856
143907.67638676055
143924.18469209317
143945.7465534474
144161.0928836213
144219.50974444
144253.9345678418
144319.319260098
144330.97418345584
144419.64760800032
144424.96531962114
144439.7356355965
144504.5349320136
144523.41401237732
144553.5580663245
144595.77436585355
144642.05653017102
144678.26039496216
144713.59341140624
144730.81242500717
144742.57772146387
144777.3989250972
144861.37984342178
144923.3319812998
144961.13128111634
144961.13641604106
145047.6359479355
145076.5251893916
145116.33512054008
145123.88517811225
145132.4314210602
145140.26122038643
145159.27394892604
145160.76254354496
145217.7289841293
145225.0493179897
145341.76117269462
145361.52199741366
145396.37560244027
145398.61234669754
145491.51319132233
145569.06141386722
145602.1386878325
145621.48539936496
145641.8301437903
145643.8715220968
145716.86280613323
145736.604124028
145796.2488144005
145852.29620760545
145943.55630517707
145968.54057968745
145974.64697878453
146007.7208053429
146103.37023113845
146114.10410078155
146127.9705089103
146141.3689300897
146181.48289524886
146196.67626755554
146239.73409338636
146245.68633728576
146270.58429880955
146295.12146293581
146322.1194941085
146387.00986959258
146424.6993815496
146498.99990480044
146520.4292518572
146594.58007206174
146713.77353080275
146768.9236784766
146824.01972400938
146872.6096072571
146909.66372869935
146944.78857514
147085.06349077565
147091.65741314643
147101.3474118003
147137.01612475314
147149.02699540564
147174.11067560466
147175.2480611574
147301.70615094085
147342.3725681053
147380.74105400033
147442.95089779608
147493.52821162227
147522.65256369772
147526.01260981997
147550.64643079924
147552.38392706082
147608.4887622863
147612.22546792534
147653.89281615955
147655.37471122446
147680.1545699123
147714.89797348296
147726.75503516494
147742.59731331328
147760.49183891327
147780.61904408596
147851.40318506522
147879.89432801344
147881.39757867594
147941.58059206384
148002.04930879685
148013.58298915252
148019.63261365547
148033.39657788706
148037.8475787469
148043.9019068877
148149.60821205814
148184.72369543495
148219.67229159625
148229.46352842345
148230.12572511376
148286.73656724897
148288.65773000155
148395.60424320455
148443.7917545173
148464.92467395955
148533.41283155643
148538.1224529356
148543.83472682006
148548.01049262207
148557.2845183137
148572.30112780008
148723.1694937033
148733.08036541025
148882.73144994944
148910.66582635482
148938.19642770238
148948.7254023591
149035.35110190793
149050.9882661102
149092.6520779727
149167.49069416535
149240.79553992616
149253.66919839862
149337.1450778478
149360.50718779006
149398.79574105504
149467.6792611187
150425.0548233885
150527.3873708201
150763.5716531992
151341.5173566853
151935.7373415713
152796.0036272521
152830.44960846004
153031.04143182834
153152.4201909604
153371.70761051186
153900.9544052159
153914.93187641815
153994.89320360322
154916.03430383911
155143.17873497808
155294.82428922324
156288.27227889703
156778.58482298785
156797.52358339465
157018.1373449847
157377.60633782204
158009.1684061554
158042.32844579592
158142.78508693562
160415.35298931366
161756.98483566084
161883.26786597964
161922.8117175573
162217.34944357054
162413.152557012
162722.1243911631
162843.24882674642
163587.22759811723
163587.52819392935
164704.889801673
165244.83417062717
165272.47404939876
165275.12132098406
165279.52595339646
165280.7112129525
165329.27049962344
165353.77266546106
165368.20415802783
165369.15264352062
165394.77596921823
165397.76713453478
165405.80533291353
165419.4692157138
165441.76984952623
165445.30548023735
165449.32641100572
165471.66793141662
165492.22855471063
165515.69804470777
165519.4040038574
165536.6404017809
165541.38258711307
165543.57349918492
165612.2915593402
165620.94486384216
165621.87875231204
165644.18875429418
165644.93062792212
165653.80455138776
165702.1870249316
165714.54198233024
165727.08279053675
165733.7269736837
165745.46732628017
165747.90917028184
165784.85381362424
165799.1199834062
165805.06597021385
165811.9671195225
165837.1945062033
165837.83188371937
165864.64691198658
165873.62344907562
165881.12628873333
165894.8764023939
165910.13695709335
165931.80068807772
165932.22050150752
165932.5994439906
165962.81498986902
165984.38027570816
166013.1168554417
166023.49729259213
166029.85790247083
166094.0637963782
166136.0026563221
166170.1214222307
166172.46001074836
166309.85764484823
166314.87218442681
166332.9379118402
166380.4624638423
166386.0377622847
166405.7495561149
166412.29469564115
166426.09394751262
166451.18283724974
166479.30091026105
166484.89657660638
166508.2795379042
166534.81754090544
166554.11629608198
166586.47719128878
166622.03401431727
166634.7084567168
166648.21921959054
166664.05118666543
166712.5952360935
166725.55426304927
166727.29859964238
166761.5823423232
166783.77620242155
166797.75558035495
166810.1171918854
166812.88580036786
166828.56429776474
166853.72942991403
166854.96710061503
166855.49060206412
166918.9884266196
166930.89274297244
166945.68929581443
166980.97168111277
166985.9359516294
167021.75739099743
167055.17448208912
167078.17985568236
167091.3030887209
167095.52666790166
167118.6125311688
167173.72069303924
167199.78304576673
167217.60773219907
167269.8400772416
167311.56316570207
167336.50070243934
167359.12595033945
167488.84347636715
167510.4630691806
167517.82303217042
167521.6335007596
167563.50413226138
167607.59715735266
167666.83522224543
167689.48741191157
167697.5543963874
167697.69644275104
167766.42697119573
167773.17118471715
167798.1425335083
167841.8363373619
167903.19247645146
167916.5672799734
167926.5135755505
167948.91789751156
167954.10677107348
167960.11983079097
167976.36247310034
167983.1903205355
168114.4414507966
168115.7211556541
168136.065209098
168138.65092332626
168221.98669062633
168225.63229196076
168259.03140348365
168282.248959078
168374.63817959224
168402.2387980598
168408.62689379614
168419.67611239996
168431.58096178545
168455.82727300317
168483.2457092087
168530.75034686457
168537.84464121453
168538.68749348627
168541.10623413516
168595.3668023547
168745.91652992013
168798.9222388132
168847.73884803755
168908.25416224336
168947.61483972037
168960.7427188871
168974.85316475714
168985.2215240405
168998.72291191443
169014.10311449983
169025.0170852625
169028.59096132556
169049.49477016187
169078.37352431996
169140.54184756993
169173.26147900295
169289.14468646995
169304.61743507927
169317.3423224282
169368.44215238263
169374.18568019744
169414.52791856468
169439.3448856158
169439.8066771563
169448.1750906485
169490.24380582126
169530.8189707481
169531.97762215228
169582.53867537063
169592.60737953853
169613.3777553499
169649.75488719996
169729.55304325657
169731.20788899687
169743.74208545056
169767.59053040092
169771.39090886572
169779.85781025735
169791.92154066652
169860.7038784079
169901.1477449991
169919.56241147136
169924.59951614513
169962.70508596074
169964.50256541738
170025.27387637692
170123.1138359183
170212.29260313814
170223.18603403488
170251.8958047107
170260.21887179784
170282.29868023732
170294.76744126607
170319.03259308444
170338.3608374251
170386.790086098
170394.18597961342
170397.8424998711
170406.25057200738
170426.0397417879
170432.56878397625
170454.08740521382
170455.38209910365
170473.6944400054
170565.92603031825
170645.49191851955
170645.6278611199
170659.97517573723
170705.96632972104
170728.64191575802
170764.83854497303
170773.82868282511
170806.2225854054
170836.00209694466
170840.06048959796
170866.7874772692
170886.38374223362
170971.27423147805
170978.7992796079
170983.74679053487
170988.0110569615
171037.96008856036
171069.45309581017
171097.04526605157
171135.2911988424
171154.47189203708
171179.95801184676
171192.674753425
171252.27600486387
171347.6830934225
171386.13074491266
171414.76425009163
171591.91113648584
171653.41572877867
171659.50667355553
171680.46124365024
171715.94717094433
171743.40277547517
171756.3021504242
171759.07649144303
171842.52888633538
171860.7425388939
171882.21850569165
171886.8132816403
171932.96953228978
171947.35549612727
171949.8065447132
171989.4716811462
171997.06238386658
172115.15662405742
172164.4959666271
172296.20312746929
172328.09885075944
172340.11607645295
172346.41515580786
172347.1679605334
172378.21752666307
172388.99845903664
172457.02882605873
172553.9590745341
172659.18164311053
172660.1927104781
172664.42160794447
172679.3320477134
172694.08561682032
172694.49433833285
172786.00014273403
172804.698331903
172808.6559863784
172904.21494243972
172962.1439627174
172977.0771272209
172996.51953388783
173036.35262715453
173039.20760328375
173057.17097302325
173060.0167264259
173146.82100839214
173171.93782227417
173172.94015619095
173180.14590380195
173203.25810042626
173216.67374949175
173244.0150234301
173285.49794688137
173306.51732732187
173499.43548084437
173500.23320675673
173546.11979720293
173565.23568545296
173651.0397973392
173689.91719154103
173715.017219162
173746.98034469434
173776.23243300687
173788.75443570904
173919.29072817625
173947.61179906662
173951.48868749719
173978.91955838367
174005.83675700685
174028.3967488706
174063.32431291486
174074.37458532338
174085.86012837727
174124.11752522888
174223.19823949147
174232.32115356636
176545.51652407687
177004.78556591764
177043.9696037547
177144.54884776007
177246.20697486599
177338.83859230037
177382.4244555508
177906.8742998972
178033.75586538363
178040.57537121014
178358.0506217467
178576.7636804667
178733.02379293353
178745.97024483918
178933.5739164115
178991.84626727385
179023.01426060125
179047.48885676792
179076.88569730674
179140.874079446
179395.5313227807
179456.14751094335
179483.36887205235
179557.23720367296
179761.13494814516
179850.89093030582
179996.720255081
180045.53737971393
180084.34184937377
180597.02824086766
180717.2034074144
180993.59751440713
181074.6473180282
181082.83704026273
181099.229185352
181102.86665079158
181311.14781383506
181386.6212015309
182427.95383915724
182681.8695338806
182777.86962578192
182784.9106714462
182829.42779522605
182865.01258875357
183165.53561964002
183194.79493272956
183664.03025231347
183799.616682807
183816.66914334754
183986.4878978867
184222.6189985942
184254.79004711323
184339.17469268915
184398.95196136512
184683.79990206286
184737.25039153313
184916.4067278999
185181.22650184683
185613.8420625549
185655.7171702387
185662.24880673317
185697.3646160697
185780.03477873042
185793.84472853114
185853.6878872205
186035.68461936712
186096.0461918016
186301.72157033646
186318.53292903688
186320.11529428954
186350.14299023623
186768.5799296886
186852.04776164866
186885.0337911039
187001.6313270511
187019.7302760601
187132.50939160626
187260.37058802624
187507.60889469285
187630.22824450317
187782.3299443616
187963.6043836788
188041.17063164205
188089.73084445155
188530.6937258819
188766.4222994173
188777.9536037739
188784.3874065448
188786.09471804622
188953.8399416992
188983.92590544888
189040.89704215186
189083.38710567405
189184.9021362063
189271.4047160962
189499.58394839944
189527.11291293797
189666.52725303138
189700.88271487452
189827.7303121332
189942.40780719073
190120.69882179116
190527.89845049114
190561.48420801942
190644.6779951537
190667.02834376495
190790.4619137208
190940.44972958285
191016.7071868208
191066.85022535943
191112.5863724673
191376.0405619409
191448.42653525269
191611.71092346797
191903.39128955937
191924.89835388825
191957.2657250301
192007.9177933445
192209.1965117418
192503.13636542263
192526.64570325043
192568.61662825075
192626.00334961282
192674.05494694627
192678.29169728502
192765.6876271155
193116.07481462212
193970.54256534926
194113.43103766508
194141.6883355131
194334.13883913556
194850.26936524847
194890.6185474937
195135.69472131075
195168.94365951815
195391.97541928384
195420.42622161473
195715.82058495854
195746.56223885328
195762.7385245817
195816.05064646323
195975.71463366208
196082.77567423735
204307.7455320504
204766.15081223365
210402.47475389065
219210.0708926409
219922.3175276682
219968.38915168546
219990.2276855585
220130.7951881438
220253.64636204118
220321.38699047008
220356.24402388118
220359.45433515805
220429.72630611618
220505.44953507744
220592.16041125474
220594.65993480105
220681.47138531134
220725.34520238813
220863.9382959834
221067.5816750382
221355.78864586834
221469.52882271295
221556.17606032308
221576.6182610208
221607.63252813678
221742.71229711207
221807.15373399583
221846.63506138665
222065.73245747908
222129.830065652
222130.29765346614
222336.99235109397
222524.86124560537
222549.3497465463
222633.97982901495
222656.0552702115
222673.8262912855
222759.96200376912
222798.86916053822
222825.17866220133
223151.09503979626
223178.28172729467
223181.9182553452
223280.62561425508
223284.48268154752
223358.14087964868
223368.07706853058
223448.8038608543
223452.78409818205
223475.0011865492
223618.37565497722
223652.73826224124
223738.08440649096
223776.2255229092
223801.2921875295
223804.67558571202
223808.2485210205
223836.22813528575
223963.60064602454
223981.6199624204
224115.66582173295
224212.81532260246
224237.52759883675
224296.84916107287
224426.38124640347
224491.2151961877
224553.3744652626
224564.43736073945
224716.48072508114
225086.0757061188
225101.34990569288
225192.72209472896
225239.2636300327
225270.16679000857
225288.72772557204
225292.45207303835
225318.89485594333
225337.4733983323
225385.24062990653
225517.83785109676
225533.27476851817
225572.29449477344
225572.68999934205
225627.8494020761
225637.21875708937
225688.71621014344
225718.39002200458
225764.31497913605
225861.7717262951
225865.86171288125
225867.60113663334
225948.81474598008
225962.1545480036
225969.88268260445
226013.22089475766
226087.83729873784
226096.57584509556
226101.6224222868
226136.07401301217
226322.358577147
226435.9230167129
226489.86424361286
226535.57621530932
226564.65672050093
226571.00992741418
226704.34858839356
226714.73639093695
226727.27464065596
226754.85418219244
226777.70231351888
226805.43141765974
226841.07345041388
226896.06404204352
226916.9309695928
226920.51741193232
226973.66598426725
227005.51715753425
227027.56554504271
227070.9165601925
227089.4481465971
227116.7493194915
227131.86933309614
227142.34827019722
227263.12049137862
227268.98072630627
227304.7567136472
227382.70015236168
227396.08536162082
227399.48216883407
227414.86053442874
227447.5024569902
227511.4468717731
227550.23299743637
227587.65571736326
227650.80185696052
227660.9660761115
227674.57823217113
227733.1330806833
227769.84802987427
227837.01276600503
227879.20077934227
227904.28620831517
227919.60266521556
227946.13789776797
227957.66894306347
227965.5698680689
227998.5993572253
228082.05096400026
228090.32280215612
228255.72076084535
228272.3798919865
228414.05762622543
228428.83348625246
228545.66757848597
228555.47692431533
228572.5752311993
228616.746907609
228621.1508687022
228702.5388472483
228732.53523504306
228831.2381371624
228857.63609498375
228868.6892565086
228925.09177882757
228937.50200841698
228956.7959790888
228966.7246661122
229009.59035537305
229031.94727210008
229043.76332799954
229074.6381695202
229151.06462140518
229206.66130225692
229283.00121758477
229287.54339446762
229298.9063812789
229355.448653195
229447.35940881522
229455.77878831368
229478.87189897834
229603.22567885576
229606.67973033845
229615.80585677258
229640.16849194057
229656.96634978405
229670.68795620458
229706.4036896576
229730.4269532992
229733.06143256163
229789.48153203534
229794.2198435016
229821.39968382826
229849.74870763088
229882.54331613483
229955.27586961622
229961.42170961085
230009.1088965867
230026.00736886435
230142.46853239107
230239.013224588
230335.61277092545
230347.82097904943
230383.59011729513
230410.53251839033
230503.20307698063
230531.714216461
230541.20225199967
230541.82567637792
230562.27947772987
230585.80196586493
230633.11576948065
230638.64954058971
230659.13388757998
230722.999526058
230729.08822165622
230758.59954914838
230808.8666731305
230830.08821161138
230835.3546231039
230842.23560776695
230850.24934642605
230954.1966966783
230976.7737306674
231000.87996767258
231005.31739162485
231074.38096770507
231102.4106773778
231119.70897185185
231162.69522328468
231212.43364689205
231229.375902606
231356.10552588783
231483.57642174873
231498.50132754075
231588.80486050493
231651.463420703
231739.1533577357
231789.58893725148
231869.60191316422
231878.02274439856
231878.47550716822
231960.59829612105
231976.85910768562
232026.0640372855
232083.5336026247
232168.13724734238
232226.21892636607
232238.1961405588
232280.45105285782
232311.9912747964
232385.21773885487
232386.374049752
232443.20982981607
232471.22172916142
232528.39817253427
232529.6738227881
232531.12675306882
232616.09548271768
232644.84496419944
232648.09017264115
232668.81389745665
232676.06076563912
232730.60487121824
232758.60587760428
232778.52661633486
232826.87332380645
232904.06056036046
232971.4447961137
233021.46420643246
233096.6051949949
233100.66015130343
233120.26861492574
233126.43994268693
233239.99482911557
233241.13575339524
233271.6035032557
233272.44013236463
233278.5381845127
233291.4522246715
233343.41055614536
233367.0093967558
233385.9693368478
233399.91678933703
233518.34257384512
233603.18940588913
233619.95729641744
233632.868695095
233653.2194121824
233665.96932892982
233685.52160227246
233685.61445858274
233698.82948976554
233718.98445913868
233732.41441586046
233773.5049656874
233774.40474153316
233777.25986399496
233780.44939548278
233813.10313767235
233850.10866685948
233866.93509732047
233873.88355428368
233935.42693556641
233975.54482227552
233977.43785508137
234082.8483539968
234096.0844433479
234113.70502566133
234123.24138796626
234153.81759264044
234176.24708752998
234180.11069275453
234288.4553517446
234354.83459198422
234444.37320604
234504.73112299855
234543.71671071704
234545.96580821
234558.61070684833
234577.78527850885
234626.8910671102
234680.58187541075
234682.1957389057
234729.65093265547
234745.7316075925
234837.19776550418
234844.88339319505
234880.32675114853
234914.45511932773
234977.42271598725
235012.5630675959
235050.54013794812
235099.80775706982
235102.49824158466
235130.5640174615
235137.71003497543
235158.45142954352
235192.028362065
235245.08221596165
235312.86077127152
235344.93145676097
235350.3423998555
235462.4405880481
235547.3048000596
235640.1902356585
235666.44123982528
235734.4771750616
235746.2167594305
235750.29090228293
235763.24812140918
235778.966147403
235787.519395201
235815.52824580926
236658.20401486813
237469.73297740606
238044.40140065976
238383.66106122802
239178.77879066527
239488.147220874
239571.3993737622
239630.6304300145
239825.68106045344
240125.4261945169
240612.40985555333
241237.34984756963
241407.20746172685
241934.78938328882
241972.7502094495
242120.8926965839
242433.24735767295
242618.31446526016
242938.97387390723
243037.23398194913
243429.3067580989
243588.69822296893
243863.01218673956
245074.71122408117
245233.5857225679
245276.132101479
246160.07056865256
246448.04672073305
246455.80706175516
246680.973797001
246684.67982971674
246819.71430020605
247443.22488944256
247617.34565894745
248140.01056363515
248903.59577559136
249946.75123341355
250973.980802138
251673.36452954388
251675.0829526412
251730.87550610636
251734.76360803365
251738.52965322052
251745.51829511786
251773.08784382918
251776.9431384488
251781.7307482466
251783.5020810946
251796.18288964604
251857.61188496643
251895.0689895422
251914.74469769048
251923.20661411138
251965.32468380363
252023.8954494823
252032.60853255837
252089.00805644243
252106.9429918115
252107.11319109562
252123.3593989741
252161.1195720828
252184.74531563107
252267.90969972542
252270.12588952555
252272.39596139622
252317.55769794865
252334.46829746047
252343.09676793969
252366.62655055063
252369.84371883835
252371.1149507588
252419.633061556
252457.7237031003
252467.85632615793
252547.24273827078
252600.887643934
252695.94238891584
252714.8085959376
252725.76094284252
252732.3972289177
252739.63850216934
252797.51579573617
252813.3070573955
252866.8498394133
252876.02118144216
252891.69583621595
252944.54121929666
252955.8842074282
252956.7056924771
252961.28502188117
252989.89097813104
252990.6183212984
252998.7838620427
253024.0834024158
253032.02950502944
253038.78194555268
253066.06145327684
253066.14447009139
253097.06876195018
253113.60130571594
253128.68005822477
253141.11467998417
253184.0254988399
253184.9587360588
253187.5645921001
253223.23875191723
253230.69349282817
253286.13269867157
253289.4757489939
253315.03748598683
253343.4278544516
253363.39322711242
253364.33118594246
253380.86844090314
253413.7773667223
253445.96621246144
253470.60303787663
253483.08950207522
253487.2881051543
253488.12971880168
253499.82474378723
253509.80593936192
253571.07752139983
253576.08987736312
253583.94488703305
253591.02495154017
253598.48424383716
253723.02336686855
253744.6256229693
253746.0833424458
253752.76449536858
253802.63868263894
253815.70397453883
253823.163507592
253909.97944937253
253961.87242542527
254054.07349955157
254055.30967776626
254069.09100612276
254099.1632013529
254106.50985449695
254132.4239133199
254145.10649591318
254147.01713806947
254185.4275090543
254236.42335928543
254306.12691967256
254326.19933135074
254453.36639313542
254457.09867833374
254468.2747903067
254476.06707903696
254479.14155755285
254486.19838475788
254543.46694559182
254577.2259587939
254590.86815023338
254630.8142669178
254631.08112841798
254643.17104152805
254644.3752429193
254676.7282328813
254678.31697106548
254701.84475090867
254777.58540984732
254807.09467538766
254820.08176129806
254831.82294259037
254835.25590646354
254877.93478902994
254908.23431840402
254953.3661149738
254955.85291114758
254992.7336407082
255000.75114711653
255007.81034230132
255015.56331430137
255028.92103537932
255056.01391503582
255073.35543051356
255109.49765856424
255119.2787276535
255126.01415163447
255128.10066484893
255133.79799739752
255155.95735351066
255161.43907042666
255246.29453827807
255303.11628038558
255333.72764201142
255344.94038843078
255360.88500547688
255363.2311770459
255371.09606813884
255381.32522947824
255441.82953079155
255498.79902949254
255630.39829106664
255639.19179159304
255692.0952054363
255693.3157136261
255733.5185718693
255765.3774070753
255801.09244155404
255812.99918238286
255903.6325804144
256070.87612681717
256141.46605056303
256151.28619205533
256161.28095295245
256184.30527820875
256294.2738189762
256296.39989308367
256320.9008932076
256348.33357752662
256383.1402067991
256416.91645457046
256453.35119110474
256466.05579960038
256532.51740407443
256537.09588066326
256610.18505949265
256626.9509604769
256668.26522912743
256672.08535764244
256796.7078253569
256808.1763509321
256819.16970887326
256819.62417873408
256829.91862058494
256857.42781214404
256909.08401523408
256942.4600671972
256991.55367033475
257029.0439459713
257060.56556146184
257093.5227091718
257098.70617429336
257153.2004087042
257184.560444199
257188.7599517458
257252.014984447
257260.6153705875
257305.25443863723
257325.9981424947
257367.89748658525
257434.84148277543
257452.44278366206
257540.59234493243
257562.7541538669
257578.34954979853
257608.7169035897
257623.18350183504
257687.91954582202
257713.56237306586
257743.1480715789
257773.2726855612
257794.67745426932
257829.0074416101
257850.95210499017
257872.90275430487
257907.58690204783
257929.70384500758
257953.16335450238
258010.54768906796
258158.0890582008
258163.51129483245
258179.03832627274
258268.18991436122
258273.0532050191
258314.7724447719
258318.54193864678
258348.3199423781
258359.66786775034
258366.81726001517
258412.12922571297
258441.2345780207
258448.39292647352
258481.66187973594
258497.82062044778
258544.74706799898
258546.0497351635
258547.6130396975
258574.94931473173
258579.14380827383
258598.8511523184
258668.87253599887
258668.89677004318
258671.3154178522
258687.009664682
258695.80235346901
258700.96335166442
258738.03544925392
258747.6614124457
258784.35171163522
258800.66821238108
258912.9508051433
258967.09509691247
258968.81899203663
258980.7471812272
258986.77792304952
259032.47801894715
259055.88339926198
259113.05233528165
259184.3603255268
