27.080757440718696
131.98794339164849
242.04741668393638
381.0080704899278
413.51569130602786
466.8740957016608
542.3228374441644
609.4604648040519
661.7072589893215
765.3943425392986
797.1200346299288
968.7616450445396
1018.1480020393634
1083.6145574846234
1273.2836337640406
1292.5678956203583
1318.6791657038523
1456.3321962013674
1459.5007644579116
1539.182350990559
1587.9184651308879
1765.7210792795333
1851.1137443063976
1886.2716732582342
2008.7925610991858
2025.5077301292388
2096.5924974295685
2151.107027718026
2234.4072973880793
2312.7548114359392
2318.317276299436
2322.0568182668735
2357.480533976745
2400.01915118215
2427.5945838422786
2452.5396348023914
2567.5065382111998
2572.28112415113
2581.8678637976623
2593.128445070954
2599.5015558701775
2699.9538639102093
2777.3995274475974
3036.0251315630476
3200.1986485605626
3234.3934171232904
3254.9308951379703
3257.1476422741503
3353.4709522528597
3418.7406221602823
3516.004477572369
3567.0490698627136
3618.436357773578
3682.5513651446104
3740.7572822221964
3761.647592811919
3769.462614454391
3773.9985309640733
3967.134650202518
4018.3796207517635
4072.600597341568
4090.328855599171
4164.815430853173
4246.337891869322
4277.278972212805
4296.815732376254
4360.673794351327
4634.647148086793
4637.083228320068
4661.287020316722
4714.002051837832
4728.984239836356
4764.244884129616
4837.914198899862
4859.346357419411
4890.680593762643
4898.313998564465
4974.51704587965
5066.119202326899
5126.390169293024
5163.57604370318
5184.351662794288
5190.525782048384
5681.025466339151
5966.456087183486
6104.218709077996
6223.270332664073
6247.581390615237
6250.470906768731
6258.018543883669
6261.6562007827415
6291.0890567148435
6291.401346436431
6291.549389284284
6317.964638118714
6330.254383365277
6360.575215977542
6370.7088171564055
6410.041176086494
6415.571727239126
6420.990643295294
6427.873690184453
6430.423168945427
6430.989310867866
6465.854654157974
6469.969069714127
6487.031947573606
6518.358980813885
6586.218779558982
6673.692008759289
6674.536102371951
6697.941358963263
6707.05345637673
6737.121119536899
6766.64737100723
6815.943238821736
6830.933874497428
6834.285965966869
6838.198787549267
6858.73357293782
6874.9305405269415
6884.565388322458
6897.6472664876765
6934.489526793791
6944.1879287892625
6973.01135588451
7004.562883807377
7014.860510010925
7024.311055057652
7034.536564133717
7036.232908196287
7097.308278269099
7104.525771239014
7156.6168940801645
7176.103909181508
7234.230610527101
7242.027754793658
7243.5502432078265
7262.7236197891325
7310.370638275101
7324.99988491135
7342.36118923154
7364.651310452955
7422.418236729275
7425.765574449696
7450.5273759822285
7478.24345624852
7490.663745204773
7550.121638962416
7583.408781166579
7610.107377075356
7632.67169078088
7672.482404151042
7692.311961213771
7742.628838122568
7748.898228086947
7757.688333337219
7759.830733034567
7776.675684787061
7780.505999699329
7813.411133057364
7816.520661793332
7820.2861760304595
7844.717652353938
7867.32889521084
7906.953484123343
8006.94288254746
8075.564659060704
8084.099331046211
8134.782580776987
8141.178449041682
8151.370601703079
8190.351335004687
8197.33534692578
8202.424667595928
8215.439882014622
8225.392400291257
8231.59349377951
8234.727897118986
8260.706952153232
8274.50494526345
8340.776943463541
8386.409788080337
8393.023251413259
8427.400731542813
8437.969913986057
8521.012101584225
8535.233527577871
8549.724956741238
8576.863897813575
8606.928718114128
8654.451441341318
8659.04201974968
8677.612534646103
8705.708384580246
8727.315514018785
8801.287735612712
8804.595716720221
8805.307992903321
8884.715537441933
8946.45634347405
8962.628846658325
8968.36130954654
8986.782425207444
9007.626241530663
9045.342230970931
9056.785854072823
9073.738460827677
9084.147594611757
9099.092008890742
9099.586370107418
9137.354779954234
9184.11067399143
9203.33097603314
9224.663686198219
9224.992100416319
9229.43325706005
9235.797838306027
9241.886855031278
9244.775542369542
9247.535438209743
9254.749217662005
9260.475609536083
9271.090338003543
9288.929316957609
9289.203668681224
9289.723785664692
9315.556197438304
9327.861727178297
9348.74377177008
9385.590807364833
9391.266311673962
9394.079890869278
9445.72371049714
9472.884562511868
9505.815295876755
9510.808614930002
9563.026769750782
9570.273158599353
9609.924969828651
9628.303692917745
9644.62347091953
9658.509743642202
9723.558218048976
9775.936229873272
9783.318294570348
9793.089760445815
9870.517876391585
9891.944117308407
9903.321643521542
9948.757937737124
9962.295942616893
9966.337283738365
9970.757277437886
9973.453639442112
9995.844358138007
10000.721408965866
10007.303090653924
10025.777114734976
10027.174734617805
10028.072408472633
10052.39066431573
10059.391960063655
10116.7927209703
10168.121203561166
10175.662698228654
10185.28315807735
10203.461201928592
10221.316249376066
10233.011407397686
10239.142065073072
10298.373590669824
10335.161576687084
10378.279242141303
10464.54754714405
10507.392859606734
10518.689467445658
11501.58998593798
11508.460264070982
14613.252506785419
15036.351225402646
18923.506092956704
19315.713509185633
21043.86481059021
21443.56628560046
21832.088498137244
22767.808901047134
23154.108936016397
23566.775777839313
24701.070575861264
25851.487965009375
26514.578751187735
27225.431855222865
27600.383265420314
30308.130731269466
31714.09595011538
32030.28320901857
32343.22075562614
33453.27942629989
33489.44841866504
33709.659256758685
33812.253206911904
34505.557815683416
35373.2500939927
35419.88404409454
35420.66555349196
35467.28202325909
35502.28405126834
35527.50706967855
35534.852386211955
35535.49923996608
35561.82821255513
35569.27167026512
35573.924953229085
35590.4493761422
35608.440420400635
35612.34216712729
35616.10121817513
35625.742374458714
35636.80234176729
35644.699786919286
35659.86052267762
35669.742025242114
35717.43602665328
35722.63563747363
35733.0553835277
35738.39377385475
35754.586453832184
35802.33959104822
35840.82240904447
35844.80487673665
35846.060796872924
35860.68481491704
35862.16770960939
35876.30718368534
35883.41438707134
35954.05034601194
35983.00421039026
36076.87189956864
36083.41573970326
36083.519907339716
36127.93544489478
36142.51199060278
36158.69858395229
36204.39810263475
36243.84913353296
36285.72177771922
36294.64723540234
36299.62156129056
36315.05310630344
36349.27031118911
36358.73479327377
36399.30553763934
36440.2481312646
36469.392791636164
36470.061057223604
36487.676825327326
36507.48084983998
36541.43942788325
36548.20158790256
36582.39208234511
36586.29183697259
36592.58299066344
36618.95735095739
36634.457222939134
36641.62470845249
36652.90160935115
36703.1436379076
36778.85943902029
36791.00374894028
36817.424677782365
36837.64685155495
36955.35911799563
37027.36447733657
37034.11741538229
37049.35213896606
37060.184559679044
37061.01869845045
37134.48595497939
37184.856381440695
37231.343598502
37249.80156595471
37258.657761838236
37260.84810651466
37262.1821714458
37303.767348740075
37319.70637850686
37324.127122914826
37332.32464114749
37389.98102419398
37394.5355751461
37418.27092586606
37430.05799080368
37449.74029491389
37456.50137898065
37543.18800457848
37550.26395520161
37594.88352860178
37631.305701007426
37650.13582139339
37651.84421138654
37656.251007889434
37676.64918786703
37695.352098064024
37701.89721044637
37703.82878257276
37716.87683484008
37783.339194626395
37804.156438395876
37811.666335104936
37822.37627241793
37878.77833072521
37892.25115711506
37897.582198098855
37905.15476987882
37931.166190544405
37934.158947444994
37934.38710743294
37946.196952076425
37962.011933808615
38001.73206748777
38026.56184755705
38058.98751840392
38175.21575153342
38181.54615111612
38200.181210163304
38205.377870216565
38214.264551258355
38226.309993763374
38227.67032594199
38228.02195791438
38259.75913474161
38326.62753864533
38330.27573590346
38337.194413834324
38350.90905007284
38371.653623773556
38385.29695156879
38411.183078448856
38457.344799619066
38490.28613247333
38491.33877148078
38524.75043073505
38527.35211717217
38536.95896441264
38543.24261964229
38566.34628445889
38586.541949361446
38593.789418769775
38632.676209796016
38643.06244203246
38656.31382632464
38678.79205427729
38683.78615154817
38697.521152608475
38708.682656480654
38708.99704009675
38717.68320043832
38721.76037506617
38759.60240855472
38762.79813027023
38775.22223210811
38778.819705658025
38784.36595117188
38785.0240321417
38790.21633945423
38794.82367006484
38796.04187624572
38796.422502752655
38797.21893224583
38797.9918683172
38798.225184856885
38810.24649966205
38812.22778903109
38813.09410156361
38816.688849577404
38819.28910070485
38820.84265046908
38826.24220121845
38831.69658822141
38835.56938943627
38841.06971348332
38841.2412590107
38843.01197507742
38845.097185864644
38847.29058350385
38850.36530916115
38850.634870795715
38857.695350655114
38862.36492158853
38863.89021395006
38878.131090649826
38881.982152764984
38885.58250457614
38886.15547994993
38894.31975957044
38897.70982408402
38899.95734414793
38901.87750067636
38904.45146978461
38904.941464228716
38909.138449176025
38909.16323093303
38920.40059553041
38922.848404945296
38926.17022502315
38929.078946850044
38929.6038191323
38932.07958640862
38936.00596205794
38936.85749525285
38942.36493081701
38944.68177065475
38945.194788392764
38946.120713645214
38949.316953130525
38956.29873274662
38956.958658997595
38958.45141156199
38961.08058570092
38966.04512352694
38968.77256896563
38972.17708773017
38976.02990415251
38976.317922703565
38976.67945582293
38980.38163317975
38990.59064780891
38993.00406661281
39006.775174041635
39009.72887449171
39013.84802984218
39019.38767945093
39020.02117624075
39029.17409328106
39029.56177995516
39032.44660471904
39037.89940150113
39041.51535390588
39042.69962383741
39048.49800002249
39052.281316507586
39060.04866958076
39068.52434183931
39071.23418239924
39076.75319989007
39080.14918838539
39085.61085063344
39085.750486391844
39091.47404328546
39104.07432085414
39104.81298785321
39106.657525467424
39109.38001492826
39115.627741522025
39123.700423940114
39132.105444902736
39137.08762396975
39145.73957714728
39153.57551585029
39155.73042188058
39159.36967134041
39166.127465591206
39167.08224388334
39171.919493597416
39174.74599912869
39179.6446400212
39190.105653952916
39195.41042032703
39196.94805526495
39201.4658073785
39201.92603897566
39203.144818702196
39205.80654962087
39207.89306445128
39209.30435655283
39209.725462443464
39217.06446824743
39219.327648012884
39223.34800997208
39238.80432162804
39239.56969611868
39242.5955030375
39245.910390696336
39260.512916291766
39262.7168151485
39269.20456096714
39269.48019786768
39295.078160718
39296.8393034486
39297.23563675407
39298.96794360583
39301.00885354936
39307.64998561787
39311.56838245709
39313.04584002862
39314.29787906477
39318.62144137665
39323.96262004976
39329.920946103215
39339.28476096299
39342.52150422559
39351.161002363915
39357.68139939961
39365.46943079466
39367.69854166978
39371.07411990214
39372.204934299836
39379.12894694133
39379.15688922677
39385.38181068902
39386.37761433303
39389.56546817172
39390.3886047505
39393.88472786652
39399.4378046716
39401.5655940665
39404.5109420886
39406.11006515374
39408.83745977861
39411.638117249495
39413.65106765313
39414.175324869146
39423.657464423624
39424.04603180559
39425.37921700639
39425.523464817285
39428.720274528474
39437.3741356554
39440.28764593547
39448.80655332197
39455.756783708974
39458.91378666242
39462.45890231671
39491.697571522294
39497.287592246015
39499.26975677496
39503.60410345853
39510.14463299273
39512.658088650096
39514.597163544095
39520.36793727823
39532.31398673874
39536.042365363384
39537.27990880723
39540.58269184702
39541.941408907594
39544.44198316628
39547.78357556621
39548.46118895898
39564.51966777906
39564.633629541735
39568.48594257347
39571.42949403578
39575.75682231385
39586.02877157608
39586.45025803535
39586.68573068627
39586.72251812123
39587.007829101865
39587.68651636036
39589.21122470369
39596.750824758274
39597.84003889324
39616.12245014266
39617.5507740365
39622.45261291093
39623.74356074603
39630.99031469665
39636.05315330401
39647.60709037017
39649.65445752535
39653.16569401362
39658.57771703705
39667.99118220917
39669.80663266528
39674.68563986844
39680.81608599085
39685.302753827964
39687.33956715931
39691.12891524855
39692.88867278187
39693.93992249172
39694.66835642696
39705.10368564987
39707.592944777636
39712.32344830073
39713.94773850548
39720.57114676186
39731.52031463325
39735.78963230304
39738.83893613275
39741.53189122786
39742.89077266301
39743.29344403376
39743.96231652457
39746.69574281238
39750.14324791751
39750.87324339707
39751.36721461401
39760.11737610864
39764.914771646014
39768.3307939083
39769.94977927753
39773.30962017655
39777.59518499589
39778.048697817256
39778.41294634216
39779.46734140066
39779.68472701143
39780.02682688792
39785.824978322176
39788.350287916626
39790.72767539617
39793.510718104124
39796.74249259968
39799.02020725896
39801.88904437173
39806.47561055972
39807.542642601264
39808.736218084974
39815.873065151594
39820.389109222626
39823.70713592397
39823.82742877321
39825.984904664045
39830.63245150447
39832.89085022916
39833.16127741327
39834.40005798018
39835.9538486419
39843.567550221145
39848.880087846876
39849.59997680789
39850.08082472071
45502.54060421106
45675.50300889672
45888.96271813406
46686.670355761875
47447.43842568519
47953.1059069933
51045.708338899996
51179.54990994811
51215.3289455921
51968.48921472143
52020.38566833602
52397.468467344785
53562.11397941767
54666.764341413786
56265.80991211533
57239.70697346965
57362.96331346152
57659.147120054186
58091.91953693101
58465.59374088851
59377.01468041536
60527.04594169126
62267.61671461521
62712.51940376473
62836.143341206014
63066.44556055059
64881.47868403898
65907.00037924993
66214.30191005966
66668.21948358805
67758.56944548339
67820.39785425282
67925.45246011317
68695.95079668483
68866.43344661564
69669.6752224946
70309.9713514454
72281.34819651302
73114.24200841614
74146.90441326318
74259.94170760822
74270.56762667956
75376.47757109845
76029.33021373165
76205.45905195297
76979.26904773367
80159.45934538385
80661.41802463886
81595.7280697225
81685.754761672
82001.0833147302
82053.4793656187
82413.71012652286
83539.1550495179
83953.0397215633
85234.22006731459
85496.36866694242
85543.2597475432
85559.73925160726
85602.0147545835
85669.21404703338
85715.30858301025
85879.04851863104
85928.69440244931
85950.02399147907
86020.3119236304
86062.57043584342
86139.1443091309
86208.88690374944
86219.60165912396
86327.51283143146
86392.65412039268
86568.70541779025
86677.20413618702
86692.91146471957
86714.27802687715
86859.71319871613
86884.20342113049
86901.35094580057
86940.80703471715
87009.58438278598
87077.50086070865
87119.36601262257
87124.8468981215
87315.44355619673
87331.51777784745
87393.01568156526
87441.97479607684
87488.02266538373
87586.46355587231
87600.04981487902
87687.39803952386
87691.78889686453
87696.03924050601
87763.40520351811
87778.11289029373
87783.39691460636
87798.23035146741
87807.58958750662
87830.2084032644
87851.62569074788
87909.24955676692
87941.11951631132
88000.12556172401
88152.15056209831
88264.74759720269
88321.38879190413
88501.96152050115
88514.21626106721
88593.40166431501
88627.9494936147
88692.94917117912
88722.6276343579
88754.31823333149
88860.9681241098
88966.03128658341
88985.85578418148
89036.88850220547
89077.4295810794
89201.58402107177
89268.79880941649
89291.55518083583
89291.97603597245
89338.95069084188
89376.75470605762
89382.72827426302
89430.04514870065
89472.11736098945
89516.23195993301
89643.0105482005
89755.24705924506
89797.03147460536
89819.88162389373
90115.74563424295
90165.7354723214
90251.15634267892
90310.7158169029
90321.85628903375
90344.97655047063
90416.41118949499
90472.6637487212
90482.56490366494
90498.89236794744
90678.59647245919
90757.58020695369
90831.60172383368
90933.76280289094
91004.33745667756
91012.6310612647
91040.86950012817
91053.05835059105
91286.22034794775
91305.72280231543
91355.1942828849
91453.05404957458
91472.79144720366
91487.13949733897
91498.83423958304
91506.550338497
91560.27190256049
91600.77897737769
91655.3434655189
91748.71963343848
91794.61981295265
91835.83435268514
91960.88607745583
91993.99264062221
92063.70667277252
92159.99384025054
92208.86328655593
92237.19195716792
92261.40791242686
92358.88898546816
92455.91439323757
92518.64099622719
92609.53290390741
92632.1513477575
92638.26899993628
92639.63880083026
92655.11060769511
92726.9745876616
92778.40329792228
92788.75803668606
92802.57558466608
92839.33481245156
92854.90848488493
92931.85820388776
92940.33748491248
92961.39107190729
92967.84488718197
93020.36844134057
93033.98670359177
93040.35635118293
93056.71273938862
93093.60449702213
93104.5093633922
93167.23997770896
93186.35715902422
93200.07348636624
93244.67125699867
93261.40871297661
93264.52430975181
93291.81743643359
93459.6427921195
93484.69668181072
93567.26085476132
93630.44761900317
93643.03806452257
93649.88989289798
93661.96852501025
93670.72246512442
93675.49218584516
93685.8610378688
93689.15891360438
93694.01526793806
93708.60669366585
93732.25261063436
93759.31089739816
93790.59478684593
93822.7265315949
93836.21554612403
93885.19649589968
93905.1640656703
93918.56988942812
93994.13099820193
94065.8679321906
94113.05428703745
94140.06497747936
94146.36814999279
94168.14421359729
94190.10212862455
94228.50127949537
94295.55981544164
94311.04573587712
94331.7069270208
94366.9118691228
94405.34836356579
94440.44210851338
94453.44930875153
94460.42470048417
94491.91445621621
94513.61669788654
94560.06136113411
94575.12546859992
94585.17191009026
94639.1788746229
94644.06626421853
94645.8112504561
94658.37641156146
94678.26599165858
94688.94914373946
94703.3105237039
94742.69960743045
94743.5355714557
94744.5838874623
94800.36942940601
94844.21988122023
94844.49223295283
94845.47910755133
94849.61468984149
94888.84253116949
94897.65513432371
94930.56127786878
94936.4170779254
94943.47298130346
94951.13821063495
94954.0046676993
94960.47270150896
95005.83750888609
95011.91335933906
95017.81440906848
95025.06120043225
95054.92169340972
95061.41204545162
95077.54912804626
95093.75973928017
95119.61813235004
95126.74463817039
95135.21226305238
95235.80496730203
95251.97782119253
95267.49028140152
95278.50790952155
95282.1713438825
95283.0784273125
95353.97420472256
95372.12114768627
95411.53488670645
95417.29860381939
95448.91612624968
95465.5452196771
95473.23894715241
95476.29897712366
95481.29739450442
95492.28299608972
95506.45121889969
95518.17521609606
95524.26657908993
95553.49724657083
95577.61680957762
95581.22928220843
95596.73518769187
95607.26317938394
95618.9618128194
95621.14682912157
95623.23509140225
95643.33126217577
95648.22689801575
95687.28293630207
95690.3523040702
95711.8255691013
95717.25457543987
95743.41976072466
95749.73919971875
95761.22382215873
95798.95337648397
95835.0911613389
95864.76582322792
95888.88207162076
95984.7371986398
96002.29754561413
96032.89883931534
96119.05798865548
96140.78757389248
96145.39668275874
96147.30259606394
96171.47607168509
96181.00148119367
96254.4405817703
96281.93248720712
96284.3884499054
96291.25555437896
96293.93481605263
96335.06240519755
96339.3312620874
96351.17449114777
96356.11328679425
96359.63721775106
96366.80831752802
96377.5346836025
96396.96672986714
96398.23577668137
96440.95678988882
96462.60744154963
96467.54622199821
96467.75154660632
96477.79444515935
96491.00516192953
96498.17659214127
96525.55040384583
96548.88435239518
96560.11081382705
96578.63880800222
96623.1707707324
96728.82453026142
96764.25526775922
96765.26716209819
96853.97847259023
96855.36924376925
96868.59781367145
96893.33636485582
97583.83300924883
100381.4458777507
101483.29221702236
101960.81547762595
103793.55217385307
103926.91818700124
103964.84232183205
104826.8368162961
105037.69799002592
105612.2253155754
111980.08135317652
112062.05075452849
114707.08455061128
116586.83728173655
118234.60170607897
120209.42670694823
120371.23884806372
121220.6854079779
121760.7193229481
121762.05150426467
121780.78057965869
121822.83179934653
121849.94564417977
121853.45610326398
121880.94218751969
121905.48678545724
121924.357251932
121969.16057678859
122011.97532502873
122035.34679287438
122057.45923104475
122068.04408844873
122072.41076759329
122079.36592714014
122100.30870938394
122165.97163808832
122180.00271658268
122208.23628183667
122220.43332512883
122220.4682852759
122224.52166390658
122252.22831374618
122320.47345446037
122328.05667404129
122339.08751358968
122346.99658912298
122384.5165140238
122411.66007526888
122424.10847778022
122424.88390514201
122471.94625897628
122478.76426144302
122497.6838498511
122509.8575911124
122519.32963598233
122539.07070604648
122552.79965035681
122632.60511955098
122635.46085737488
122689.19575524474
122697.5602291945
122750.31190135257
122770.10230260022
122811.12536937377
122824.35640073952
122851.94484214795
122878.7675235837
122894.86725652902
122905.27854897825
122938.43430893598
122988.97115350643
122998.69285665825
123002.08957959717
123055.20397763824
123089.80897671613
123110.46038911399
123128.76412466812
123155.28511014895
123160.23550688804
123160.57515888661
123164.3830606966
123167.098659247
123179.6417103765
123204.13680579056
123237.55196652593
123256.22688054944
123306.69238571927
123397.32700049927
123435.9375889952
123438.35791483491
123452.11470660819
123509.92065364606
123514.07717390166
123520.39860298386
123602.49537145997
123631.21308684559
123645.61122588071
123668.1463386252
123679.69776065816
123697.39110142004
123703.18189702122
123704.741694806
123753.91362228795
123761.1810091183
123770.15310122317
123871.41305083063
123908.68899248436
123918.68712502011
123931.92806022146
123939.33417484327
123948.14518873839
124006.69762780075
124011.8191559189
124013.98759906637
124075.8829301972
124083.41066802852
124105.68426642808
124160.47898727996
124161.91337356411
124178.02037542185
124211.0539448265
124264.12519084197
124290.47727090237
124313.47905925347
124316.74486231816
124387.38727061538
124403.98221702664
124416.53642378564
124420.60038957847
124461.31002893014
124480.8709121792
124550.66359723461
124559.587965791
124576.80944050186
124579.32684841135
124587.36229255193
124605.53059852614
124611.95811758771
124619.69423128822
124625.88878374154
124632.15327656677
124642.38489556508
124667.57704044388
124689.04713808525
124700.37083718521
124735.51553325511
124773.57691991924
124787.17388835942
124824.85065400452
124838.44734519508
124886.84705393558
124911.60815035316
124920.65724514575
124922.55961642973
124930.50662212452
124960.62008879421
124966.07191710666
125015.00567671994
125026.08588584838
125126.44768817538
125162.22917280122
125173.15763075925
125175.34810959434
125176.69020081521
125182.09214753873
125182.1983882779
125192.98831414149
125193.70314608491
125194.27014938442
125196.91091581597
125198.68707617598
125198.74751637652
125203.86152021526
125207.93815246543
125211.52741925252
125218.08733585339
125230.98485821785
125233.41908172335
125253.03353698472
125255.11653445043
125271.942260347
125273.41439509456
125278.95830835484
125281.72352236687
125281.9764869725
125286.78211509419
125287.78404661191
125296.98570691614
125300.17048633096
125309.31965864376
125320.08545148838
125320.52423184317
125324.56322995268
125337.98387227155
125345.02827541831
125346.26702655424
125347.14549489615
125348.33053503124
125355.75435633925
125361.41388953908
125363.81180286677
125375.63421771009
125379.38116226497
125390.92918202674
125391.56696908793
125393.04428456273
125401.96720078404
125407.98508518287
125414.8837717526
125417.5011800228
125420.25888366732
125421.71935346298
125423.42504526861
125429.63766997684
125430.47633656906
125433.34247004992
125434.60577156869
125444.54892177014
125445.61906749474
125446.07088349704
125446.17207881791
125459.00181885595
125459.01878626211
125462.55792764231
125469.69084705404
125469.73855228831
125476.84760144916
125478.58232261303
125486.64823121764
125486.81262797076
125487.26984120515
125490.74979722264
125495.12690057201
125495.2320788569
125497.6458269571
125501.87723868893
125501.99149952756
125507.14618087362
125509.28535091548
125510.4310118454
125514.61783860566
125515.42682904478
125520.01184115693
125524.18118179083
125529.835540817
125532.17066552385
125538.82642785774
125542.60282888415
125547.93166516407
125550.4038121357
125551.27881144013
125553.14172792695
125554.02325575396
125557.200148294
125567.1120653427
125568.32635715697
125571.93396591663
125572.279151081
125574.84495316216
125575.178594509
125577.49636337842
125577.8927405155
125579.67042812132
125580.32733889249
125588.93328900082
125594.85426322038
125595.38360949288
125597.08103716675
125599.54821424632
125609.07362060816
125609.79291425586
125610.05820599383
125617.15770309354
125617.4046914825
125625.71002713862
125627.0390597053
125627.94091360719
125629.52734704065
125630.61523272275
125635.95731861699
125640.14803368473
125641.02455832376
125648.92065525147
125650.67814399238
125653.26938343263
125656.12075779896
125659.68935707002
125665.50618294463
125667.27789655255
125670.6403770174
125677.11409337452
125685.04605944848
125687.39614935438
125703.27918857618
125705.18843356374
125709.97307286465
125716.20808181915
125720.51055808313
125720.5166249907
125726.01987180015
125726.39597759041
125727.9827174998
125730.32334356854
125735.44587855277
125737.83043136258
125745.43651005601
125748.56400926886
125752.49481286152
125758.17730737536
125769.86894767346
125770.91236372416
125772.83391729381
125774.54667992794
125775.3905123664
125776.50177797343
125776.68172040634
125777.67778338885
125780.07882544436
125786.35408970862
125794.02795370086
125794.39587938995
125796.24889274786
125796.61289610929
125796.77243035239
125807.34110492715
125812.226464631
125813.06729607345
125814.01360181544
125819.25576117734
125821.28109089306
125822.74099445829
125823.33240607963
125826.9685368776
125829.48981307197
125840.50861426115
125847.25596651439
125847.80819856306
125850.01649529523
125852.18402884215
125853.29081531546
125853.46191156369
125855.21554134742
125855.92964265437
125860.91770223065
125863.94565732623
125868.35398661048
125870.87040364236
125873.86629038124
125878.6246844001
125878.9974000201
125880.4253813056
125884.52429387945
125885.6991865398
125891.0299650539
125892.14782470782
125894.30249387107
125895.71639083774
125897.69145308057
125900.875999582
125901.38680782673
125902.64716548311
125927.25815371377
125936.02938764059
125937.72404589067
125939.6964103398
125940.43532426131
125944.0928969732
125944.26746180421
125944.93992290228
125952.49077149971
125952.71892134706
125954.90434977452
125960.9208389992
125961.92568342328
125967.00867575777
125972.01484966275
125972.96152683016
125976.24499582291
125982.63534070415
125983.24946141778
125985.18865151449
125987.13985102947
125994.1062987764
125996.002738413
125998.44109936459
126000.71955188314
126002.70467843713
126009.53703752285
126009.94479785554
126011.07729294349
126011.32104379663
126011.50036558277
126023.50406277488
126025.33548134929
126029.00468407104
126035.46532423349
126048.05684198349
126049.06312269747
126052.53871200685
126056.48406414523
126056.57995768834
126059.71117818088
126063.85775817372
126065.79652085801
126067.82314068955
126074.28258945842
126076.17862170961
126081.80860503962
126083.89004342924
126087.52479156405
126087.83069870798
126089.81578578986
126090.96251522083
126102.69935922783
126105.06187953599
126113.54836348954
126116.53010757276
126119.07656186464
126126.96770984438
126129.85381735172
126132.49823038332
126135.82743939685
126137.9625481899
126139.021842051
126139.08437543183
126139.12330695428
126140.18451571924
126152.8852777298
126153.79586638985
126154.85863898185
126157.3189011694
126157.33351784438
126159.00372568262
126162.49563552742
126164.20934127078
126166.492084133
126167.73272364427
126170.65657834972
126176.9976691321
126181.61959447587
126187.46272341411
126189.26080903073
126194.66441143362
126195.22001609318
126199.87898125534
126202.05729042833
126216.79777876571
126218.52426794442
126223.7121834403
126224.00668630638
126226.73345745614
126228.16358322886
126230.92141429544
126237.42701537203
126245.75953096067
126245.88367126892
131965.99763217472
132507.32788069156
132564.74881557954
132802.3594842032
133197.56677785038
133446.25870148
134198.53434651185
134495.6983192687
135859.56706504518
136617.94920778225
136749.6937943553
137284.86529522136
137599.42012391525
138040.46329366916
138534.96621913358
139369.62195289115
139642.68116925465
139644.73241902195
139784.40146623948
139850.95381074716
140087.17631251249
140692.27732051775
140745.23884819067
140936.27411489937
142398.34920381644
142433.90444572404
142507.45784580693
142985.6493422191
143711.4114840511
144579.53955004143
145448.59691447066
145896.188588287
146245.96598346735
146394.7441721353
146420.1840561693
146573.10401198553
146884.43505424686
146936.6908947276
146942.77514753386
147683.73634281947
149498.16294122377
151559.9758685982
151619.21578175243
152063.26049111973
152193.88583591906
153669.8158297156
154058.23635121572
154070.42887294944
155173.67920841125
155250.41843926243
155894.26388242238
156529.2933340757
156757.26470868045
157957.91615538922
159774.69931113097
162472.226148821
164286.99879747396
164741.57181097558
165488.68593401485
165501.51090464846
166300.98275259457
166989.58960630075
167142.94779173544
167568.60337225045
168112.93180749487
168289.58895165467
168302.54948609916
168572.83407771625
169067.5680666349
169525.89867439284
170479.14036166866
171486.58535778717
171630.77483605786
171856.8149255379
171971.2385894457
171985.52144203338
172022.69187682623
172107.39130658156
172175.97019987984
172211.30172229154
172407.92772129303
172497.32572298156
172590.43807111622
172660.1760025523
172689.64984374197
172777.14154618757
172932.56040886027
173174.56275939482
173200.36818971444
173321.23984023696
173444.47095518946
173535.37883125714
173570.60601071737
173605.6516950645
173784.2024248182
173825.42099074033
173839.97609665015
173903.09926239387
173907.4964357861
174002.13048863286
174039.0328060948
174314.29715021353
174529.0971214789
174542.5252684315
174553.19338244313
174588.34832961397
174597.4844900222
174611.85568980608
174626.23438784364
174721.011715685
174748.5946708465
174842.93973187817
174902.38640994884
174922.99568633465
174998.49302434543
174998.50870919498
175111.70809325244
175120.01295665136
175130.30158050393
175155.1248569672
175229.18273918514
175231.19746985915
175415.83729334452
175435.7306740657
175459.8732112782
175483.39265630112
175483.8075591983
175609.10703372068
175699.59524639277
175935.5582269481
175963.86698392368
175965.71142376767
176071.44589678955
176133.31947635958
176297.9530355412
176342.67248684878
176360.8447967721
176371.0672918354
176432.77573341498
176471.71345396363
176544.02052041914
176626.16227881008
176668.58458514998
176798.85990775542
176925.47100921447
176994.36174292248
176996.0564196173
177072.54509512405
177125.54345067267
177252.9736499977
177310.08603241545
177380.3957015439
177383.61070995958
177594.34773617008
177687.41780424243
177789.13162274935
177960.63547396509
177973.5852256204
177990.7748386172
178012.22108512025
178135.8355981293
178250.98657432548
178413.93676974653
178479.830603305
178645.41426052526
178750.77136659078
178863.5341163061
178882.58062765317
178920.86648715442
178985.84499216272
179024.7724019857
179053.21574201813
179075.48743193562
179088.28545698087
179103.74259639502
179106.8069124004
179123.35525446286
179178.23722220218
179188.3792806949
179199.65748905053
179207.33494848467
179277.17429631983
179277.18984655754
179284.71304999964
179351.86527420295
179397.836435151
179423.80471651288
179437.85360810178
179441.57555691942
179444.84498370602
179460.4736818502
179464.76567018338
179486.17324988334
179586.13896322876
179597.88651616895
179608.01916286972
179615.17792149552
179617.07573244086
179678.76157081014
179695.35552122042
179766.14238981696
179807.2735490534
179829.09723344716
179836.04212450696
179845.31998528278
179859.9890318646
179875.02529879654
179875.48042690966
179882.86621387632
179895.23581182814
179900.57579323766
180057.3906262412
180084.34373879316
180084.81895696904
180111.5797494273
180111.60116447954
180125.31196953525
180166.85223905908
180201.3733429565
180212.71638647726
180246.88443256263
180248.69543329094
180254.16734407708
180285.28369273877
180291.37477394237
180310.61445721478
180314.44461552944
180351.62480932154
180356.36003290743
180366.18029566418
180385.44074704408
180406.63992376585
180441.34555295738
180466.5419707084
180490.66811946695
180524.28873847573
180525.05802144602
180644.51784714859
180679.8303292927
180685.3514804895
180691.84994191382
180697.9991801278
180698.3966407173
180716.3059563226
180717.50040410733
180732.98128477205
180748.22473391105
180812.6087741934
180832.4062939967
180910.0306218772
180923.42451290743
180949.4738157035
180950.78487798176
180971.31630730286
180973.95590083703
181029.17181318055
181045.88198026424
181098.08491880813
181100.0525867115
181133.51250166414
181156.9452469127
181173.4885104088
181232.37689209002
181249.3240823424
181252.0280206693
181301.78722123752
181315.57704692177
181317.28295513164
181329.84021921203
181330.18079877866
181356.1010852911
181357.00674792074
181403.48222767006
181444.99165987445
181469.8544499911
181479.05171140516
181518.800717644
181522.72200492583
181539.95926478234
181545.78527860384
181547.843818348
181559.1535191088
181565.79616639443
181565.89138992294
181595.22041162194
181599.75988607598
181617.12755721682
181618.4732061932
181621.39209077155
181626.73266120945
181659.0667521125
181669.12549627302
181669.91663471362
181677.52524513958
181684.02507889675
181687.58296377413
181690.45226629477
181719.9467889811
181739.61701889764
181750.35436374095
181773.09598581865
181789.89637948258
181793.47892971692
181815.75943077047
181818.83648233407
181864.6193251438
181876.8836917396
181951.4214186559
181973.87897914328
181980.3980035325
181989.40300169904
181991.26185012714
181999.49263898085
182014.4261141945
182037.76704400303
182057.85327836126
182085.7067785398
182163.24902991724
182178.55687852085
182197.59574134607
182204.7589166678
182209.4596915225
182224.80309299933
182225.50792382983
182253.3421760947
182282.8061812488
182286.31813492108
182338.67010889965
182343.43125359138
182369.21766050605
182369.45996464728
182421.21100744666
182444.9058182423
182479.9248369324
182494.23973703207
182554.12890526734
182569.9806722815
182584.28728222588
182585.3228621168
182604.5075058749
182609.2010049839
182611.50209126103
182613.65729106648
182664.58098798146
182670.24449517217
182688.69856855372
182704.7086236366
182753.08404860774
182760.0528373431
182766.0737940251
182776.00933488293
182804.53466800254
182816.0671052427
182845.50633728722
182979.56144897893
182987.67476156296
183051.9029401862
183057.17469295062
183103.5135518623
183105.61188341636
183199.25934201185
183202.08440648465
183231.87042331585
183242.43893343292
183255.7848129458
183264.04958263924
183265.761327811
183300.31954690354
183302.4148681602
183302.92461468253
183306.97932460267
184051.63762280645
184475.07971990746
185482.74087744503
187141.8261802424
187428.9563610115
188111.9759513963
191256.47647529302
191676.79043398463
193038.79391612005
193805.61431244528
194423.972155682
194840.5755912972
194879.81932192668
196335.28900116408
196836.08853096547
200698.66189344463
201502.66252580396
201579.76693176696
203105.35875372752
205240.28814461202
205259.00358994876
206793.3631613084
207150.11402450633
207970.94205255885
208169.19628662977
208194.0116370853
208212.12428440683
208243.62784691906
208265.00119997878
208318.26567881112
208345.96460789695
208421.336842409
208434.4408057832
208469.47424111108
208469.81136004484
208478.881990858
208489.04495930817
208512.87822601828
208534.28821261832
208553.04915676016
208572.21878274178
208594.16540646015
208620.29547786486
208629.85547860904
208664.317936143
208679.26630345904
208701.03556281026
208735.13094040076
208771.56885882973
208793.41716534403
208842.4761089384
208851.31187562487
208874.47605384295
208925.27968031762
208925.39556342448
208951.2185235422
208969.63611474022
208970.04863772437
209015.36136825115
209020.90556414987
209058.3683758068
209089.74421155482
209096.14803495153
209106.9817602117
209120.39560745773
209134.2398034423
209247.6784965411
209249.68780578964
209277.34696053836
209295.9179048711
209301.4537208189
209326.09537414223
209333.85588220812
209370.03995108296
209413.96682556497
209421.9567000167
209459.3180089775
209466.33953272802
209489.74672691664
209529.2500743177
209565.17101912072
209592.21041363716
209622.99555439397
209623.3777310928
209640.77197846558
209646.21441094385
209648.01360825365
209652.921123392
209685.08229402846
209728.26773753637
209800.59076826076
209801.42487378375
209803.94027195763
209821.62453829407
209831.01979372613
209876.0803787897
209890.21056788656
209922.43082776747
209923.73809577708
209925.72307781063
209933.08057325546
209950.2774919882
209991.8311848136
210005.30352082988
210044.98705780937
210051.69956266225
210053.84052057218
210085.4989148705
210087.21755777762
210090.2359108576
210110.4163601406
210114.29362513107
210124.45277537405
210127.37379288336
210178.41221746334
210182.24375878327
210193.5683248305
210201.7658466423
210201.91750580433
210206.92633339734
210281.71978278237
210329.54905934076
210345.8725556882
210411.94892585807
210431.83224359658
210461.20246516523
210483.70154588803
210559.7140982049
210566.4808241644
210579.35748875322
210653.29166672946
210659.48861577528
210732.12265100103
210735.7317637268
210755.08491896288
210756.61292424856
210768.94604392105
210774.27861319375
210838.28858349886
210885.37019169747
210885.88323050115
210997.59977205534
211007.31126254695
211023.79078811553
211039.3703246499
211086.5914818425
211103.11044967675
211114.54497222436
211119.38675046468
211155.87758290907
211177.2158863525
211260.5117445629
211289.772569362
211301.45941421678
211303.37847339784
211309.62070968078
211309.97462309588
211311.95887626125
211323.49434173852
211347.37278775268
211373.55866100267
211378.13620350827
211411.0697884171
211444.30632612438
211448.98711433975
211449.81078493985
211480.52693891252
211486.3143008933
211573.6524995191
211573.81753926864
211577.95071198195
211579.3454612596
211581.8311340976
211582.79604876746
211595.04678933803
211600.6616240511
211608.05662922555
211614.24022040295
211624.23603822934
211627.74483411267
211631.77266707353
211632.21887761191
211635.07119215914
211637.04088444333
211639.44573808255
211641.340912152
211641.63794294815
211643.83018201092
211649.04572145065
211653.12541991015
211655.63862979997
211655.72376589465
211656.2736689436
211660.98447200583
211661.08040691807
211672.9555710113
211674.6367155579
211676.7255788526
211683.70444431435
211687.64630011452
211690.39212988864
211711.31878156538
211714.2113105545
211715.1129867499
211724.9707926386
211727.1635803257
211748.46270044253
211748.48575272755
211751.48005509394
211756.2338870136
211757.2278328698
211758.88635719844
211759.30781314283
211761.63426107774
211769.18255232746
211773.940224639
211776.75148813194
211778.8261722099
211785.115224418
211786.07037914678
211791.4652003046
211794.56785044505
211798.05961959888
211801.301707236
211801.36803613746
211802.44719587208
211811.22831586155
211820.77476617275
211824.0189513829
211830.93425995595
211831.78425863062
211832.47610562138
211832.96376854723
211834.31426540797
211834.58240436314
211834.70280493883
211836.42704154522
211839.86488782108
211845.64404949584
211851.48039427938
211854.83774188472
211855.47067426436
211860.29313519964
211863.991588703
211871.26305403982
211873.62715395947
211877.85883149688
211879.86933041597
211880.1647463582
211881.36856205948
211883.36337906553
211883.80263533286
211885.54649336488
211885.69856562748
211890.49456147087
211891.9288982342
211897.09532578517
211899.95716717208
211901.3772136436
211911.03885364375
211914.6570564242
211921.6811485286
211928.7405983017
211935.3987845272
211936.20345480315
211938.4185688928
211942.0683186488
211942.36890916285
211954.10091135057
211968.48069818103
211970.28220282574
211970.7439722252
211972.0743754139
211972.41444450401
211980.42747065314
211987.32090552812
211988.3430442058
211992.8060763689
211997.11952410714
212004.48304222658
212005.63088665737
212010.2470718986
212017.05960145942
212019.1358268747
212022.32708979276
212025.48353704973
212037.55013881274
212042.27249835135
212045.51061858985
212047.45977053797
212049.1703198921
212049.8404658843
212050.1999805711
212051.43066879734
212054.0557489152
212054.77157843532
212057.60327829508
212058.7236737557
212059.48874012296
212062.36514850112
212065.87375943997
212068.53060395352
212068.64033237792
212070.7272358241
212071.20434950516
212075.64318703758
212081.30314929556
212081.4071851457
212082.7403762448
212083.75273887566
212085.18233420321
212086.027916277
212090.6533311933
212094.3708147949
212094.6821733258
212095.34697658118
212101.25775688028
212105.48385523804
212109.07681868432
212109.86282160494
212109.97943542062
212110.1336530863
212112.0589697882
212128.92374551753
212141.2409267928
212141.59587940935
212150.5326230115
212154.8047205628
212155.05931304296
212156.58232192966
212158.04063477484
212158.8430636955
212159.87606477988
212161.35559949765
212182.46513078953
212184.22428234076
212186.8468926561
212188.5533152982
212193.07408784766
212198.39186538523
212204.0709470036
212211.11737746594
212211.30172399757
212211.5950589397
212213.45669069752
212214.61634040574
212215.0737174977
212217.31065291262
212218.71084411105
212224.1722665301
212228.10412242508
212230.02518691216
212231.6375367363
212233.07717091215
212242.44199457878
212249.23311213334
212259.59074000048
212263.398936336
212266.85614562605
212267.3436543325
212269.82466768337
212274.86689895584
212276.1005695985
212276.1556558073
212276.70967746852
212279.8597486229
212286.15468588792
212289.54491898845
212290.01860677896
212290.8589095914
212293.06179701
212294.90702613734
212295.33875733675
212297.4663887891
212299.09122793766
212300.1364722086
212300.18096601876
212300.58951756632
212301.49920927477
212301.95422652335
212302.42723783784
212306.981705209
212310.72273616324
212313.05784316143
212314.23082000948
212319.51893800957
212320.5289549274
212321.25820143125
212326.34861304806
212336.3374483989
212337.6573915332
212338.3303659703
212341.48706004422
212343.2027097732
212343.7393390608
212346.02599613965
212348.2087258862
212349.1729672287
212351.31497301845
212351.55085858842
212353.44545029994
212357.29532452894
212357.60276957043
212374.4160867602
212375.09050880146
212376.94226186164
212379.99007512003
212380.15668180745
212386.4161969435
212388.60395377816
212392.03428451403
212396.18773044
212406.8309570448
212412.3588007326
212413.93677156742
212419.15594352977
212427.45062421713
212427.91544017236
212440.92944059422
212445.92890846153
212448.93670328698
212450.91730200328
212453.00333227997
212464.96840269378
212465.4071745002
212468.07439774004
212469.44753938043
212469.5771950885
212470.01943204468
212472.02128509985
212473.8548688598
212481.01583417406
212483.79642064509
212489.6349308363
212491.77333011027
212500.04884920202
212501.620232486
212510.5587440002
212512.0588160811
212513.62153372425
212516.1829536116
212521.27024692215
212533.76179694693
212538.04957750175
212539.06827263834
212540.28601052167
212546.2169356823
212546.6355459773
212554.87101330893
212560.72883531562
212566.29955166706
212568.6839583055
212572.10516452932
212572.50206466572
212575.292190962
212575.4928503225
212577.24293937025
212585.84597360122
212600.63843751926
212601.14967977375
212606.03369786724
212606.5290877601
212612.093331237
212616.0845705252
212618.4932593967
212622.21186623268
212628.55247373867
212629.60801026985
212632.19238625554
212633.84283740996
212634.73720255902
212648.3102059676
212650.50119306892
217814.26581123777
218436.17545297358
219313.34418271
219371.79816115554
219433.9973882208
219933.3996183761
220174.07232464442
220396.97196532565
221227.81489604808
221602.8403422294
221613.5703139098
221772.1478289668
221898.75527634312
222151.63596207582
222443.17415639258
222445.74042867566
223017.50403431387
223369.56210618693
225175.2081343115
226181.86450859255
226221.93138853775
228898.82618310576
230973.36025324414
231296.63248517603
231342.46418835473
231689.48322573962
232397.9002923803
232451.09069590585
233436.23856719967
234490.2125758457
234952.73387359854
235666.58904464377
236697.59338615718
236886.07145052336
237777.9026222285
237878.4881536166
240557.10027813166
241160.97815076588
241210.96900618123
241447.19616609125
241822.12053479528
242913.39875099523
243664.98771566618
243859.32489213237
245098.3588834626
246439.46014239546
246590.77845474333
247056.2450226628
247814.3555017113
247913.9704926454
247960.07218036178
248287.52341511755
249212.40694643406
249256.45360912528
249509.04692991398
250078.96899900903
250200.57216235728
250311.97422182566
250334.87051611894
251142.14847311506
252692.06601047324
253156.46763827247
253509.23299736617
253511.75792903992
253977.37392735732
254064.73940973257
254499.3823864155
254638.01797424554
254810.46896427378
255446.31304394075
255796.3067740052
256027.6531746819
256447.35367317533
256612.2850351126
257730.42768090463
258034.99168171675
258109.94233027686
258153.11534879706
258160.00465013372
258229.90614243332
258270.5497980834
258318.87809744623
258349.26018821265
258355.15971429372
258379.94109521768
258393.79512333754
258465.9556065576
258504.19970178074
258548.55962530343
258565.86542198434
258637.74069922857
258638.92337921425
258672.48559255147
258688.45810238272
258719.4919181954
258903.11451545605
258944.28758974216
258977.02865195653
259069.35450943792
259147.07788982397
259153.15956673614
259166.58352239986
259188.41904999112
259195.98456632002
