193.79787469922522
671.1133455650963
865.5079055944524
1335.922883956496
1440.710991965199
1985.8825364119273
3132.6304051581606
3523.622724433573
4476.8278213045605
7124.522537484112
7410.083168801968
7410.2113192959405
7412.947520042163
7413.705581725968
7421.3748235833955
7424.76214452866
7424.9963004652345
7425.0231278964975
7426.187803443126
7426.275207204538
7428.835803849167
7429.300515875333
7430.232057012401
7432.600436617132
7432.658849402273
7432.914924672311
7445.637832115364
7445.786114062215
7447.835936058381
7448.311567412822
7448.7772381986015
7449.768435079406
7453.069372324976
7455.034017936857
7456.1721050194765
7464.173609090005
7467.5994387006795
7470.072062789835
7471.2669830913665
7471.287513444546
7471.901126630246
7472.085213476687
7476.375202137677
7477.585828731766
7481.680241620182
7488.9953049423975
7489.626259603463
7492.366817322125
7492.646053166441
7496.469444466119
7500.007586412051
7501.367962706805
7506.29940520527
7508.710435629889
7511.791697373863
7516.842216603727
7518.190800581533
7519.075266946027
7519.3580134690865
7519.503375204468
7522.456906623003
7522.586249594162
7523.360754635473
7523.471069460324
7530.889970217883
7533.758841069782
7535.336058483495
7537.471653141718
7541.229481807534
7544.317495742023
7545.6388359874545
7545.861600595758
7546.824833904687
7549.1238994556525
7549.988855584361
7551.410052135582
7558.321343242201
7559.8680089664695
7560.358640857555
7562.154139504645
7564.1052158271295
7567.180325137952
7570.114925795671
7572.0499572539375
7576.080578878566
7579.138228882228
7582.418961588019
7592.251505573456
7594.956537492853
7598.162692248645
7598.207768470051
7602.581157486036
7603.010162178019
7603.772925179997
7618.646945431043
7623.340921699648
7624.733011895341
7625.852163106305
7635.406691768795
7644.195981738847
7653.670337536856
7654.885461356466
7656.401360009307
7657.397892684195
7660.287854263496
7660.462489187054
7662.7628279597
7663.81080597826
7666.031940154836
7670.83443583102
7673.697044952657
7675.290973847606
7677.409569946647
7678.413335405649
7681.360778747453
7686.669122040346
7687.1792421166665
7687.890684820176
7688.321818830287
7689.589026436377
7692.808190136567
7698.418924903042
7701.2977883321455
7709.723490223907
7710.668444900486
7713.3541662700045
7717.361745891473
7718.281295499312
7720.984809048475
7722.963942417052
7726.801902286936
7729.265063354315
7730.598948961608
7731.867559867893
7738.331357984244
7748.67553872858
7751.600126057775
7755.893425170336
7756.302009988631
7757.110751709543
7759.115272948238
7771.528552001587
7778.910660129817
7788.703374936941
7790.400673648173
7795.728889527447
7799.474513639354
7801.044761526499
7804.075044847312
7805.577923068255
7806.381261985342
7811.540551932441
7815.588496747885
7816.395303536512
7819.246197624916
7820.273915926256
7822.033327864068
7823.905151797864
7825.925349194411
7826.752320059118
7826.875430732101
7830.692949070991
7837.21990144626
7837.847640428628
7838.242614275527
7838.882386189997
7842.985379057176
7845.19583061682
7846.591391097624
7849.381547754841
7857.531092801328
7861.277886143198
7863.17982798229
7866.392158537103
7868.763322329224
7869.87088694858
7873.821291562712
7874.946586754377
7875.839968026549
7884.397201497881
7884.766860886166
7886.245155651226
7886.283701857721
7888.955482875999
7889.938140904225
7890.135362208145
7892.240074840628
7893.315974851186
7895.140769567138
7895.251876535667
7897.386832200935
7903.804403235018
7905.306461965946
7911.329259228299
7916.877494303165
7920.758280786444
7924.5640672758
7936.703942025935
7940.638424286624
7951.888537460213
7954.197181667336
7954.567029012627
7961.761265515443
7962.577137126582
7963.803624402152
7964.54783225936
7964.563457995386
7964.930751524694
7969.82486067387
7970.998999552892
7971.216351594509
7972.76976170285
7976.777789999008
7978.906025606542
7982.7843058295575
7987.34538822383
7989.6251781070305
7992.505010376822
7992.989900467501
7993.726061709248
8003.483966152908
8004.146262023015
8006.576626652605
8006.620173146742
8011.322449621777
8017.040975722111
8020.089137253408
8025.284695757043
8035.467422206961
8039.69483158081
8040.327966289128
8042.013686454861
8046.0411925720955
8047.871720888302
8053.782903994651
8057.059006532023
8065.126323324015
8065.413011167061
8072.265828704518
8075.744910915865
8078.121558033543
8079.611337464735
8083.576744179213
8087.4212339998785
8088.51209052619
8091.597360124498
8093.453227969367
8094.389417827109
8097.057738155687
8099.521773817474
8102.23652337316
8102.477696950498
8104.0468244146605
8116.531332235727
8133.454449038933
8135.543612058171
8137.6707240333235
8138.795062615901
8140.448555893373
8167.9567820144775
8263.829940091082
8420.078321663743
8490.34936130238
8651.480993536965
8827.266191108005
8926.083676447286
8967.225734866535
9042.636019174022
9157.572702532896
9169.103205839043
9194.816951076278
9244.13408445588
9305.656726536583
9398.369466369752
9403.401703808135
9590.409319391212
9785.749060932772
9961.268180847257
9979.166528785066
10076.883213418501
10097.10680436739
10108.259723792658
10111.962354346548
10126.22557768025
10177.87850069354
10211.279579002694
10250.59216165866
10292.005367079846
10339.525133092035
10499.157212836566
10514.01940575016
10552.16272815391
10607.746963321264
10636.502132200583
10669.83063421943
10688.03198185831
10690.595727511318
10778.341627372758
10849.78403395197
10853.441406781787
10874.633025736133
10880.264908178517
10905.43883991724
10992.547077791802
10993.291468564768
11026.14775797888
11033.576791064608
11171.386645607707
11191.702392761043
11228.395903635701
11257.675191280146
11269.228636886148
11291.658471821742
11320.32975481748
11334.146887569967
11334.791760737628
11385.68736023563
11407.238893914573
11454.202724222547
11518.135518836043
11522.852944096392
11675.405544853997
11742.016132776667
11874.580395209017
11874.84789284593
11973.447008069703
11979.846708557121
11985.000323880018
12039.330639268614
12042.37340237419
12064.69037158514
12200.561899390315
12225.210801062049
12226.787780024364
12232.112879498749
12236.74959895382
12277.926061035776
12283.737827593533
12284.57617275512
12333.87246630919
12365.790692844896
12399.018951336748
12437.283847961455
12438.554281974855
12478.068253502106
12537.691800437633
12537.827327540002
12554.556108078637
12568.342387716377
12671.55977557744
12737.722843794289
12770.46900696722
12806.891120995135
12908.192966381193
12945.019667320737
12997.34901930055
13016.034677458698
13138.255440851766
13139.565614697289
13153.141851021624
13251.70558280019
13280.316234476188
13300.616207073781
13324.551338135374
13358.654486003308
13383.106825803387
13464.243634903663
13471.519032081955
13478.476135457926
13513.439550011868
13544.211346923365
13564.363698738433
13603.067818737874
13608.705547790178
13689.71994656318
13722.98080545921
13729.217110019932
13758.860884363698
13983.97636245753
13989.126539267321
14155.977260848653
15063.769875766713
15115.991303010682
15281.076236463716
15394.067401002814
15471.577401669358
15521.295128510063
15534.45605232474
15548.67490076015
16032.13702715619
16101.985338474833
16208.554610526277
16446.245056104646
16890.123914510583
16999.614482231904
17147.004625925045
17158.40241050126
17216.85979670079
17265.993085827187
17494.112104341253
17960.702092191157
18064.97665978708
18306.628255588315
18307.973086413593
18385.447720922566
18551.69735199109
18844.142854493057
19073.021870949775
19098.58171261453
19117.569398674856
19268.779765861353
19269.892086110383
19414.092292621073
19881.706093274435
19963.615493059566
20119.25728963858
20190.383309524186
20562.29524236325
20770.703299142282
20925.74702654777
20946.138694856065
20970.589845456972
21013.221443825623
21015.126188939234
21075.3746017833
21189.531863433273
21687.49239477547
21771.09709504478
21771.45677397362
22088.127412981652
22125.924072815313
22154.932389683847
22262.115914693255
22359.422225810886
22448.29901410546
22452.034685988154
22586.264390136417
22598.984359313505
22840.637782023816
23015.058328093703
23047.595591990917
23304.81638226403
23333.060209161165
23760.348776159528
23840.04152766209
23866.06998756325
23963.721608580654
24030.94627973809
24074.823512564948
24134.6791113999
24488.757302983326
24605.32393255997
24621.67277542645
24679.443941048514
24684.057156249826
24764.817173555555
24834.93536853634
24981.240088279563
24984.850074007834
25063.814081198936
25183.44635404174
25267.986997729622
25560.47916876437
25572.154178685996
25648.907112184388
25745.023913225876
25754.179075675245
25812.859991539248
25838.84039730618
25976.349668610783
26098.34642599808
26173.034156507576
26283.983482408956
26580.80926317374
26654.574924162353
26860.008155904114
26868.22023279939
26916.549493630053
27223.940884155232
27304.7688945346
27419.144127638316
27439.54029613496
27590.92320238497
27664.74253866351
28037.62591408832
28112.031061214693
28164.357662608465
28172.838699165284
28298.040183923928
28304.086993960944
28349.822768288286
28600.070921719434
28809.994003719534
28819.143324871555
28846.86911616941
28961.642466006786
29032.21053923507
29037.73376278489
29084.26960628194
29104.09263705079
29224.64083077074
29278.874410543947
29340.67162334843
29707.211430236566
29724.598585546682
29786.923371944435
29794.3349669531
29921.87741411079
30066.072155514838
30218.973778522606
30221.168662049135
30503.455350205124
30576.07979581747
30616.36402061426
30706.99889239828
30939.99407620085
31002.450808450663
31229.893286141727
31562.68291259868
31872.477103300804
31882.674826459697
31911.5759575094
31970.047759734396
31970.173656883802
32114.09042561997
32291.9553704304
32336.6278253695
32599.267647007353
32619.22191067948
32628.17494825348
32737.908959277367
32772.71498869031
33058.77142505728
33073.07469602239
33086.15778727525
33156.107434485006
33169.022417404194
33286.51545659365
33302.18343348248
33315.18099687739
33419.03092388621
33436.25072773857
33642.03216822966
33952.03597952963
34038.160073057916
34130.86965008808
34162.70575589685
34179.7933320429
34203.41833124351
34225.407570462805
34352.120763420724
34476.5883943778
34577.4917014561
34750.58944309377
34760.26826163781
34816.20721363201
35107.71274350724
35109.04614969392
35163.72691848542
35214.0051922849
35261.15531965257
35285.410650568185
35519.684817166686
35539.08344021423
35697.141519928125
36093.280209984485
36154.962191529165
36305.082339786364
36354.30422053509
36737.109854150316
36905.49934398315
37017.03894865179
37182.740793753386
37286.46885394948
37455.14033460079
37465.81133952117
37489.4798833415
37566.841253929735
37640.32623305186
37669.41761301596
37682.97791322685
37700.16255853564
37754.895487542744
37793.044809724386
37823.408800397636
37991.219663743745
38049.021857639775
38136.1386830484
38186.90066490188
38193.68356538263
38253.04657153452
38253.94620176296
38269.88534218345
38287.974493159185
38378.03075003854
38382.81826788699
38625.74981960319
38649.507475316204
38651.41388896474
38719.59241383535
38791.199896668186
38959.2514881584
38966.75852187011
39018.928578910636
39117.8802094972
39198.820392797206
39203.04039017248
39234.73603447767
39334.50710948288
39352.54376801778
39392.43846829138
39539.03656592887
39666.13063526812
39701.63522341337
39703.07947891622
39975.13279854041
39987.980009173756
40017.132753689526
40066.02095144044
40087.20462061783
40104.81718222202
40255.212793520324
40275.399789274496
40349.495607856355
40349.54753398628
40368.69097278069
40375.95803810375
40442.92443353474
40626.59108073276
40665.95151062418
40779.35792993288
40830.606566624025
40901.959752356874
41037.832984740846
41202.41591730872
41204.47394369669
41257.31230427785
41281.68639741063
41301.908494980045
41320.19969315585
41372.455293869214
41386.00796400006
41394.37942823446
41395.49054010361
41450.31890453318
41649.43677230357
41650.30328972632
41689.533079270564
41735.28477860251
41744.951876652885
41756.86030235401
42160.29283765017
42210.040195478716
42279.27497078704
42327.284842757406
42362.95127499156
42407.95647536278
42511.39239810322
42557.74585541847
42576.69817338329
42586.52258523137
42721.732619078626
42792.3547045866
42806.41239990975
42807.05545610518
42811.75933691523
42812.2714308881
42835.24755255262
42954.16583986727
43024.2462483819
43072.724409083006
43202.636229066564
43251.14689352089
43260.389859020026
43405.14299144782
43447.490640303215
43509.29065359208
43526.81628139526
43645.399610440545
43733.31232136991
43764.21105593811
43783.04641336701
43967.782488452685
44013.293273211195
44090.084776998876
44354.171457792014
44377.5412897148
44389.02791985637
44578.91695106693
44706.79389579813
44740.001780185485
44747.56914329128
44890.94126736624
44905.176210553676
45027.23463017213
45083.17551767888
45141.36908751124
45174.463704746966
45257.57247616642
45283.85553849194
45284.77030912272
45436.11241803792
45648.93799627263
45983.12382588497
46011.44887155403
46035.79111433924
46102.44652823021
46240.18338660256
46372.75512750262
46374.22096901763
46392.31974654669
46490.81786246888
46603.52206292842
46675.49969495321
46750.33176272251
46781.303656881886
46967.9634528012
46978.69552612449
46994.74925503882
47025.20282302194
47088.45268490133
47236.904971748394
47266.20673179526
47274.59834749104
47294.02573012924
47434.003661008894
47529.2458648798
47582.54974900202
47698.58971899695
47722.40775555988
47784.30042680777
47789.37507612418
47843.33678501711
47871.12530883489
47884.84380067836
48015.58374495548
48140.54760970581
48159.92400452499
48358.184697649245
48452.350827468115
48456.52415665166
48567.883025031384
48722.6809323362
48923.18853602025
49001.492146088065
49007.95310899698
49108.416373735585
49112.53876623784
49157.124181279236
49334.02462635097
49345.32095805861
49385.41655113162
49442.190692060496
49619.22204253061
49681.22603787352
49794.30253674055
49836.69715432702
49892.38976139219
49940.592184326255
49986.14465711972
49990.33492240764
50085.07482676233
50093.47302456573
50187.93222317126
50260.761960011376
51990.00898701355
52272.73303009165
53090.8097410676
53512.934669422924
53923.070185754856
54742.867244701134
54840.932468727566
54950.319942037764
55116.241159391226
56902.06613749447
57125.7786820807
57508.425567070306
57819.403561405605
57887.67728893553
58490.84507767055
58997.80719429039
59369.49796339942
59375.399878379074
59530.62997067654
60086.076718019794
60213.50961967404
61170.73951067866
62098.27670185272
63415.15805179414
64087.698531875234
64839.15202348698
65217.623702286546
65615.9483525378
65796.42818483728
65817.96894973381
66095.80449136219
66154.02031758145
66723.69098889762
66778.97726890472
67046.19092656141
67165.29270905726
68262.71784802055
68688.52825465001
69593.80054168323
69781.93158513226
70843.74281757693
70977.44162672301
71274.55960326192
73265.54131842096
73469.98500644026
74100.34714261681
74614.83790121897
74624.89836280937
75332.62638100593
75546.62471495337
76309.56475544494
77186.79924836164
77665.24997483719
79205.12402236385
81370.92182418006
81544.17383440098
82265.35063606522
83544.59219109624
83874.48669678735
84174.57894263057
84924.2820521929
85221.62938429505
85271.91060356601
86499.20493243392
86857.89789585627
87337.48866218039
87625.0233170376
89159.79380068788
90026.51675051129
90210.14203630394
90573.29723413342
90841.24193826306
91452.312836451
93592.34688279619
93810.82652529715
93811.41589103168
93815.43228570343
93816.7323126754
93817.69435987789
93817.98017283295
93819.76653020155
93821.97912382925
93823.62835712881
93825.41615803204
93830.71743440219
93833.40954837845
93833.79915006906
93834.74237763709
93836.85243412043
93843.89861117041
93844.91346074306
93847.04629600424
93856.4168145344
93858.75765367638
93861.08557474098
93862.37656186044
93862.69723633523
93865.31348455032
93867.3121187437
93868.81107882349
93871.27608923646
93873.29803202857
93877.80238320108
93878.45322331366
93882.32233624397
93882.41589649951
93882.58748303939
93884.69304271383
93887.97417741672
93888.19471589423
93892.45894598868
93893.00122794126
93895.30496758349
93898.19383103546
93901.68115788218
93905.06706206639
93905.27715119098
93907.1732816014
93907.29431183642
93907.85687798355
93909.3058982753
93909.37574614525
93909.67462119713
93911.51038917564
93912.09758008519
93913.33306966166
93921.23336039661
93924.13099287164
93935.30614646288
93943.36174025905
93943.51553235366
93945.19647139864
93946.07658633092
93946.42819048782
93951.24724013932
93953.66004992252
93957.71255625194
93965.20602839573
93967.86767112576
93969.88873495537
93972.40049848342
93973.17513408717
93977.8949140344
93980.59491876495
93981.26287289853
93981.47457817532
93983.32451046855
93984.59759652903
93984.67459652157
93984.96304633617
93987.52250657033
93991.74741100494
93993.63039528384
93994.17840778756
93996.98584451788
94002.15964544585
94006.02164576795
94008.21089584005
94008.40252438365
94008.58895021942
94012.77891757395
94014.90406353664
94015.82850830597
94021.07963404256
94022.65066736126
94025.46270889298
94028.51572871163
94029.00161162054
94030.02035569791
94031.90493477727
94035.9684264255
94045.16402112832
94050.53489550481
94053.87570964609
94054.00236283724
94058.72892163532
94059.5023942837
94060.04291430638
94063.20276155116
94063.38018858944
94068.41415636026
94070.39583550964
94070.95083706593
94072.02107214894
94073.00370063716
94077.03954752618
94077.15528887896
94077.53881593412
94077.60848810301
94078.96433319742
94083.90917948118
94084.70706533369
94090.19208245137
94090.19450729761
94096.6261233942
94096.72912710276
94107.56126132523
94109.1609477668
94111.03526149629
94112.00694132716
94114.65661078584
94122.6603001239
94126.75764980243
94127.93117608246
94128.3568115926
94129.05223091967
94130.09277288061
94132.37681838436
94136.30664022618
94139.20795617478
94140.0915468117
94147.7499469863
94148.17784433349
94151.45081950031
94151.93148760532
94157.24852384003
94158.22124085913
94158.24867064893
94160.64427588032
94160.7188528698
94162.30742084193
94165.13035558574
94173.60648879645
94174.0740655294
94174.18669679592
94176.61351695044
94180.88920542899
94183.34848243512
94185.78273899919
94187.78129020288
94188.30372406004
94193.96907480588
94196.19195926942
94197.95910715024
94201.45819663395
94205.02589668025
94206.2016690784
94207.20342237798
94217.56459995575
94224.26626511535
94227.47933458354
94228.39339253053
94233.40295448374
94238.1715144715
94238.94327418251
94242.72313780547
94244.69879166594
94248.3347258274
94261.11875457775
94262.20813035738
94264.2378163108
94269.90815809282
94271.34500296428
94273.49850747848
94277.0245056669
94279.10166201222
94280.49462106332
94282.24979292211
94285.32862520979
94286.0978920259
94290.4484410868
94294.98314423583
94295.59887690988
94296.74142598052
94297.72959663923
94302.66917421672
94308.43048881598
94309.77751358935
94321.58131750907
94323.47082279732
94327.77999049188
94332.50919746913
94333.90728149649
94334.83139862503
94337.3134700057
94338.3983094975
94344.90559051876
94346.28095413304
94346.77886097005
94348.80962232871
94349.95136398723
94350.25212870607
94351.32013144586
94352.10101923991
94355.34738218845
94358.07522491441
94363.9820773956
94364.4473406665
94365.36760685837
94365.37314872984
94366.18458658775
94369.27662201495
94371.11590643084
94371.93443044016
94373.70820677721
94373.95367086747
94391.4351388529
94394.13892898562
94394.17216346123
94401.8493852116
94405.40305490894
94406.69081145962
94407.49503111216
94410.46961625825
94410.96826797687
94415.68405118401
94416.80488563419
94416.92714835763
94422.97747758994
94423.97699688007
94424.59561068469
94426.26739437708
94431.82088844907
94432.43513806563
94435.2576532175
94440.7364171571
94441.31645892265
94441.50883476608
94448.79970902567
94455.40291391358
94460.6071678721
94467.63469008317
94471.0335450489
94471.37250090335
94472.1130831443
94473.46381076479
94473.63663947629
94475.31264548452
94478.10637722381
94479.91499124274
94481.15607004131
94482.4131184355
94483.23067591539
94488.37436753114
94488.56202947794
94488.62777607585
94490.50238785379
94493.65290529362
94494.7837376639
94498.71675927582
94500.61756614747
94506.80134172268
94509.611869323
94510.07635944708
94513.29391120556
94515.24138189516
94515.62255886177
94524.47638532698
94524.61018584011
94525.20759242249
94528.08485680858
94528.41709084316
94532.15564208725
94532.43652109864
94532.97925836152
94533.72257097765
94534.29810008495
94539.17435615565
94653.55078826741
94686.00019493615
94705.8697818484
94784.13024561036
94800.4822896717
94886.51594366536
94962.3488098758
94977.84548653984
94998.02053943083
95107.55568211543
95132.06563583785
95248.98090098884
95276.50332289882
95300.07475654395
95433.85421208701
95591.95658212091
95665.3205045046
95693.57185216653
95704.63025556284
95895.58648156389
96007.5013937471
96152.86447734402
96396.71702941791
96434.71089610922
96590.71030992498
96631.02910199757
96640.44517288089
96643.54140006012
96678.30501209685
96684.12610385177
96702.29280214477
96820.54034258472
96872.50451077557
96905.92413204872
97011.87498245812
97045.58424889723
97107.4057404446
97107.62709266134
97193.92148384506
97255.99385102294
97309.75477426437
97315.31497332461
97331.3474167323
97371.59509708588
97390.43465417766
97449.73776868994
97489.25298897589
97555.09637407928
97678.42841726387
97696.93528031107
97720.83416349276
97724.85663218393
97834.99102231146
97847.41290650581
97851.7923360371
97886.06744980857
97910.80333646294
97967.64657796212
97974.21892559675
97998.04987958304
98191.55561664149
98213.39959662498
98263.49943225978
98273.47385401919
98411.83763431956
98420.2996302949
98434.84752327694
98472.2799505712
98474.86507741676
98504.29832431617
98610.99826315744
98644.14588042957
98651.61871501626
98698.58356795635
98811.31123920104
98861.8319613639
98873.02871192327
98881.44939132553
98912.55943548906
98958.88818226868
99025.98812488704
99065.94906257678
99083.37200573867
99099.4139584781
99189.30854461469
99201.81532347327
99216.54895755331
99236.84998487012
99346.96860448393
99348.01097246796
99352.14733152058
99375.31016791466
99430.8388380255
99453.67137657036
99484.49600688514
99504.36446229852
99505.36114707789
99506.18049272959
99569.62855971581
99584.4533632785
99593.48874715832
99618.69084612542
99671.40518261242
99682.74005754941
99691.64193002424
99787.89264510392
99806.15624467796
99858.78394035308
99880.92485677954
99969.86555293672
100016.93628151907
100057.63915160095
100119.05011576903
100945.71791139463
101018.91735324298
101069.37690969575
101115.79016394595
101123.43541322167
101248.05907059659
101488.83901950513
101626.59263096529
101799.19216170438
101916.9813074244
102181.12665631332
102208.36961248713
102501.24391497349
102827.51685516126
103310.98599858038
103649.90004514765
103662.45086260149
103708.98698100456
103944.38939081569
103947.1102548331
104020.45681481426
104024.19948301147
104375.35476103864
104448.81350323444
104484.88702417011
104885.5611034063
104885.70856433838
105072.34616071504
105262.62341445114
105285.97036599349
105504.78377319421
105747.48190116574
105814.69821620923
106233.53528750465
106590.35780929368
106918.05121162196
106931.34431773843
106963.16649720816
107222.67444279157
107255.98835784366
107558.85559497455
107668.68937178065
107912.16959423333
108147.56169228777
108301.81684649568
108326.97917208144
108366.66027069521
108454.16403983635
108729.47440850531
108736.16422842
108947.10649974855
109209.34865221631
109227.70783722363
109320.85911328753
109442.50009325617
109543.96288733956
109607.65352213054
110105.92497416679
110117.1705621822
110238.06137008035
110249.33075894637
110331.59720969122
110677.40485055017
111019.36944053882
111064.68899520021
111083.24478618632
111108.45843333837
111119.44759160132
111331.55021953551
111367.15782993771
111418.61137843801
111425.90462610198
111529.24236988572
111630.7011707185
111834.50284305739
111844.7191107393
111885.29827118534
111957.58088718237
111960.66676386113
111994.51415962433
112071.69821776592
112355.61995204384
112689.55912885422
112813.02505777021
113204.02534332893
113217.05021141848
113340.50647731728
113364.54022059204
113426.81333121436
113543.3964733857
113624.96874084132
113698.15223313317
113958.39781593892
114015.80472267795
114186.86487839298
114255.87999275229
114361.39957616315
114376.39359200452
114590.30095033108
114641.77998942464
114796.13864215894
114853.85303114804
115040.65797503201
115052.57013933935
115264.34593443947
115300.49740546473
115341.36531445665
115408.198231191
115541.60228855323
115668.89442931696
115839.56838391675
116003.17345193423
116057.93638999517
116149.71941532806
116285.68579609564
116324.36170661879
116519.58515641413
116866.53765358758
116989.46638373795
117236.66401423578
117475.28057828368
117666.61625720822
117703.6548818092
117770.50943578492
117792.27145581873
117966.17314287456
117967.67588001434
117987.31905697602
118152.55422078603
118192.13129485428
118318.89272140662
118355.44621185424
118526.66510475276
118638.12175890684
118756.3830537262
118806.89844717366
118960.98079318223
119185.26678831081
119556.34079319834
119609.40849406802
119633.68201519584
119785.44968174977
119818.18154186025
119868.2491520788
120004.49767096687
120247.13558254979
120394.03556260795
120538.87187837574
120549.04906047405
120586.84298603762
120587.88447198307
120618.45718110514
120714.17867308934
120723.02445311987
120897.28231340696
121257.89774198766
121363.50609918073
121409.36359974762
121527.4980696968
121606.27371174483
121622.95698290414
121890.11716940856
121927.66684384132
122065.71769072057
122166.76353346405
122401.77072030815
122735.3466360259
122771.78484460543
122812.844039308
122882.41956575212
122929.60169518282
123186.42286434243
123225.52214839036
123320.035641494
123390.10055270692
123448.8223134016
123524.2057700227
123539.55917683366
123553.99751109631
123657.16268252759
123678.35573670798
123720.52201394655
123859.50433828068
123885.12275116573
123915.46465798997
123917.97968301966
124104.42754185606
124138.06099107485
124147.77780612928
124207.80788789349
124216.70502358198
124216.72783343177
124250.65272902242
124251.59395026948
124330.97989786274
124405.0578520628
124414.30897635275
124502.85434428317
124538.37497139421
124565.43103749328
124630.38458003527
124678.28645271927
124687.51725069742
124789.45781276107
124793.45873105925
124861.35413613095
124868.56762996418
124890.88116881764
124924.2377802527
125114.10490662458
125173.85517385637
125175.208945772
125186.55145476427
125306.31840902116
125346.25220485809
125375.48955974972
125379.57398510109
125384.70605563204
125492.87701584278
125524.42191261318
125527.94939032398
125595.54956431425
125647.16157242781
125653.05326784542
125668.5238303765
125755.4597239504
125795.44077958571
125804.18141928806
126029.73993576985
126035.1134657237
126043.68866623167
126142.51071889847
126145.51669355303
126345.94764661841
126381.48370547121
126432.6660903272
126436.96365793193
126499.84183398663
126549.94006212534
126571.61593516191
126718.4138419473
126757.48940984777
126858.98871876378
127020.23947471005
127027.73236196516
127027.84672161989
127223.51883975152
127378.68240177468
127454.23441672508
127470.63244027545
127555.80255243294
127626.5905984363
127674.3153981716
127746.98971658651
127781.65642909083
127789.91564973773
127791.32648056255
127803.74306712227
127870.50694696451
127953.93281704697
127965.5449200485
128153.22996214
128238.62914987458
128455.76291466432
128550.45961881813
128668.38788097838
128700.44426581581
128891.00550491543
129209.66674373687
129312.59739034399
129316.91007178045
129405.28808064286
129454.19632091846
129516.47294764958
129540.64192000874
129546.79190057187
129609.40805109413
129774.32471871475
129886.53648532985
129991.35213372388
130042.75635384812
130227.13808976716
130326.80319291787
130358.45554347453
130488.08612307484
130548.15886108376
130643.55401532933
130676.1654360873
130689.4323703832
130704.79802966173
130937.78661774393
131204.62925480903
131303.34677319232
131435.09697400295
131669.903688818
131752.9905783341
131850.11434821453
131912.69477262857
131984.4904059209
132028.93569171778
132158.19391557458
132326.60963141892
132517.68809089944
132584.07992841967
132646.72248128243
132705.53085205914
132717.0161846666
132738.46667479444
132834.1360024742
132853.45419346367
132977.46889393555
132980.5354315026
133170.8176304038
133267.76374954762
133287.7256495271
133318.9156577925
133337.37179551795
133391.71722229163
133637.42693795485
133689.47420900327
133724.07382108565
133773.16183401825
133816.60470856415
133875.49088945801
133942.7195976344
133952.8798994513
134066.1954711571
134083.26927363206
134155.84251716355
134368.39943897037
134402.88521060874
134459.903037591
134554.9106895292
134573.06257110805
134601.72412641736
134692.49837911324
134791.4021788555
134826.05825126375
134841.22249010167
134880.53520170168
134949.2857465597
135033.37959915135
135056.31006658933
135170.32075557645
135254.02108452714
135356.18791203687
135562.69396577327
135767.4348309092
135814.9752147717
135828.32014051458
136002.18000700415
136159.44549920605
136230.34272144592
136252.6046232285
136303.51882288873
136382.52599016484
136391.7362365897
136425.72395038942
136523.1291470635
136653.01414677122
137395.0980081353
137540.41426156857
138834.41610406095
138984.58106682784
139131.73029485578
139950.70767161608
140332.18315261923
141092.76441966358
141410.31712227443
142041.70537903212
142343.75169869687
142644.47917526175
143267.95782833494
144156.43489566838
144994.76281393613
145556.0201913091
146280.1641936042
146407.08084102982
146929.24285629543
146969.4786291911
147213.0512062762
147685.39302682562
147932.0839067768
149331.83736096398
149595.2451356591
149842.50957784365
149966.1057941312
150581.9488693952
150714.02118404885
151183.3502109758
151217.99038319945
151334.82785423845
151371.97355498618
151878.1928160995
152518.2701673383
152747.3109688745
153158.25442194025
153424.23308760935
153439.58056362625
153720.59851476565
154234.3898345553
154326.6901058412
154781.72183966573
154946.23672150803
155578.36565190757
156153.98189091275
156370.248844726
156834.21678376253
157829.10521556978
157832.6030837359
158243.27555634853
159520.71883306734
160073.47033283988
161307.907576823
162637.44801953115
162781.1611743067
163202.80772937986
164772.80380011495
166976.1616731417
168547.5746657746
168549.13842396857
169009.99491274613
170401.062286856
171874.64906285814
173622.9984112071
173680.49242559908
174608.39500634687
174777.92426888886
174827.44963676267
175095.98341650673
175111.52469385258
178049.5844480464
178958.25266893365
179063.29165172923
180214.31135752745
180216.11092291892
180219.08633170495
180220.5675614683
180222.76876986757
180230.00332069225
180231.59275580937
180233.69637996794
180235.43588206611
180236.77573983325
180254.05481007122
180255.03685297593
180255.52903512729
180256.05238433136
180259.70061046066
180260.1186740459
180264.86152714002
180265.95143924523
180272.98176041082
180274.33478886762
180276.52444944545
180279.213646298
180279.66306315188
180281.0699407597
180285.93542237877
180291.36246982196
180292.20668883296
180295.21763659007
180295.64783731822
180299.5012690532
180301.91923376685
180302.41749965923
180306.2522538139
180307.16872502607
180308.82738001106
180310.53811030943
180312.47593047607
180312.54853032195
180315.81355037296
180318.70353404648
180319.3239915887
180324.59686546135
180328.4759152939
180329.4788470175
180332.2145467849
180333.34339881904
180337.82473377645
180338.2322052687
180338.53051757033
180339.55667703642
180340.3879440162
180341.42154884918
180343.22626974533
180347.95885300264
180349.51332438935
180350.29339404867
180353.05476154014
180354.28524666312
180354.6101924717
180355.62740593086
180358.1328751163
180363.44040400296
180364.18397509912
180366.53085032175
180369.63947395698
180370.63147245088
180375.8187355523
180378.6030348922
180382.02767971993
180386.47332514712
180387.96087343412
180388.51373878247
180390.80664967408
180394.15641527768
180397.01149788572
180398.3597825452
180404.71005969838
180405.4918530412
180405.72788276523
180410.77781685468
180412.43755262494
180414.38349436547
180415.41488578895
180415.52019997805
180415.60819191032
180428.70219256455
180431.48574748627
180439.67886542837
180449.2567986923
180450.53313381886
180453.43456865512
180454.8453139585
180458.02071376634
180458.4428234264
180461.15245751225
180461.8982410439
180461.9938529946
180465.22081816068
180466.33507455437
180475.86931817498
180479.4617214277
180482.19358523854
180484.5629796218
180489.07620566894
180490.91104992368
180491.68637734122
180491.6995806871
180493.36918058147
180495.24306362512
180495.24961551468
180498.81236115692
180499.3004223326
180507.77736499213
180509.3905226719
180509.7262143748
180509.93867074687
180510.43470681994
180510.73371066092
180514.0245390322
180519.5671811934
180524.5175480777
180525.89150180496
180526.7487413613
180527.80801097836
180528.08718740306
180531.5393160685
180535.05499452795
180542.53121683895
180558.56759431688
180559.01264412527
180561.02717518754
180562.6149409451
180563.39608643236
180564.29413065594
180570.3073458965
180575.52395198785
180577.75875702125
180579.37924671324
180583.1356612076
180583.70948185286
180587.74082619624
180588.73555868954
180588.79631656467
180590.0886286153
180591.0502845344
180591.20850108156
180593.39430963996
180600.45036724492
180600.65135821013
180602.46321276878
180602.66142429152
180607.50235161194
180607.51213854246
180607.59305172233
180610.58482143146
180613.0259793509
180618.92405867865
180625.18185866295
180626.30064216783
180627.17198192203
180628.63276846244
180631.6188026092
180632.30055624899
180640.88144044013
180640.91236613825
180643.42424780375
180643.79579198392
180645.7096896657
180648.9703903245
180649.7730624856
180651.32401009445
180657.69697433442
180663.22220312932
180663.79599929674
180667.48360772006
180667.69905333672
180672.22493960624
180672.6964787676
180677.29418551896
180678.25054759262
180678.54716251005
180678.77045538338
180686.45845792635
180688.41508304654
180690.5921494589
180690.99370605228
180691.60211349983
180693.21682898558
180693.35224570567
180695.27878047773
180698.68375370905
180708.4281953562
180714.8467435853
180725.41350377566
180727.92817285348
180729.1729709153
180734.4615020891
180734.8813008832
180735.05257469323
180736.53567177657
180739.7976972298
180751.3848985302
180754.57800213748
180756.85133872434
180760.64518088783
180763.288087528
180765.4806782592
180766.3895249532
180770.19431658008
180774.74225326747
180774.88779229068
180775.3080354379
180775.48813920698
180776.30883286305
180781.31402730767
180782.05207109312
180786.14966876764
180788.17990656823
180791.3031628458
180793.62471052853
180794.61548409067
180795.45179786586
180798.28757000004
180802.86129636384
180803.2571370017
180805.90327853872
180809.14136467772
180810.51162162493
180810.8883909055
180812.8437331956
180814.70379474177
180815.41284458936
180816.8814926915
180822.52909796845
180825.7545797444
180826.48459982043
180828.13965898796
180829.41811374782
180830.3630317325
180837.73984304475
180838.32391221958
180839.09413933556
180839.50796188012
180845.5930367818
180850.4415599904
180852.23505977567
180854.7195917329
180857.2652337705
180859.98977414556
180860.77620593386
180861.08466323253
180861.62278382538
180862.24683837913
180862.28119082918
180870.72244970544
180870.88939424313
180873.4037633927
180878.40427929442
180879.10375128093
180879.46556798767
180884.60857387452
180885.14301556462
180886.69565817254
180888.70877105542
180893.1413620564
180895.35274935424
180896.26510816682
180896.54467731758
180898.0401562883
180902.2574719539
180906.7488913458
180908.4247454674
180908.5637537724
180912.67989683742
180914.38167874893
180914.70440273505
180914.89700623858
180919.89046956936
180920.03419873124
180923.21553252655
180926.88139434496
180929.50749107398
180932.57774667212
180933.3396409128
180935.89080727505
180939.28943373513
180940.96019419777
181231.86847707353
181296.67690766262
181328.80635841325
181376.99721594638
181445.5183274756
181489.341553343
181523.12503526467
181581.05564170796
181681.99438766358
181924.839288684
181946.15094174517
182299.0050035894
182347.20900690273
182357.84427436301
182474.90756589678
182531.86061857457
182562.80276784272
182607.4071388189
182643.6028035042
182680.25925411689
182680.86848742544
182745.44543601834
182782.36522092565
182825.43213895187
182919.64647812172
183026.17551846834
183026.30372836805
183070.73553460484
183082.3380665664
183136.2258189369
183151.92421975324
183173.12975771131
183213.4934759001
183214.60997649594
183216.2378767261
183312.64500685266
183329.01644312972
183342.83595427408
183346.7312558058
183353.95106738523
183372.05896594294
183384.23229711506
183389.14611041834
183429.4419976022
183432.9486262292
183463.47533683764
183481.23264666472
183565.82770359848
183567.94935275096
183652.15380867815
183681.7693696388
183769.54964292957
183779.87266289344
183832.70598125557
183846.5069725464
183901.50655088478
183969.57115646036
183991.9838813154
184118.20068703638
184268.54677287186
184300.89560365755
184308.7731180612
184316.94877837645
184365.46686162945
184406.4068737514
184413.99259816145
184500.62812205811
184507.48643003372
184517.077939235
184589.19291688522
184771.29617685557
184813.42177610227
184843.14805997786
184865.31168055712
184878.24713600456
185052.26909111332
185059.54100480943
185117.90821229565
185149.2131918332
185247.78889555068
185267.32218507837
185312.7440537596
185330.02948446103
185334.87969860373
185408.11048131998
185415.73078072412
185460.52103684985
185503.85026492632
185515.78284859686
185614.89034620946
185781.96100650457
185912.5846060035
185969.4413440612
185985.04768030837
186024.0882681907
186034.4661613948
186055.27647047926
186055.7806800554
186066.12545068024
186164.646371761
186208.07749075576
186221.71149490826
186231.4825131759
186238.28795021167
186259.3119931554
186269.00491105867
186322.11621917953
186374.09565192286
186384.63951470892
186390.00680907458
186442.80352896077
186453.68737748475
186567.24830998504
186821.6486061199
186887.1239969097
186937.905017293
186941.92833379834
187024.29404219633
187437.57125284386
187438.3733102184
187764.23275923412
188508.5631837738
188927.7538404156
188950.2342030951
188991.07760530667
189129.9521278553
189197.5367131593
189551.833087066
190015.77432003466
190382.849423422
190857.99019213722
190889.48322352406
191070.856799819
191233.79712935872
191235.81450087135
191297.50784934778
191318.5668421695
191846.29258698938
192333.4092334956
192389.26284655818
192536.3082336544
193123.9835121485
193270.92169024178
193469.24185105867
193676.03958804917
193947.40102799828
194080.15049877093
194219.75620778804
194448.723718853
194494.44530624163
194538.20630468248
194556.3133008048
194561.33256633973
194722.76513961394
194762.96015831083
194787.2200054497
194955.38213610108
195051.43581840582
195067.62272940218
195071.0652896131
195098.09707092983
195143.60807032336
195199.35938185127
195311.05955204964
195444.31263488732
195512.39969038748
195550.31335367748
195649.15497897562
195687.19386943543
195867.85672376468
195890.9045149287
195905.24034864994
196048.69783132718
196197.97499007982
196322.413520528
196346.2101321725
196511.82412295282
196582.59907529474
196602.66850510868
196629.45796095263
196898.74215576556
196922.9191837863
197038.0630558917
197076.84804893634
197233.66830423163
197261.56243375115
197287.63722207368
197363.0108009959
197761.2986371766
197781.53390902918
198064.27529499284
198091.1030119923
198135.50242254132
198177.46139531344
198290.69998659854
198467.07014869674
198537.36117749687
198630.72049223195
198665.638695988
198719.80438957477
198770.29515642195
198981.72261117533
199109.4717283186
199406.0980777832
199498.58792988054
199525.02419875524
199673.70692773085
199774.63227776502
199854.5470252927
200153.81429200922
200156.82851997198
200224.18926331063
200373.58967098172
200459.67995789682
200549.47990297247
200808.97732474862
200824.83675001148
200988.24769784583
200995.56772597347
201100.9819545438
201113.44652051586
201196.6316115323
201412.59271184215
201647.55989994193
202139.80580077184
202143.33326067755
202167.67364275263
202249.00861232012
202461.02127444826
202526.82089965185
202645.64194524835
202673.27512910042
202855.79908124357
202890.30433522456
203026.22656901038
203068.64991391348
203130.44698528785
203323.10409790365
203340.43319577415
203378.19765299917
203479.23726316748
203490.30720569773
203622.49338981544
203685.5955222447
203783.8883798335
203996.46383810212
204081.06989678618
204180.9513543575
204250.82869473207
204617.84207830028
204779.3365831104
204834.6960639822
204973.9377656763
205009.2263185921
205080.128171858
205094.11927432657
205181.84213670075
205284.9482177634
205350.57981875906
205397.59436603473
205460.99193404234
205650.71438509852
205750.77008162363
205970.7103100548
205993.31285569046
206044.1811349612
206131.40131304442
206174.6372901366
206477.89579312498
206513.96535154013
206631.3237162008
206636.26888585492
206651.98335466417
206687.93692485147
206712.34888040103
206913.23807412531
206934.6299785506
206970.2409092207
207000.53167360858
207035.35777403513
207455.0270918187
207474.72776148352
207583.9814037436
207611.86745672184
207698.79654535418
207763.1892401672
207981.80220402166
208215.75561259018
208252.85089765626
208282.15526788606
208417.547917585
208428.90318479255
208517.99058618306
208527.6946552515
208575.7757049459
208795.6081622501
208815.7570610948
209051.5510555993
209106.56615423062
209610.82949297375
209627.34117979967
209971.969340062
210261.00632103466
210298.84135412148
210318.9867894622
210336.94404232258
210369.56380284537
210445.77933229422
210483.84832320365
210540.5097097589
210620.72926844616
210720.20719284657
210737.56412320476
210816.9361794452
210873.54130293554
211040.68443982975
211236.33344372566
211267.98420592496
211353.04583684326
211425.6029998989
211497.82506741845
211540.80604303736
211574.19372069003
211578.75061741736
211592.5881161619
211722.92075854153
211747.91737228262
211753.90178947142
211816.43376691625
211890.0526097857
211934.94728636194
211956.19568908695
212020.67817830428
212207.41874707985
212327.0120724559
212345.5090501535
212398.03827507517
212518.69326439942
212533.6482821663
212572.0259801186
212668.14953818204
212692.00420439115
212717.08671716866
212728.9662747942
212747.7252996561
212754.3408652653
212773.73997354315
212862.3775046386
212931.16178534442
212987.00927307416
212993.83106802645
213035.31375022684
213060.82416777487
213123.35328607814
213149.94660540464
213182.36096015968
213337.8218241809
213438.16912147772
213473.37460394687
213499.46112256285
213596.759229002
213609.20366021045
213612.49330281938
213617.56839100062
213640.61186194568
213686.79448984886
213699.66321673157
213713.9818962811
213837.69891298717
213881.89105941492
213910.82337600936
213944.95665071806
213946.0729495701
214111.30276171924
214183.2287592595
214213.8880658121
214239.58033722983
214273.85023237235
214390.2074969401
214412.7027500366
214610.69847380166
214689.43525512173
214690.4504294113
214745.19368036345
215094.39888009173
215172.92276884723
215286.9402894488
215405.3717656318
215451.5025679883
215538.16529809686
215564.6656621963
215583.59700907263
215730.3523386209
215753.32879837218
215967.93139547118
215979.59980950295
216139.1089024269
216179.98165673672
216205.58989501058
216276.1802622343
216489.83206879688
216509.66065201553
216556.29756587505
216730.09207454094
216797.67100299668
216861.9932160605
216868.01068914527
216868.19673125574
217025.58657776014
217088.1828238846
217147.35013804975
217234.34016314632
217256.27067631693
217419.77065244218
217424.4692286133
217474.61409533693
217655.72711730798
217708.6465347467
217736.23464370501
217746.54256027783
217852.79985978393
218098.8260670977
218169.7550340693
218170.12643048304
218234.4373120883
218402.9127609789
218611.87122093685
218640.1411807357
218675.55900694814
218819.00667511942
218933.7494220775
218964.28746436085
218993.1540254754
219059.55213705296
219154.90027406646
219221.97576059506
219277.63038025956
219339.17135023055
219388.53583053994
219454.52451816085
219558.4340759873
219562.8242761985
219731.65680798172
219786.9683183261
219812.2686390517
219821.4585516547
219868.94222379907
219889.6630987226
219909.8809321739
219947.0902937022
219957.3910518017
219975.08506587934
219984.96320389232
220008.9365303907
220089.52903198657
220130.6442555022
220173.94089221553
220181.45386532805
220482.08528134134
221066.51905443144
221223.45466984986
221384.8900389581
221600.0496597993
221623.96875427506
221624.65804775438
221661.6623497996
221696.90170602893
221966.90707732938
222028.09323389965
222112.57800593978
222214.96332857924
222271.4527555206
222450.0534867857
222501.14325909462
222517.5401317296
222670.40248363963
222704.66639315488
222720.07059146967
222775.79298544372
222824.28306067962
223873.81675025108
224729.14232091335
225127.00535749702
225318.66379842267
225908.78042565318
227459.00962323064
227768.44528304157
228142.09751992804
228842.23280036828
229756.14711798553
229981.80748004664
230213.56966043584
230861.1227227743
231140.8155996594
231210.82479843165
231999.72134412773
232015.2948430688
232287.21433603385
232818.53358052304
233219.4167260433
233265.00441078484
233746.96393469675
234195.87826229006
234204.49634070264
236712.13380959956
237168.43660241613
237400.91144955292
237553.87384707498
238003.83333232725
238451.78789695026
238810.0220264388
238904.99054240444
239057.91056818725
239574.89798252203
239826.6597567504
240400.03221082914
241203.54534423066
241474.41369858675
242006.83631275262
243166.78051045275
243206.66305815498
243857.74661107996
244652.32806395233
246185.9870489835
246385.2130927432
246424.73354446975
247123.88258829617
247214.50944028347
247396.328510559
247670.881459982
248321.69789069163
249021.51680739393
249446.61872896153
249944.9229667686
250663.60612975666
252537.42772883095
254247.64347879234
254480.2108464211
256454.2609305208
257501.25977544696
258268.12913037353
258677.33309913025
259087.8036900706
