24.46521967295885
383.2841980209333
483.47458639536495
543.3058504974282
602.5842052836722
804.35980191407
823.486377339881
883.6374270572983
926.1356105153898
957.3256798920746
963.9571813186058
1084.1363706171994
1092.0294381373535
1100.9018549995237
1223.959896732487
1382.4962282853262
1382.6471315024748
1544.2504539358772
1603.0118093025646
1643.2932744610064
1804.5609167634368
2083.4724788925896
2124.1402684183527
2164.952138222579
2222.7580214122754
2544.0096201437177
2584.1165752401666
2644.8500103567785
2682.6436209080066
2683.517451465621
2803.5986371471695
2824.4594975357772
2944.305609789659
3043.148957171128
3221.4524855717273
3224.578868047389
3303.514790769496
3423.733812945176
3523.871444957688
3564.4638821611566
3593.459312572219
3603.627241527521
3704.518202431108
3904.662315340545
3923.1309703016923
3984.4529001980245
4048.645311606281
4064.03298037985
4125.3147926606425
4143.504149237513
4202.869201345814
4284.212035149726
4317.310092227991
4321.632981821665
4362.331265272152
4484.237213580686
4512.227532173798
4583.371614112696
4683.475176228423
4722.752874309541
4882.7388514977765
5024.418156659965
5038.09952734123
5044.949328863372
5123.160595803961
5124.148656045793
5163.14914193327
5184.212765799739
5184.342914112657
5262.373209293922
5364.634458338138
5410.86161256343
5463.849884320558
5564.7291465097705
5584.779822249825
5603.0236172483255
5623.853765048134
5693.414054682
5793.156777080898
5895.692116858913
5942.5448029949175
6124.503821218316
6198.014096796155
6303.279976729663
6332.540918618761
6342.823575990403
6376.752691165079
6465.074638744687
6504.742433924083
6563.442474840932
6642.297638328861
6782.86559382009
6803.858714135072
6823.3495600662945
6903.454900837663
6924.457882645723
6944.135681229441
6980.579295678421
6983.082470362338
7016.706087497782
7064.739817845566
7097.972082307681
7142.589595653996
7191.55258125601
7323.65331720492
7382.250619365523
7504.358157390872
7582.099048243948
7601.529060433611
7663.465610483237
7762.5669116902345
7923.04543750351
7944.890981780525
8022.654101151257
8064.018000978305
8084.597718259323
8138.871031977573
8204.62272861347
8244.813901373513
8263.408537864216
8279.379237596671
8342.371848690751
8463.767227325146
8503.714064221935
8517.729867618955
8538.407015492981
8562.201218183407
8704.72900078876
8764.048682178749
9004.459727653175
9245.490107756088
9289.762771198171
9324.123901981486
9344.80017241532
9386.622792957169
9544.691275320154
9605.385057763137
9762.96069097732
9764.468451811621
9803.135041147138
9884.006051061779
9922.325668132982
9932.23628067551
10066.283529970175
10193.445594457302
10382.84224609438
10395.488640333784
10483.56887226776
10484.560273593195
10541.267624017251
10543.902512541717
10583.211315726088
10664.402131313602
10740.775182560717
10765.297943542582
10843.805208919874
10847.265606767776
10864.82797619687
11004.264996581971
11084.26311106844
11102.433321482404
11182.689703273825
11196.003227630228
11204.921640855478
11235.909229457917
11263.795499828231
11344.15209025001
11465.035720310982
11503.904123216957
11508.845583208638
11541.8135275832
11562.918116522822
11604.037388003166
11604.417912348299
11623.95744151807
11630.035548755433
11677.869330578791
11733.940298800275
11743.148500006537
11783.139768093797
11794.905732955816
11864.451369534832
11883.76186471124
11956.800145804698
11983.030836421534
11983.53802932005
11984.232451574751
12064.062956957161
12067.926602060714
12081.593303317512
12342.564083721316
12343.575631454589
12409.097703769046
12465.077630743224
12483.589288390307
12483.960360671492
12584.059881701418
12612.190083708703
12687.727186504308
12844.696501450868
12863.673645944686
12952.216225921877
12983.451599023636
13003.726893598823
13010.250550755569
13023.340778769203
13063.605035719012
13162.242945837423
13323.063652992985
13357.749654632938
13464.267346109913
13502.94600603297
13543.446444494246
13653.62784083119
13684.021495813513
13723.79843321002
13764.829495286898
13883.979418428526
13924.935495031856
13943.344863497849
14179.344154470602
14202.89190289854
14243.156212133565
14265.437679269986
14283.224656095286
14362.639878104848
14393.83222138473
14396.337207060866
14448.456082047296
14545.067264452686
14628.431973500139
14683.78653123633
14703.923669728663
14729.336080347613
14758.28653418963
14762.963599645998
14823.079779533844
14861.42475068155
14906.832425663724
14945.070461164896
14962.603147995835
15123.261139572636
15218.482730540414
15283.02093243637
15288.88242194944
15382.651361215607
15504.096401122571
15518.35045096938
15559.627551461612
15582.856691142415
15602.695270990433
15656.74827171923
15724.344966983625
15883.939365820494
16023.049200342784
16198.61170762532
16263.110598627043
16603.206453569303
16613.924240440057
16803.44651887948
16854.156242852478
16944.08182950146
16963.882308513614
16982.719538478646
17162.29333969718
17265.542716979373
17283.677072109836
17284.241916017396
17324.004296784995
17464.739648979205
17465.713963904072
17484.14031730267
17484.197902841694
17603.606796671193
17619.06952666363
17662.226058322896
17922.223244806897
17930.09256216102
17985.608240086578
18224.579491533208
18244.561448059085
18262.429788234575
18401.738091528267
18479.761779552708
18502.903875656346
18684.187074697336
18763.056499527658
18764.301685947376
18963.817907574685
19183.626640126226
19203.20679230754
19203.40958172931
19232.409237594788
19454.62464383044
19503.564613095856
19518.500650964404
19535.062041700327
19603.53945838771
19705.715539461093
19731.48289644342
19819.76490883285
19824.179531231508
19882.754762347748
19889.778730703893
19898.939892173974
19964.68110223908
20024.650506040336
20044.273398364898
20184.070997316892
20204.132961496558
20222.07670696986
20262.57074202123
20364.209638042776
20378.657647516367
20404.27765398447
20458.04083311191
20514.280287849986
20542.597257662597
20596.575758677864
20650.562506966027
20744.527494380938
20758.055737379185
20796.70916056743
20883.49725871359
21003.536290228498
21004.790479952862
21059.812840465685
21083.52956803081
21089.030940513443
21103.887300022227
21131.597936753507
21170.526372321954
21208.96077535361
21237.672898681176
21383.302891595613
21432.96795587904
21465.17517045475
21490.773852038667
21506.032718088318
21561.90531157688
21563.821959732042
21565.92388410767
21583.025124048378
21596.286715437698
21677.336501832844
21808.37427849801
21835.48218864716
21884.612489910567
21950.62755540074
21964.244145055407
21993.924667460175
22003.076261415303
22043.123855174636
22084.098412517636
22154.23944881594
22191.805261449746
22297.99753435954
22366.376537504264
22420.216569845914
22423.933168746644
22456.16264745384
22541.143029324772
22544.83244692775
22563.4381605522
22564.309753892147
22583.951492387634
22584.071105032792
22601.28373552602
22643.810770962875
22689.728839707208
22704.133905248273
22784.093719141496
22842.77780791379
22844.04962366798
22866.688382235818
22880.45534605544
22906.6088365097
22908.287794109718
22942.376354362354
22983.983807374374
23086.69742308485
23091.626462869135
23152.071689075452
23222.656487512853
23258.336797097007
23301.399689797538
23423.949672650404
23479.00074254452
23549.906901011516
23572.307396152206
23663.03183501619
23703.37932521369
23782.816844053385
23962.379750927157
24014.500109868557
24020.36954640833
24058.554401697216
24112.543026793963
24164.457984944434
24282.742211773868
24293.468341195574
24301.626208930466
24322.793909211367
24322.960450540148
24348.747113617756
24357.799550545285
24384.339863445603
24415.805093470302
24523.240259501807
24611.023577387376
24677.061660147312
24762.803363348277
24803.35563422542
24815.06859418332
25045.090199152688
25083.22705773647
25083.517509168792
25124.43303561611
25127.971017057276
25149.53931417194
25163.967674316435
25184.048543283894
25200.990684859073
25293.05221530861
25295.28223257611
25332.375183255568
25396.631725322764
25531.046172062368
25583.421199587014
25739.31944875566
25804.18711833981
25843.12437152392
25883.566091752837
25887.645332291802
25904.393026403617
25943.788712993366
26024.383456837233
26030.969466511902
26038.02616980851
26039.11609538685
26126.024630980366
26138.852973669305
26150.002188088933
26185.600767451524
26187.890328780337
26223.124796956556
26223.845700105398
26303.229349216726
26444.127699869638
26444.286998178988
26553.844175175745
26563.0519539854
26602.69011510343
26705.119883862437
26724.54061647585
26745.64817013579
26863.43271350896
26875.14912241661
26964.9006095045
27143.702260946502
27304.141587697017
27403.438545375688
27404.017756152876
27623.526894187857
27721.6632519952
27823.115426293938
27823.44371969253
27885.298524602407
27962.414476434886
28225.140728124832
28383.931675302363
28387.80822571826
28424.950173136676
28463.089847908566
28604.286293223155
28651.53404380556
28741.107504396692
28747.08076277843
28806.256184864757
28851.20884390405
28864.336797152468
28942.48626807812
28943.60791147208
28963.72802526288
29037.27638841182
29124.14598092117
29302.300347988396
29363.89737917095
29623.907516791784
29635.221448847704
29682.837855493515
29704.082625009716
29862.08368350863
29964.425680980625
30024.095667654346
30090.835690420496
30104.239863833565
30123.784082907914
30143.72920919064
30144.026889076536
30283.419842697982
30402.262890789287
30442.66827388322
30444.09469434325
30462.014810864457
30551.717962441504
30583.442153227134
30583.486146362542
30663.56286213551
30708.85613634729
30923.054280136635
30923.30337686701
30923.745496961987
30929.561686603203
30979.346851497026
31005.440526958842
31044.207481551748
31105.329992089723
31183.784978678646
31223.36915870801
31263.65931612351
31343.90263300055
31404.035035245404
31443.65690813541
31462.630639610572
31464.555837963326
31464.938902313042
31583.261679325096
31768.92668261582
31824.116915543535
31824.8311692867
31903.45606206794
31903.914743224577
31923.26869749024
31944.032788616543
31962.649282613856
32004.501108954395
32082.502609303487
32084.158596916674
32143.146721767753
32176.97794908226
32263.638498045566
32283.286259295455
32463.634163157683
32502.549558557897
32622.67207961969
32624.705858071302
32722.75431745474
32943.39275494835
33043.20237229003
33163.837253884194
33205.56726252225
33263.86934642713
33304.53960663797
33325.5063104395
33370.441757413515
33484.03945747561
33502.993489480825
33504.02199722258
34083.89687355847
34283.95664015063
34303.47929087762
34405.702948858474
34482.16200333449
34484.59509606139
34500.56591606341
34602.428522171045
34604.97131775479
34743.58358439045
34823.89219766036
34848.19379073928
34963.12369609728
34984.79123806138
35083.92341685173
35124.65686323507
35184.319547678766
35303.70990433407
35323.9251443737
35444.23135061114
35530.99656724929
35542.190161292
35544.32068419008
35843.509681476564
35904.428411414
35921.935371378735
35943.325787427115
35963.80671065555
35984.494390200314
36076.54818845488
36284.056803645086
36284.5719999417
36342.710976800685
36383.33272103257
36543.989871913356
36703.29549009674
36724.14342229837
36724.98168587862
36962.34820795996
37064.38962017333
37104.2366265161
37104.31777764071
37145.42157482919
37162.998595714955
37202.56461556352
37277.85317299971
37442.6894962379
37483.933758304825
37491.82318446125
37501.67924534429
37523.31287979202
37624.41411295377
37782.53665309431
37803.14064816147
37823.07956610367
37824.416458949185
38103.98509583178
38183.253158820924
38197.853685086884
38222.643626228644
38224.20525221692
38224.21419930035
38239.50368592703
38242.82026859343
38251.72886787036
38253.52641228716
38266.33099701045
38302.577925784266
38303.192893736516
38308.8381711356
38312.336719250336
38314.62070701793
38325.211782003564
38341.19109877118
38342.317305883465
38353.3463365427
38358.9309213937
38365.13485587671
38373.98505689558
38375.69691697461
38378.86308536652
38383.54879579879
38416.60986132809
38418.92123851436
38420.693968488005
38430.30546502619
38433.20794367552
38440.82990150179
38447.926463726915
38496.39927626188
38497.19662149682
38503.56809976362
38515.75398676062
38516.19845482292
38525.66180111841
38526.98242441627
38529.622442717184
38531.1347559045
38532.40280537426
38537.86656506652
38538.533133720484
38542.54002865675
38545.84810032062
38546.14848542581
38552.77133231965
38554.40466975473
38557.40507573582
38558.1489882602
38574.70967291959
38576.71774659865
38577.871722094154
38583.82063991281
38587.85524434295
38612.452197031176
38617.65316988126
38629.67650125077
38648.698650765575
38650.20082402408
38652.97329475791
38664.41962957762
38671.996162328636
38673.55000835338
38681.29233640253
38683.24776753746
38684.005274226685
38685.545602203645
38688.62376872903
38692.76923305286
38702.67941667065
38711.24785361044
38726.98767221225
38736.36692308178
38744.211532851434
38745.05449454015
38753.36410146247
38759.01033233603
38771.23912985765
38772.33601004521
38785.40805843996
38791.827801753774
38793.68095262086
38795.04506085468
38798.089163682554
38810.49160782663
38824.241983202905
38829.64030259486
38836.452549331145
38841.553833727165
38843.75374106853
38846.95657870438
38854.09673592266
38857.75493072498
38858.50921326781
38859.185919312455
38870.09631216716
38873.99490171177
38880.245337415945
38883.199855600724
38891.43487100479
38892.5634044327
38894.81088391463
38901.8564865603
38908.216403328675
38914.47915455828
38927.13422050305
38927.5680027386
38937.05689819242
38940.650561370196
38957.84389606076
38959.54826955521
38965.073404302515
38974.77643372943
38984.138964480546
38984.182661333245
38992.314313806564
39003.31290170392
39011.2413752585
39023.10704196285
39029.932074710516
39041.95344281025
39044.28994078772
39072.60203348381
39073.51818628223
39079.066847622824
39083.56201847656
39083.99730186207
39085.650253838234
39086.007413130144
39097.18090772804
39103.32039092573
39114.29316502348
39117.446190650226
39119.14761621641
39127.541448977994
39128.26980117239
39148.50055039519
39148.66177568968
39152.651057957984
39162.90607224443
39172.40369743302
39187.572724498015
39197.99066846704
39209.97335546552
39216.500630689006
39232.08772561054
39245.8852922363
39265.83583100018
39274.42832048487
39277.675046008226
39283.63754731113
39291.4488465866
39292.25143082363
39303.86961147231
39306.457200641344
39335.0231832934
39345.027607746626
39351.19621036971
39360.79930146409
39363.55036292848
39371.450190254225
39375.693823550384
39383.138749591395
39386.95680770913
39391.47662371452
39392.07960979773
39402.32254972982
39413.668923896796
39421.03590742924
39432.07926057765
39435.068968783045
39443.29098884743
39450.560758247935
39454.28888925258
39454.58513508041
39455.103638144305
39481.230222341095
39495.677561437726
39502.24494278873
39509.68350780877
39519.33821236615
39526.79114620848
39547.103831161534
39556.65364664069
39570.237388118614
39573.26392636771
39582.03778203312
39599.90747361466
39612.841343524444
39613.580920690874
39618.29176168719
39625.25474750358
39629.28339416356
39632.26263547541
39635.43060724903
39636.897984993826
39657.44840246078
39660.51950948536
39677.63728717494
39681.14340267328
39697.49712388489
39703.37095434359
39704.95097675881
39706.230310650964
39710.81718252589
39720.27162551532
39722.90712236754
39726.88883984404
39728.61239667674
39737.76411176698
39743.28713267487
39757.942916625856
39759.234264282415
39760.02557001205
39766.77550991252
39766.88586083538
39768.50965621091
39770.958801713015
39773.98817121148
39774.94497813424
39778.90850606511
39784.24302415447
39791.93208942837
39802.92225752933
39824.21669743976
39827.06394770789
39829.96768741607
39830.50133002851
39833.4657544239
39840.410982296344
39849.833950873886
39921.765738001464
39922.36598664306
40004.099258584494
40302.267855553706
40383.43111382232
40402.855523736944
40404.25038173142
40624.674729633596
40665.02781940053
40743.482158821185
40903.081167519354
40924.477420958334
41165.07221147582
41203.84791684485
41223.03290301663
41324.22476975049
41364.00606704527
41403.870345059644
41422.45299680663
41743.83475126262
41903.93919264064
41985.08299122312
42013.77975848546
42100.713223643266
42202.39662869184
42382.78632894788
42553.846460199355
42604.49222843565
42624.49133814922
42724.162727174196
42863.918961549294
43244.18809324413
43422.38780359023
43600.31656957853
43604.68926003089
43639.50021947107
43703.71770280349
43709.82630507545
43828.916011019246
43984.234033658424
44023.73048117986
44184.254756870425
44242.51788890072
44243.67163005354
44302.188540385614
44386.16875164186
44464.007003379105
44864.074227965946
44883.86377119362
44903.260198782154
44904.84368931585
44964.669276237735
44983.263626691114
45000.57857536452
45168.88475301176
45343.81384802197
45379.76225333442
45384.44519387421
45543.31349380077
45763.82671863662
45962.98999786692
45963.41380865014
46003.04618754471
46062.72044860323
46423.36558364784
46502.408794975534
46544.57979336622
46604.56201090619
46623.76195664134
46700.38704999923
46862.607430628836
46931.261421172625
46981.72055920038
47004.12932715866
47063.46036062788
47143.12498103223
47163.7418970031
47303.03235615147
47383.69050538265
47419.34920312219
47463.287533675975
47505.195850757475
47523.94750254911
47623.29023104453
47722.83412616225
47723.57602932128
47744.76377040064
47799.97508562199
47803.58615316223
47903.8112788281
47924.17862457083
48043.96189293936
48064.251201095816
48143.52220063676
48363.58043339937
48484.03374057127
48502.99081172935
48505.04552804418
48544.703692103365
48621.563455403055
48823.259408811224
48823.44907081149
48983.901190878925
49064.265073710136
49103.572912580086
49384.28579457053
49444.78304692431
49543.27647296875
49723.48982062065
49723.94800251383
49783.51253301293
49804.05140071519
50083.13133017961
50104.210588440204
50144.403040974365
50163.384009757894
50324.194535680865
50353.48089865037
50464.15922176841
50724.131216091664
50743.92005531524
50787.65037317014
50802.602736134824
50843.47095395065
51094.35989523314
51123.77972468725
51234.14512353141
51342.07305734732
51483.68595436346
51483.99344618049
51502.69901954064
51544.007319101554
51628.78979704839
51644.11760527376
51676.278151137085
51704.990143375886
51723.7698808394
52070.87492762099
52163.40869934018
52223.84091810159
52238.73124205409
52583.71286553083
52662.257786238195
52763.83926616655
52784.54363384643
52804.24415635138
52864.28339684261
52882.89562682596
53022.83247878532
53143.439596839424
53284.0239533831
53323.343219231334
53395.250889413124
53404.61831896832
53436.34878834406
53503.1281938773
53578.78155805067
53624.30196752012
53684.54004278948
53703.80432625215
53864.01067802523
53921.68318403632
53943.47640415496
53984.43569536184
54023.530900343816
54224.66618403642
54324.876239876634
54483.678394587674
54506.38592731983
54563.32717225729
54801.9095727192
54804.446563882135
54805.38253203004
54863.74210085481
54872.34961614459
54965.32720116656
55443.803596096666
55444.01966796418
55456.84897140359
55503.12606248086
55543.71990441554
55583.45408555283
55602.881023394235
55605.73953522926
55644.208807274365
55711.45278899935
55721.69561543928
55723.9819402639
55728.106950763795
55734.31676362174
55784.27595793244
55822.34838374354
55823.85683936338
55855.26090635565
55862.54124369196
55884.94959764
55902.81740321277
55917.49698943601
55927.93065688024
55929.00860190128
55940.534754815286
55945.34412944371
55948.10939575858
55958.07527756681
55966.92730995831
55969.36863438201
55971.36186643096
55979.96200240431
55983.728951328645
55984.322989960354
56003.89885100923
56005.58706407671
56021.30201306695
56034.987863204144
56040.41671850719
56041.53926476249
56063.67342174639
56073.96979601339
56090.06694718025
56094.1445872563
56102.54514992165
56102.67223871336
56132.602093319576
56134.55421447376
56142.21683382533
56149.45735257223
56155.228130287585
56164.39199513237
56173.452300289704
56174.68368092847
56177.439822166765
56179.39843292231
56186.88953118708
56194.371816701605
56201.147561140664
56207.363667948724
56209.40427623687
56213.449976542404
56218.500358193174
56226.09551185121
56238.83336984671
56244.05529727386
56248.46787488295
56251.475422118005
56320.19873284989
56325.108905450215
56335.88289958864
56343.24287806305
56344.664543677696
56370.6795899252
56376.93406639306
56380.71169753847
56425.96027091647
56444.27170209612
56462.84727227049
56476.97808877509
56478.42843210815
56490.753859175886
56498.91366680327
56526.977402900135
56527.95061481599
56533.37913581566
56546.92791419486
56550.673930161654
56582.860252057435
56584.60547452975
56589.149899835276
56630.95468791911
56642.440694084326
56687.79178079906
56693.98255052758
56707.71778121911
56719.15711983654
56726.2632399055
56726.90924036806
56728.212787836055
56734.42815658567
56743.79541004274
56758.29652484614
56771.22233779325
56771.68790252124
56794.69983229025
56824.84189324637
56830.300696445134
56859.01156178458
56868.62364662236
56869.50364561255
56890.34336593495
56897.82964538334
56903.61683149731
56909.88755722754
56912.15126741348
56943.07225403264
56959.43268069464
56968.42813376929
56970.32598395793
56971.26182532974
56971.45715108675
56974.3254817557
56975.930343524764
56984.04071605653
56991.04771973181
57010.992791126475
57015.38084540555
57020.36951183828
57022.586684972484
57024.47360457998
57029.689982806485
57035.07783393123
57043.3120646543
57054.54907013994
57059.20718743896
57086.36163911933
57112.42660876697
57122.60864820163
57126.97368596982
57132.42579861672
57136.46066463085
57148.93709948771
57152.66435483039
57176.01938382891
57178.07258429401
57201.56416939785
57205.40109146554
57225.07897773388
57231.17167101798
57274.959176963275
57289.1886882497
57349.642265791896
57356.379990044145
57368.1484274294
57381.51377941849
57386.041170495846
57393.01567622934
57397.14370702789
57399.145552565984
57410.9793679331
57423.69267771032
57428.80492337649
57443.43694151229
57481.335394448164
57492.21607427325
57502.72226632044
57508.66282170531
57524.61987109012
57531.94998144639
57536.00311694818
57549.3333534265
57552.90059644581
57560.492314304385
57562.68693468223
57565.68542994082
57586.14964008231
57594.93847236545
57621.27506005907
57624.85557926619
57640.343978828394
57648.76275087576
57666.56094314316
57696.796459270285
57698.8872202493
57747.65690036667
57747.762868338024
57748.56603645962
57748.62964206961
57749.51507157672
57751.82482494267
57752.15005580711
57752.78969118843
57754.00973292323
57755.162438987645
57755.54909912466
57756.49364077038
57757.56315328668
57758.97851745495
57759.17706851733
57759.516155452606
57760.403284946384
57760.661177900874
57760.791330044114
57761.1332747841
57762.76105996664
57762.860439250675
57763.03365878481
57763.16401057974
57763.18106709502
57763.24855128357
57763.25981517032
57763.61116128568
57765.11112988453
57765.190413894394
57765.66376728956
57766.26765334419
57767.16384583402
57767.22436070827
57767.72841661791
57767.89939492769
57770.07295049321
57770.174879839986
57770.21180121081
57770.730037773224
57770.92642965904
57771.539575271185
57771.76352344453
57772.30548963376
57772.66676839301
57772.86652308695
57772.86795670068
57773.51254119343
57774.229413509405
57774.800774076255
57775.01325330559
57775.01734407993
57775.25419903514
57776.01672048026
57777.05826540081
57777.66733758839
57777.79590026999
57777.89103887601
57777.96741603841
57778.59361205888
57779.23907537276
57780.065878628266
57780.9292742193
57781.53158301847
57782.338333344625
57782.80227837045
57783.34186534368
57783.58467618491
57783.87503085047
57783.909906427274
57784.02006417888
57784.04217276569
57784.55595156288
57785.86727485384
57786.28368991156
57787.36920040818
57788.61560855579
57789.07888756194
57790.82765076508
57791.616621473746
57791.68640840011
57793.10796570523
57793.125616612124
57793.64346116721
57793.931977059416
57795.7675344264
57796.063921036504
57796.28373044995
57797.740210564
57798.29062808881
57799.975045449355
57800.27260448696
57800.33418798689
57800.77006091373
57801.25727543212
57801.71844876975
57801.93856283995
57802.20913638068
57802.99558392076
57803.20174124737
57803.6370600068
57803.83471070011
57804.48081727822
57805.156823172336
57805.25912854743
57805.32171043095
57805.349115488796
57805.53053900557
57806.59640736162
57806.616192512294
57807.595480290736
57807.94451380313
57808.63610881836
57809.34901407169
57809.8094758547
57810.02182192599
57810.04184202552
57810.36071590204
57811.813703421474
57813.227853663535
57814.466743974466
57817.559672201234
57817.80899125825
57817.88489177292
57818.15648352305
57818.3395015545
57819.021517818175
57819.06889243192
57819.991442079896
57820.29626436763
57820.653987181286
57821.505618380295
57821.576432876514
57821.99848716073
57822.12212816647
57822.7344924105
57822.86889207782
57833.28306575923
57861.1740575115
58031.33243671049
58066.59284595047
58084.35260016686
58123.80342750991
58133.67614592397
58164.336458400096
58223.89057389595
58284.53280542841
58304.35259725951
58324.213742445936
58343.55963049483
58363.03752805679
58384.68620182514
58504.41663757656
58522.107181003164
58527.10951474477
58549.9900456079
58564.09148076962
58575.50416236845
58651.81200105305
58663.471156057945
58803.90717976319
58864.10431758281
59124.43653294298
59224.36240682611
59263.42737167782
59304.40271444775
59343.57328064485
59461.29743156557
59463.39321818639
59542.808391344035
59703.51230880451
59763.20816584
59782.92376529605
59844.62322923107
59944.08877371481
59951.82724131043
59984.608712065994
60183.202282224134
60356.03138336033
60363.41540502023
60581.705237820766
60662.742973488486
60704.44802185149
60723.394514087035
60723.496355814794
60744.1400365962
60744.33671964162
60844.03452902605
60863.472485419006
60908.458931424226
60983.36361664616
61042.062570134476
61043.342473176526
61102.16002202726
61137.40668345898
61183.374338169866
61304.36536953822
61383.99284174729
61503.880927423976
61526.04829912763
61654.4536385317
61662.81600977458
61664.58315161756
61682.527265928555
61785.49512232182
61823.905754776984
61845.297394132176
61925.16794257087
62064.08470760824
62264.15020682117
62319.475309698406
62337.67328642562
62402.404852200765
62403.48251450632
62504.2284376443
62506.23529505406
62523.12298045341
62683.0923151061
62683.8696272214
62760.10262314341
62884.358870470794
62984.04034337717
63075.39873342641
63123.29800563731
63143.721466261544
63212.12418600318
63264.29687949283
63323.52135389063
63340.575823083134
63342.77189033572
63574.88913005778
63603.6629292489
63637.857847111765
63764.85441065332
63803.24485621629
63803.85153366277
63845.02749720269
63862.464987066785
63878.35402341846
64020.86739098822
64023.79243498342
64076.548092354315
64103.805032813034
64224.99287980978
64823.83053314513
65044.158316864894
65045.03501032683
65123.528647282554
65145.139402110784
65305.16523835495
65522.80231468482
66122.8070946362
66343.37997856863
66382.63970137897
66484.9358908338
66663.30697415027
66783.18581744492
66903.6932185073
66984.15754845024
67063.82536269704
67263.92415964387
67383.48224737134
67665.07736610931
67865.0840158008
67903.67424928208
67904.10222486597
67925.21876477126
67984.6597703548
68104.1899489578
68238.7317586769
68242.463256254
68462.18634691653
68564.45191641101
68682.19825431117
68783.66813911642
69023.61204727787
69063.60560811519
69322.96808700087
69343.5103846389
69484.54934999853
69665.15709016603
69684.50237957471
69763.3253666807
69779.18918125499
69782.97120938647
69825.37853506766
69863.62346650948
69905.3921911167
69942.52550004746
69984.06182575529
70002.64286092483
70024.6133837796
70043.4885586434
70183.8731238536
70303.1043182624
70324.17729714369
70384.45230069447
70523.96685607069
70584.77798818365
70603.82904095716
70643.68513718534
70703.58576834906
70763.77174232117
70816.93913415838
71203.01446186345
71203.58609532338
71207.46693375566
71263.90446876531
71522.83309319157
71602.78522152315
71603.16512777381
71783.4336588183
71864.73570121179
71906.11153474497
72039.01008821295
72043.03578650639
72225.65315782973
72243.29679783926
72283.95512644663
72323.72813798866
72364.17156790366
72583.60703351811
72712.5984796941
72984.97102272988
73483.584277539
73664.48921520608
73803.24492627004
74064.27518816941
74244.29535950269
74364.16860444545
74503.73369859732
74563.8457176152
74564.24373406541
74625.24771922364
74683.82863227213
74844.47910388834
74943.38842869538
74944.79673586845
74963.68877039012
75004.22590482597
75004.77474347159
75202.85798509378
75383.68172263424
75684.2957625417
75963.84499375404
76064.05451278471
76064.95174180383
76284.43991761997
76383.24874290239
76443.19274039117
76503.5523236711
76524.1352207739
76624.6046099119
76922.78695322077
76964.39511180748
77023.82812576216
77203.71659979312
77444.8355846445
77484.0855044838
77543.41771243006
77603.6180261615
77603.85108842075
77723.2109306924
77724.34310825107
77782.96351618833
77823.93725187611
78083.47791705866
78144.70228498522
78369.86709284077
78444.25390457401
78524.62281359667
78584.36119902955
78684.76549420846
78724.08859474242
78743.33277409688
78983.51911749195
79104.06357310014
79243.76882310878
79263.90341806842
79304.25269436747
79344.55612878563
79364.85934759204
79623.85044204588
79723.28488033437
79824.12090507611
79924.12117129363
80004.81760486796
80063.8090009733
80103.55370180598
80123.7534309498
80303.54988744842
80384.08950669949
80402.58835021233
80522.4235458244
80543.52311002217
80566.25589882275
80643.85822642798
80683.28656314703
80743.59461436748
80904.08096356562
81043.74127983645
81362.99377614741
81524.28593773207
81563.7673416552
81682.72950796828
82004.77985067923
82103.12411220322
82143.61654669704
82163.75511541229
82343.83147290157
82503.69391979284
82604.5265321509
82624.02872246718
82723.91574945023
82784.11493334138
82884.98087017017
82945.02284212691
82964.0677252242
83021.9286590724
83103.20404884881
83162.4562116052
83163.24817333379
83223.98602540405
83643.83591421961
83664.80977528427
84043.8585084773
84263.05915676405
84463.40355086772
84464.08800365194
84524.25536293496
84603.42635273555
84743.60202065663
84843.25135523791
84861.94062599464
84923.58901149481
84944.36476418003
85063.62180676538
85122.93758180889
85364.52391897104
85423.32908242766
85424.23201903646
85503.91660500116
85504.75067032772
85563.1223381535
85585.0019769527
85604.08143978543
85703.01721241641
85703.25519461566
85725.34882288855
85743.86647013789
85782.71586330657
85843.47927985011
85864.31056440617
85903.03701654202
86162.57715476898
86224.79380453024
86285.62654775775
86523.28180002795
86583.37290566215
86603.06771681197
86621.69950406974
86643.43331599896
86703.57721094534
86723.63549445191
86804.27875639021
86942.92266476614
86964.55900986175
87083.01711595443
87183.52707652678
87325.4620003847
87603.84297074338
87604.7391802234
87643.1800080336
87783.96707260858
87803.2268651214
87923.34726591237
87923.67239488235
87983.27052041957
88023.63634616722
88062.8426477599
88131.24667016583
88211.49130442919
88223.37512205834
88223.70062030769
88243.5766435222
88264.05308299507
88443.69207268002
88549.1621644894
88601.65994207138
88643.48994634813
88683.19683979795
88943.90655051066
88964.56572891735
89002.96176934251
89124.19117315357
89144.14729970363
89144.5162408699
89202.86798108114
89764.38293764331
89784.12529702301
89843.23915126527
89863.29429487363
89883.51504965789
89883.73505750792
89963.62543431089
90045.54491231387
90064.40735794322
90164.99223779853
90302.70324172522
90543.77713714208
90673.32325405175
90765.57923044584
90803.90423792644
90874.75515116706
91030.23970267028
91144.46438705588
91175.99315525469
91183.02007470628
91211.38928123606
91242.97968568244
91503.24594576359
91640.9305621633
91663.73820428259
91744.69079206079
91764.38216488452
91783.50667883766
91823.55687706893
91883.6449470339
91964.07254978351
92023.97172423213
92122.25165792162
92184.37887746262
92262.64321863292
92302.53481382751
92370.9613977357
92444.10827793043
92521.50396772094
92542.48798381488
92622.82563145127
92803.43508999681
92824.41994224399
92845.08492898243
92944.53863696838
92953.51563050182
92964.22309046239
92975.53164840885
93021.99828179122
93048.25132837729
93104.02859159927
93212.44781193294
93280.44715902748
93404.31167717106
93415.92070584498
93483.89754381336
93603.85843233741
93623.55285763794
93702.89784143068
93719.07410428097
93723.25296578673
93763.74370237693
93813.6957499951
93839.54185882176
93905.1091887016
93922.67029759542
93923.25684897802
94023.75035804337
94122.53810744894
94137.93342690884
94143.30327570402
94144.3307373769
94243.06873784303
94262.03323508667
94403.5611878534
94474.25467982121
94644.55492330255
94662.57156386312
94763.07420033314
94931.86233584087
94943.19755165979
95014.61487312971
95025.68007066163
95144.49594405053
95158.85651272847
95327.09160047444
95344.57647934495
95543.22352313093
95593.02109415656
95603.40426798194
95604.5389487959
95663.45089534095
95736.67630562601
95791.37229605792
95803.85290677761
95803.9337900919
95865.17081636823
95923.12212907676
95944.28764247452
95947.94833631988
96112.47962590403
96123.26337079555
96212.86663428551
96243.69940301495
96264.92265127301
96277.77458806337
96335.74556270226
96344.68831022407
96390.73718311888
96503.61512214296
96623.30624024474
96623.743661052
96623.79341179157
96663.44469856149
96683.57829272244
96709.05540070526
96764.0830388717
96843.75770991732
96874.06279590339
96922.81794293644
96944.03423456624
97123.74837365949
97123.84594508719
97162.78676669067
97261.77942390722
97324.07388746945
97324.41567865148
97403.31313201641
97443.58176898272
97541.98639207125
97583.29558302306
97586.23977660185
97743.30858056799
97845.16839901594
97924.08015779888
97924.34995128924
98024.16503199373
98062.37802501679
98063.63490064729
98146.47980263861
98213.0620932728
98243.41444452976
98323.53272919061
98489.53104387652
98641.99298536943
98684.84857489166
98684.88350958549
98723.41529108811
98726.10969400125
98784.27095832783
98865.13401343786
98917.89952723972
98970.11328602776
99102.91529416025
99124.15060985695
99206.90872311342
99206.96997318526
99227.87199530833
99302.5453952302
99383.7687055905
99423.55604368057
99683.83721482572
99723.23678858881
99764.5218628718
99943.46811184216
100063.64827423649
100103.72803560155
100143.08509777597
100184.96046723553
100233.64977246225
100244.28378924311
100302.3900588413
100304.12919791012
100383.34400705532
100443.3766746185
100463.61945127645
100467.92552405901
100523.47255931458
100644.2861749108
100684.52716325728
100704.9210567484
100852.79261974811
100923.08226579259
100983.77127268261
100990.28394915798
101079.38152395292
101130.97718304295
101140.75060729061
101211.69733883496
101382.71527046693
101403.8810432561
101518.18422918061
101539.10129611843
101563.00889148474
101610.67535361488
101663.15875909776
101666.39280483409
101716.93389148342
101732.22855136033
101823.65549029905
101836.99008432214
101842.84858587134
101864.76313406994
101905.8453674194
101944.31356698947
102062.55578020762
102085.22410774499
102144.1794170105
102244.16766369891
102387.8404303714
102548.35063555947
102603.7062464211
102684.51072733907
102765.14563602924
102883.09359856362
102923.83750902177
103022.69343830249
103083.10276423799
103176.45894693639
103181.99696994602
103245.91174305849
103263.45606451001
103324.62149334162
103384.17155281267
103388.53797248093
103403.93206113286
103589.19820652127
103603.4225678535
103610.07642757532
103623.04420820659
103642.862683818
103682.51917382368
103691.32910814467
103742.2937503436
103763.25947921126
103783.8795403187
103818.93832792548
103864.34782383789
103869.87583497826
104002.82047969634
104040.52290426739
104123.5370336277
104131.34927796271
104183.12637831722
104403.93546201376
104489.95370388217
104602.89557077704
104724.69304153694
104768.01567172338
104892.7728669546
105003.09740881085
105004.06814971054
105082.95125341405
105103.7344711997
105141.6784780779
105143.4337329555
105165.35894906968
105327.74046163214
105410.33506393393
105422.87746279559
105443.954097094
105502.54127768414
105544.325676768
105584.35517862573
105641.81122605657
105703.54683121179
105763.41863910691
105787.22977215724
105883.38498251658
105883.604137001
106002.90347699597
106204.00628455005
106265.52305591885
106362.4162705369
106364.19007665015
106383.99023362806
106524.04664500471
106543.95206229956
106565.23210265547
106565.80028952741
106643.6126380829
106665.0073098042
106833.35749224492
106904.2604851237
106923.32047572499
106963.2092496348
107003.00732063585
107145.38196240386
107195.20216324674
107210.0748640996
107215.64985999819
107244.8323337493
107254.85611544724
107274.98838196025
107302.90641236084
107324.66320325926
107343.20996862951
107411.95086142582
107420.29561482498
107465.94016989494
107503.58484515086
107530.46517738832
107570.7442598819
107645.45920756953
107685.02111814039
107686.57507014247
107720.09616870077
107743.49411932979
107783.88651035594
107823.01378931645
107881.92410272089
107909.06463672922
107983.39738738938
108004.82540889466
108103.25219024859
108123.76221757408
108131.29965235895
108133.96149644487
108141.27323455283
108162.5629355318
108183.19096222689
108192.377460113
108204.47671746546
108303.33323910972
108304.417681725
108304.42896190187
108393.52881697395
108403.74067377512
108419.30119203143
108439.42894590997
108464.89249299129
108483.51443807493
108488.64109726553
108493.26131537626
108642.96994992683
108649.51300451746
108659.0311224296
108683.14510003562
108724.80914840687
108742.88003990093
108776.67068170727
108823.47279555925
108861.65395381447
108904.36638636206
108923.91452764056
108935.218445343
108995.82743439864
109019.00970701086
109055.28981121862
109062.85656003527
109084.71236420312
109123.8795479258
109214.19793693323
109247.32739732777
109284.96301667692
109320.63127833795
109324.21056694018
109403.71879804181
109423.77523181679
109734.756611086
109803.78269302245
109952.70396413523
109964.23278453221
110029.11124620074
110037.12474405533
110188.5433906439
110247.55736296487
110299.6423885932
110316.67315469625
110344.49209381995
110388.14157946662
110441.43015154537
110473.85929784967
110484.624171141
110530.64499857847
110537.44098648813
110626.51419788075
110639.57944544542
110722.46523495525
110744.63674357292
110776.62293946663
110845.23342429951
110863.37236481921
110890.84140535453
110963.92071676292
110975.92721089249
110996.41828362469
111038.31411715489
111041.32183786806
111073.73207069874
111129.64259743401
111254.6506820404
111384.7837141796
111421.01103048134
111503.09012004096
111565.84248117555
111578.24156468842
111623.02232269847
111666.73846623886
111682.15773958716
111722.10367427897
111831.9765556729
111933.46113224784
111967.9364569023
111980.87089915648
111982.60714088786
112002.98915024425
112022.90768343818
112043.2919742044
112063.59283192878
112202.30849522757
112244.40019133725
112303.64938732644
112403.9840079611
112541.70541704404
112572.13600460174
112588.40457458263
112667.89998451121
112727.97712929842
112743.07906666202
112743.85921347621
112824.29735602268
112844.82219769788
112897.93921256853
113175.46172194174
113263.70721529299
113340.60031291701
113363.8481964344
113384.2603353823
113461.5801876656
113523.94718333935
113533.20247988717
113641.18984682678
113651.53020787786
113662.34445622923
113669.41153610167
113737.95092066466
113805.42900104127
113857.38429666829
113963.5137444461
114043.50833163761
114062.97246773956
114084.48192778541
114085.53946044814
114102.81798679335
114104.9452439307
114124.18658783316
114157.46985097337
114183.2057420019
114322.72808166489
114343.65614095451
114403.96597683069
114463.70116513995
114483.55191649985
114504.13883525238
114585.37598011507
114664.03550833488
114726.45278588115
114844.51207092451
114873.88434252456
114908.47414188544
114923.40278698414
114944.68065549221
114963.61610951541
115169.7467612973
115245.83345762927
115295.34716056843
115363.65452960765
115444.94894086217
115451.72222415128
115504.4843250443
115702.59783838053
115723.88535667243
115783.81282266643
115793.25314998778
116083.07967086215
116143.5583116057
116344.24456053444
116543.72922288241
116663.42564436319
116682.68361050679
116684.13826022675
116884.45526140736
117160.7709179901
117322.56703334152
117323.30563348331
117502.81474224331
117902.63789993801
117904.33500545601
118010.50271619961
118144.09481335
118264.55920422103
118504.25514708592
119062.36448634621
119602.02944588813
119622.65296154653
119803.29609874236
119863.05104878845
120065.76827642597
120367.46720529842
120405.93762637096
120483.1756314802
120503.75816834663
120543.8959560431
120783.23683902832
120802.89370057263
120883.89842088455
120985.02315929646
121003.84882402084
121028.15484873482
121143.59251669204
121283.36617854904
121304.49657648592
121400.27615555917
121463.82481336204
121522.90346580258
121524.06048776455
121563.61962914772
121703.78689081068
121744.51644647423
121902.8340165767
122104.01707120184
122122.18513625082
122122.77140601639
122163.41438879957
122255.63745789426
122263.71640844976
122423.77993037025
122443.58998554062
122523.596073576
122604.4716217918
122785.49989509032
122843.55872466053
122944.55282822344
123042.96314297154
123044.17202481907
123404.06919788617
123442.39369078516
123723.97637473214
123742.63226831508
123843.7912574085
123904.06613335627
123984.3058304268
124062.6745104422
124102.62889047622
124103.07719918327
124104.41714326442
124109.32352891391
124183.9598909525
124243.21858489195
124383.60483526238
124431.782979702
124523.01282343525
124624.38862786617
124625.61732524684
124631.62000998994
124636.05393827113
124640.26010283137
124643.11618539116
124644.5190331166
124647.97852069195
124677.7346364923
124692.01075785371
124698.82712293844
124702.06111304776
124709.07156899286
124709.34634157535
124713.98445940609
124715.99043948908
124725.40452177626
124731.17561891768
124742.23972527063
124746.05268500038
124749.51977954536
124759.60292273175
124761.46552507521
124765.17682869741
124768.56924525177
124776.79591027701
124781.19270910653
124794.13121953684
124797.8332317512
124800.19146119081
124801.34692697384
124813.10185622846
124813.22744536406
124813.99453592376
124823.15990529075
124824.5983929243
124833.01293011724
124833.03984843392
124835.00489682358
124838.42197621563
124843.17024228103
124847.23786400202
124847.78742757175
124857.04196953561
124862.37508464645
124875.64744564123
124907.42133844426
124911.11453071792
124912.92259313122
124919.87106974488
124921.42445536578
124922.21365476312
124922.90449581409
124924.83099638841
124933.82213252682
124937.91182796267
124946.15454631735
124963.74723664098
124981.29135990884
124983.58628279388
124984.62821809665
124984.7578500006
124987.456275477
124988.9421971172
124989.102318046
124991.87019074452
124992.08724186903
125000.3640243993
125014.83460959447
125019.08395047298
125022.2996794206
125027.13059275382
125044.94967765037
125084.44139729293
125086.26902277977
125091.08989975846
125093.11270780844
125095.10359357136
125103.08441216842
125111.56367144815
125116.76838264604
125116.850568447
125124.98875127579
125144.24469536074
125146.0239853866
125148.72760646767
125149.31817674526
125150.38762660674
125151.01043137928
125152.15016772454
125164.75717664749
125166.9254044922
125171.87215251543
125173.07017405474
125178.01144882687
125190.14137904556
125192.79444525289
125205.61851659723
125211.50176508914
125225.67450060838
125253.0433228245
125253.4020288942
125254.47692332687
125257.057578143
125259.90814327425
125264.84079368063
125274.72461284391
125284.65660197346
125288.3465786488
125315.15914953794
125322.28740921678
125330.20901510319
125330.85994004516
125333.26227955622
125344.53493813681
125351.21224746162
125352.56336001794
125354.979497909
125363.03618297155
125367.64360908051
125369.77567498537
125371.25256735484
125398.04685960509
125407.53338825761
125412.2658678465
125415.05964355246
125415.85211582971
125443.41959368755
125464.33216579525
125468.69659384314
125490.19372329988
125496.59213793074
125513.78321022715
125530.12671335324
125533.31688889809
125537.26898449226
125540.62171608093
125555.80806905194
125571.34032873597
125588.30354631084
125593.19818847055
125598.32842679293
125599.41084238453
125609.68060912889
125618.31675802215
125621.39252604957
125637.70602839171
125642.83602897334
125664.91954188576
125691.14238932688
125692.9857489712
125698.2455507653
125708.14904835648
125718.77238224048
125719.19732434169
125728.83516686174
125729.3490263269
125732.59006793643
125746.99841995054
125747.45176850505
125751.4939653702
125762.52009822949
125763.43911921536
125766.8607437365
125791.5982115612
125793.08741667023
125800.77457647194
125801.96197640226
125812.5299309643
125827.76140882845
125836.15989046198
125840.15788114461
125863.33557756875
125867.52712545465
125868.41779449763
125869.69153287775
125872.30628429768
125883.33906036077
125904.61643959106
125908.79625688703
125916.64804641681
125927.93899332924
125931.35568652416
125933.88528767606
125945.59135356091
125961.76996418813
125966.39815795506
125966.43815958375
125970.20838311058
125982.79859745721
125987.53339507402
125998.92072616005
126003.74938707429
126004.78726488783
126025.48231199507
126032.59282198892
126035.85019201663
126044.78999076739
126047.72604207514
126047.89404014457
126050.56518716466
126056.85874064849
126058.81967798033
126066.28946670011
126071.36089937747
126080.36229217332
126084.3867694298
126087.93732341436
126102.05865623394
126114.57722388105
126119.93830008426
126120.65807849623
126123.96630423547
126134.99852373608
126139.38605191893
126142.0721847872
126157.33598050821
126162.8226598792
126168.38733463606
126177.89617025043
126180.43796412786
126184.4484197396
126184.8401522401
126185.21847660144
126187.65601309147
126189.11439914306
126197.96525850729
126206.80868036553
126214.71785895925
126218.7623534145
126218.87277936512
126227.49191715906
126228.58194998125
126233.70205088906
126243.12441038959
126246.8676100603
126403.64236187152
126404.05375592803
126444.49902090644
126783.92633583008
127103.52342306168
127344.74016768526
127383.0917756467
127430.40502449183
127483.5572769155
127584.1709014535
127591.9191574823
127624.79569112984
127625.0593506541
127656.09884422616
127744.4867399121
127764.60117577671
127774.79312207346
127882.55899513845
127899.11144335546
127912.88192653714
127984.65680541951
128063.87672490162
128298.14074178974
128309.92693366238
128622.68688514641
128725.82973690267
128924.36682472033
128961.78792202096
128964.68075777394
129002.72186241542
129042.54527199101
129150.55084057414
129184.24404766392
129209.37756530708
129323.9327422175
129403.48515001689
129423.24771674814
129482.87753531295
129563.82828457524
129664.92540435224
129721.24369318495
129844.3597312893
129945.14560606296
130033.72232154716
130083.4200633956
130244.12656740425
130282.71398578698
130324.82697550622
130464.09109463239
130464.35574420061
130584.62737443199
130676.09508540282
130864.6951311411
130923.31489474056
131044.40917107278
131063.38997711966
131083.29620764666
131103.9230679644
131164.3778694979
131283.90792909646
131454.89661576558
131617.55694703112
131618.85965739345
131623.62082799853
131704.93840945457
131822.99978909263
131843.9003474778
131843.95085357575
131923.06216608634
132023.66316552513
132024.42626199714
132025.29544837325
132044.50332311777
132059.3544135003
132124.32402868487
132162.86613525965
132203.70797558257
132223.19458142843
132243.82997060122
132683.7357090385
132702.648089084
132743.99369711033
132846.9002808788
132900.04938112106
132924.07127019003
132982.888041898
133083.5321704271
133243.58677839447
133282.94657755652
133544.04889033167
133564.3555789198
133623.99099978214
133682.66197153364
133723.8856474435
133804.02504190474
134023.23488205043
134146.7677532582
134184.376499252
134202.66509501822
134243.38461513206
134284.8289497189
134403.14248329253
134404.17890450638
134443.16857376345
134522.1663324376
134663.90900227346
134683.4846136413
134822.9264049901
134855.83560134546
134944.5556651301
134963.52473843645
134982.49373533248
135182.6621643964
135283.25068171867
135383.73829643818
135423.99968742384
135523.921590203
135610.1271888736
135725.02682762954
135743.55668972188
135784.2252981362
135900.36225971434
135903.04630140457
135924.43905236069
135944.03043845066
136003.3224007793
136024.1088067112
136043.71871570006
136043.72667890353
136145.05873059318
136211.41846949962
136345.08013270874
136384.14030498752
136444.4796196762
136663.03004527322
136702.5715979992
136763.6818338329
136822.6061356551
137024.12876861612
137283.3325889681
137303.36004865338
137335.89831639547
137384.0755685801
137543.37105213635
137649.1413850799
137683.51091496862
137944.6047378895
137946.4994464661
137962.29318747667
138124.7331209133
138205.54710210435
138237.2596991637
138380.141312144
138443.68951573185
138503.79589800464
138582.75881185225
138583.38821830048
138684.26163474956
138823.42284341197
138863.4177793282
138902.62669479847
138904.30334256974
138943.9874498788
139114.722203676
139203.77652197
139215.19311297813
139223.72484781154
139282.76785146462
139364.48324348163
139457.29666358716
139484.95015240007
139503.54881779588
139503.8406616495
139622.02937512813
139917.35105083484
140003.61603420455
140065.53617697326
140164.48925646185
140284.67578862119
140304.0228873363
140503.8890702192
140583.1439526085
140595.13544329564
140703.15421049425
140703.87829644766
140722.81206404726
140847.65666173567
140904.8103873342
140961.46641424173
141105.02546632072
141223.8213451177
141652.56682015405
141683.35676262082
141784.53560441095
141863.0128899458
141865.7607651292
141984.48459513186
142050.56048624293
142064.18336344245
142083.55721220904
142107.22617696653
142117.1082068358
142122.86403798632
142138.1731251211
142138.27017502073
142159.02561187538
142185.55836814415
142203.3367194859
142203.69881899632
142204.53476780144
142244.037533974
142263.95072425262
142269.76514986716
142285.19585539566
142287.04185042245
142292.11967431335
142305.20931055417
142313.97789210425
142351.10464278798
142361.67923943244
142362.78966311447
142363.17905760647
142363.33368398625
142366.09434030866
142377.00409621742
142380.12472786827
142386.93315920868
142388.0495444201
142402.39408877655
142406.06576461607
142444.7931116638
142462.02489923447
142464.45498079332
142465.65234240997
142483.387189653
142484.98302674017
142504.26122990082
142517.76660279842
142529.47450211624
142529.77063748142
142533.2138528942
142533.30314506404
142543.0721803325
142555.2573497317
142609.02220875988
142635.66848666387
142643.0396842893
142643.1297978442
142655.40968841483
142657.16790109925
142722.28592384775
142726.2695338588
142746.3004345608
142749.3353812443
142766.6265063838
142782.5893355287
142795.5016713514
142798.95633662996
142800.61966577827
142814.1904293336
142815.18739368935
142823.12782879334
142847.96609078022
142859.31294276463
142883.6502341823
142910.54901740068
142921.91343743872
142939.57433176832
142942.60376735532
142956.4561883028
142966.3032632355
142972.30259439367
142997.08067239504
142998.55307612784
143036.04738145074
143036.89138328016
143064.36238226152
143104.65584126604
143119.35930492397
143130.36299154675
143130.42202503205
143131.17305345635
143134.36080387162
143151.93472729862
143158.299522033
143192.02203649943
143210.34702263377
143250.95595440821
143294.588050201
143325.84151898982
143343.0262149076
143345.2497141108
143352.5505246012
143370.9228984755
143371.73315449795
143383.7865614445
143402.99632485362
143403.22844401756
143424.75023810298
143434.4771986353
143442.625872624
143444.22586893348
143463.22144010424
143465.0759901316
143475.85040554518
143480.76465547853
143497.49488586633
143498.33790935302
143505.18993149084
143509.65937733048
143513.66913649137
143528.1303394964
143535.15645223742
143564.4807691589
143568.3168819824
143583.55336297053
143584.2156255406
143600.43446846286
143603.23000838736
143622.85027021336
143630.42442868493
143637.8192815397
143637.9029127457
143656.23563772725
143658.8112008647
143680.5376376782
143683.13493622566
143688.83343934463
143706.99334813174
143708.4826962911
143718.99593650489
143736.82948048873
143744.72776519938
143758.42582453828
143769.7702558402
143784.89680847892
143804.43575784293
143850.55611691155
143850.9198470933
143859.55118976862
143866.09404347933
143883.45526362373
143894.88045051697
143912.4495540546
143923.67838930315
143923.84836121227
143940.44266556695
143941.34764264902
143945.46033565034
143948.80424244513
143956.1967994852
143980.76736819802
143983.32802306034
143987.1182226632
143989.3188983085
144004.11099563027
144059.7063415112
144065.10343160335
144065.31180313486
144079.25905762776
144081.06254693944
144083.3992735327
144134.40220675408
144147.8546042831
144147.9329367617
144148.50389716623
144148.71531747136
144148.98160518383
144149.26443367617
144149.37761834153
144149.60305469926
144150.707336653
144151.05315914826
144151.42576680274
144151.42640043877
144152.7289298611
144153.83710439134
144154.11908992857
144155.40255037157
144156.38272709033
144157.22245471843
144157.43811294212
144157.66236438157
144157.83474099732
144158.64588480914
144158.7129150541
144158.83768078702
144159.43458050053
144159.51391844207
144159.6071318285
144159.8032758311
144160.37472994602
144161.4373622132
144161.93164786027
144162.79281801448
144163.58682836487
144163.8870358032
144163.9795259856
144164.11922560818
144164.1821582297
144164.19930918413
144164.5957700666
144164.82234865165
144165.10810793066
144168.20685538792
144168.77197085292
144169.2159085887
144169.2412204147
144169.9664600819
144170.7220876357
144171.37753482806
144171.80895189932
144171.98593831278
144173.5430250319
144173.5985407285
144174.44100414088
144174.70360371206
144175.5114134953
144176.21453038498
144176.60414516204
144176.62078631364
144176.67857869022
144178.19502037865
144178.50612405752
144178.56194791463
144178.6945890771
144178.7326281643
144178.78090126242
144179.07602833305
144179.08218428458
144179.3449146401
144179.47722166643
144179.49465945616
144180.46978210565
144180.53835645682
144180.55563259442
144180.58577201093
144181.46912477416
144182.04420298964
144182.6992631144
144182.71326569468
144183.08847377734
144183.991916899
144184.37511224824
144184.41476522118
144184.83763439587
144185.31971503358
144185.43133473306
144186.42936681607
144186.50525462022
144187.92885113793
144187.9296047251
144189.31938390183
144189.48157255666
144189.6754307169
144190.1014788817
144190.13901108323
144190.3602236658
144190.56393329453
144192.32544477418
144192.59032911417
144193.08333729036
144193.58313642326
144194.023039918
144194.0327499784
144194.92647109966
144195.2640494973
144195.29008144693
144195.81997118285
144195.8314458894
144196.59136434662
144196.64220078994
144196.91937607736
144197.67774842496
144198.44646150447
144198.55507179216
144198.69683943072
144199.45532846497
144199.5272453412
144200.1097885432
144200.5747440462
144201.6282884042
144201.8033301062
144201.86451963513
144202.24350252887
144202.81279818484
144203.64881202095
144203.67858620835
144204.38122010182
144204.42954842703
144205.15696675758
144205.31648955218
144206.68276811595
144206.6980146929
144207.0319515065
144207.3024000785
144207.41288145256
144208.69155519528
144208.82686717386
144209.00649189518
144209.15608126012
144209.24238475293
144209.39705579344
144210.071180799
144210.9515989595
144212.53004623644
144212.6530850416
144212.66165742214
144213.0081949576
144214.16066364065
144214.52743581514
144214.6521037079
144214.98770419165
144215.30070521025
144215.3363874769
144215.5035219086
144216.08002233828
144216.47908938804
144216.90727955982
144217.58247064077
144217.8193706646
144218.278588345
144218.3553659729
144218.49590925
144218.7050308017
144219.06991888303
144219.2981881291
144219.40865012418
144219.4117247731
144220.4230438613
144221.12418586755
144222.11722665417
144222.23049200047
144222.83342411072
144283.61742375308
144323.621179154
144386.69200846332
144434.75114070126
144437.1591137044
144503.14103623564
144524.57883792216
144527.19434892415
144564.3255208098
144662.9855622751
144686.75469503383
144703.90112425113
144803.1182499779
144824.04823385182
144862.49277022935
144933.4383925658
145039.13909819504
145042.941272251
145047.75177203276
145203.62510136477
145244.2320120841
145463.82770543755
145467.01832158363
145564.07987545663
145576.77379466698
145578.77016856408
145622.961243426
145684.02986136006
145725.54808182435
145824.9899947826
145934.05313294494
145943.58455543258
146162.74178215026
146243.00142458157
146304.6959957715
146344.40435000125
146398.09942866347
146483.81853073335
146503.06346569755
146503.13647454965
146597.00240422605
146598.8010288655
146635.05664273776
146643.99023388705
146791.63855619752
146984.07471426128
147144.5652995998
147184.11627314507
147255.92669508758
147424.09738851807
147424.19187604415
147444.39579689477
147464.5073027295
147763.5930412431
147803.46368777528
147804.30628757845
147844.16920973585
147872.76225613768
147964.77897580466
148063.61326742946
148065.05840979083
148116.48733534623
148124.309358704
148143.61832336578
148341.2225456831
148383.11081367498
148423.43271311783
148616.55297710415
148682.75355216046
148683.05782828495
148683.30693598252
148723.4000037796
148922.0379123491
148957.38780484666
149043.83675900276
149183.288153257
149366.269835884
149555.92735118713
149563.63863605433
149623.23134076162
149783.6353059399
149803.09074531935
149858.80568458186
149864.436603735
149951.1693109428
149993.5937168862
150004.79448231266
150023.96027666182
150024.13146687913
150103.17726246355
150104.61681377067
150223.90139587864
150270.18057728492
150309.44993070676
150342.93094043998
150343.50389752915
150363.35114784003
150404.84403260864
150504.82077724743
150764.4848215998
150923.48588274713
151084.16501446228
151244.38875489266
151284.3324974156
151403.59007460254
151443.54940330313
151463.9678833373
151464.09146051708
151500.73659222998
151503.80320886278
151602.42004689437
151744.4454722539
151762.56268278335
151923.9499995428
152123.64316336034
152322.8213488593
152603.32876799896
152644.2522421023
152751.84019569407
152823.05367336946
152863.86746787632
152904.47701183616
152963.8553455327
153003.9662019405
153123.86037227153
153142.72212154054
153203.65217810278
153463.64528341015
153603.71359464512
153642.4596267886
153824.7243374867
153863.30378174086
153883.61954497462
153983.30431756726
153983.41257413395
154282.74335187292
154363.68990794977
154643.00609872915
154723.88583927698
154803.4558466581
155003.51980642552
155084.10022643834
155122.49728179685
155164.43569084504
155184.813701438
155223.8736217837
155404.066147281
155522.44951945732
155523.39157236126
155604.5319216316
155963.90647523847
156063.27128017155
156384.17457259318
156423.84321163179
156443.55163106212
156703.47231081233
156723.36672343576
156744.46719493822
156804.10322187046
156923.91292529152
157084.0744006694
157084.6436107575
157124.6548589413
157162.7884927753
157163.05537485465
157183.30588556663
157364.0773206971
157423.3268137397
157443.30361136087
157522.62715161356
157782.98471968397
157798.40078521153
157924.44857990043
158022.29143494714
158022.39370285592
158023.5858623208
158163.95360492016
158242.8398608809
158384.1025323347
158403.85068955342
158544.08006361904
158683.93163137778
158683.93221866892
158724.10092683227
158923.67401185146
158963.19393285023
159043.1907123234
159064.4960420923
159069.8161062154
159083.28342273497
159084.95522476258
159123.82654919697
159143.68830337998
159202.98959140817
159262.82871182394
159843.02185800843
159863.2543844293
160042.6999817889
160105.23489976255
160163.0638043487
160223.98659164508
160323.84997036483
160482.6570031098
160484.05930630802
160763.2329474763
160804.4010888566
160903.8521402396
161163.14901635906
161163.82443987436
161263.23175884294
161465.17961002156
161482.93423547476
161523.32579111122
161843.67518863172
162062.32311410192
162103.36131790528
162104.59656265427
162165.43020171768
162183.58906433344
162264.9285177351
162283.30492648692
162362.944818799
162542.8195400601
162563.52108384744
162703.5592115042
162704.09715307856
162743.87299373356
162766.18330003534
162783.437360358
162824.24053290914
162844.3060294129
162844.34450747492
162884.95070637096
162904.28037551188
163223.14147626443
163304.94496867163
163424.19517982035
163743.96988099162
163823.829323303
163903.85126880233
163922.93993138606
164104.3037658703
164123.6151032548
164142.69852438866
164244.9417409934
164246.91158262422
164324.48962450773
164522.4597898142
164624.8100382222
164702.5645485226
164703.86367292266
164823.3190057008
164823.9087629259
164924.00511423105
165004.10425705503
165063.51394117187
165442.9683284003
165763.2900001444
165804.74207647485
165822.9656757383
165903.12922832675
165904.48957715798
165944.31533975774
166062.3931899962
166063.42164466708
166083.47179812315
166123.6253602598
166144.3691407269
166182.9819494571
166484.00004479237
166583.33978406532
166583.94918475146
166620.51452353416
166763.5323968881
166823.1629409537
166825.28386729743
166863.82946149507
166983.18939237687
167123.38782735786
167365.55790512022
167383.8204283873
167402.45755136953
167424.25854879082
167444.44972389098
167584.81521009174
167663.60852038552
167803.01078026422
167844.32080120445
167983.888412315
168004.7085439302
168023.5406021751
168423.97148567307
168483.303109167
168743.08202626946
168764.28845515274
168822.93964268343
169083.9037092385
169244.2068060476
169284.57025364446
169303.4786217237
169304.9227710888
169605.2580048023
169743.05387804462
169923.86752991754
169923.88490519003
170103.18078695209
170324.56578647136
170383.40389440017
170483.82904312212
170523.33097373223
170564.43977377552
170643.34106109804
170683.85997915303
170724.1249245149
170763.1923480454
170944.03188534177
171044.73882169146
171084.4706059349
171223.34878469928
171303.1467685642
171362.66623736563
171363.69962455524
171483.5111611906
171604.60930465168
171723.23977385563
171723.5662927011
171802.64224557808
171921.85265350927
171943.63331765222
172023.39225242153
172144.21028797957
172204.92687561057
172302.00927963198
172363.42860664046
172502.99663988128
172603.8651395037
172683.58281771938
172884.61669879552
173024.35138412728
173102.99691444932
173162.59249253638
173164.31870312776
173223.43295250888
173244.21954218743
173364.4730211335
173423.30821997902
173663.15346375408
173703.35148820348
173743.54862286983
173804.8290050704
173944.5236677537
174042.84884456228
174163.36689785327
174163.6706926305
174199.88844474166
174203.15955018232
174205.12168303656
174243.77068062848
174425.08887822964
174503.88464688495
174663.1878006842
174864.00684674026
174903.1524085728
174963.0228999422
174964.47808091162
175084.1763321104
175124.0738684284
175301.33435696407
175302.8591115234
175304.06244964982
175365.10915291178
175563.95735937578
175624.1524604041
175703.12075874006
175784.49265440804
175902.89785723833
176002.67159215463
176143.96764864
176225.38923554216
176243.11779792563
176243.99366182106
176264.38925453034
176433.4981332007
176461.09838470208
176582.54476535245
176643.54151755368
176747.0296776778
176779.92994132702
176784.3156385413
176804.45277693227
176816.8518297685
176982.99007239315
176984.45749927187
176984.68841052518
177024.55592766887
177076.76913860033
177091.94563757235
177144.41518628428
177244.00880762577
177423.73402945732
177482.06837467256
177503.36663074914
177523.05922342648
177527.806956825
177604.80650509088
177623.48792617503
177644.2946642666
177648.01244268086
177663.52306090586
177801.33775243434
177863.00813666245
177883.66196038292
177903.85679939057
178103.58837002132
178122.77641116624
178223.49087842216
178225.04396731354
178284.93595174767
178324.0609452746
178343.10678787538
178473.52736899597
178543.5863819167
178544.5560670402
178603.50059077636
178744.0018128282
178833.08173890683
178836.27771064127
178843.87743526517
178844.2459782051
178863.51389639435
178910.9490122046
178920.22714130874
179023.2902718374
179023.8726098801
179024.21454786236
179083.97185490042
179123.77760265078
179224.68696832634
179274.66208894918
179339.14735843614
179343.81695807446
179365.6492376696
179403.74790776643
179502.5774961308
179580.5549129172
179683.6821098427
179761.4880529702
179884.1551272583
179922.55605446978
180024.02030219077
180024.64569951035
180106.51095771292
180123.78401363335
180123.9525746902
180253.25086605092
180463.6116331344
180583.9836511396
180643.1079457131
180681.599562987
180682.31189622366
180703.91147101062
180744.41662912304
180782.84356648734
180823.39386411218
180864.7313298407
181003.60257169133
181115.04612909988
181122.53999445817
181203.85328747172
181256.75803282627
181263.79056116065
181279.6048528153
181523.93689171228
181565.64147688128
181724.32277443516
181763.84866554893
181903.34387525776
181923.5167394865
181924.94523863646
181962.98469127424
181983.1712791819
182103.44964726665
182164.6445532372
182316.89832344966
182383.17436448013
182424.93349206992
182496.8950999377
182509.58076786323
182524.19402559887
182622.82227262433
182764.1558801177
182832.3932054653
182842.78187359046
182884.29443427423
182903.66888333927
183008.99968133838
183043.58852116647
183062.45790368196
183063.6256759036
183063.94090051533
183081.3048133639
183163.8059775043
183164.31350078442
183164.4461155853
183179.8816102095
183366.63853148127
183424.58618079856
183463.38511710067
183543.6465550152
183556.0604915373
183583.6673502042
183623.2951380992
183704.28046083645
183785.3517040395
183861.94018267578
183884.64949303286
184143.4911392487
184165.42131005152
184334.9382341231
184335.17182088387
184643.64413205493
184763.4342678104
184779.7497420758
184843.96407581572
184962.44837046548
185203.79888338185
185224.26252686806
185235.764128852
185243.05265997947
185264.30728602372
185344.80338575362
185403.1861504983
185514.7516064018
185583.98901949456
185644.0174020655
185808.25881405218
185843.38753242724
185907.00181007263
185943.93159633502
186003.32899728784
186059.94156151437
186183.41930229726
186303.79479373162
186344.5795600217
186384.07916314853
186485.72184597302
186683.09614647797
186704.65161655916
186752.10960395183
186783.1941316333
186805.2628841995
186900.27407534566
187124.72129117948
187242.9960009279
187283.13304993228
187403.03396459488
187424.13437348107
187603.7411707374
187604.26761917863
187604.30790170305
187744.71837404743
187784.40357863953
187885.04189386324
187923.11752658559
187967.84462898335
188243.41748149
188243.56866916342
188383.6749165336
188385.8422370716
188484.00321985656
188504.1133692417
188525.5763651924
188544.74854602834
188625.22523270446
189223.4779674694
189244.04817825215
189302.7979016833
189342.55807424526
189364.42757275252
189493.09491885267
189563.58589470165
189682.07922181557
189705.08858587616
189744.31857226611
189823.20651916944
189872.375801765
189906.92641737522
189923.78029096182
189984.5934519958
190352.87221005384
190434.26741836793
190503.02961911447
190586.77325973645
190602.67722084429
190604.8752463043
190624.20287814495
190662.26363288777
190783.51595696516
190922.06509232134
191099.31559288694
191143.63428326105
191164.1141109009
191173.34292281553
191222.86538937656
191282.81731901332
191323.51008916317
191384.39715363173
191463.43566479694
191469.54131564073
191603.3998926508
191624.1516025788
191722.37131258936
191813.9678424683
191823.05272580817
191923.00248525233
191945.39106037415
191983.50590981307
192064.04352841305
192083.47427785996
192256.2531823217
192303.53141227338
192384.12531681833
192484.83122086988
192605.67893321376
192644.99289006114
192671.5542377836
192803.97790938694
193345.55699331433
193364.2944725117
193417.35481578254
193484.98113952775
193604.9746728178
193665.87025393257
193672.77579068363
193683.93113754637
193800.90204394495
193902.82970438726
194065.68428785473
194093.49788782222
194249.32650958002
194263.41118820032
194304.63187182794
194309.5691678474
194324.96928424446
194325.2767047511
194333.12709857727
194344.29382429624
194375.02178406302
194402.41110521383
194443.19047853025
194467.67255215457
194486.82695495067
194564.12940769954
194604.8139758804
194653.72490293952
194664.1877024347
194692.1938475926
194718.17168933188
194746.2723124663
194785.81725370383
194882.88500993475
194940.26838515367
195164.49851764255
195276.6920522446
195303.93625415151
195343.69019087285
195360.67425834024
195383.82926541445
195384.6333041784
195400.8536949126
195403.93001631403
195444.46806379213
195481.0036316896
195515.23221125358
195623.0891376366
195768.48054784184
195783.40293345472
195843.48563816005
195863.1991890321
195944.0649941467
195963.8682339298
196048.675637607
196061.04931836383
196078.99269992934
196089.30042947887
196103.9712178459
196106.9030695289
196164.94501213773
196258.64635880745
196275.61768772488
196344.684681943
196363.58121951675
196367.30903350227
196385.76423328166
196453.54000794786
196479.59775095712
196498.57394211044
196503.44566843528
196504.26364015153
196604.62297340523
196605.23204318868
196684.26577575968
196692.6912242283
196731.12429924373
196758.5988968115
196898.61102216717
196932.23000503192
196936.2808713114
197118.15226490676
197175.92347087414
197301.4638225676
197302.53010654083
197315.24500267828
197323.6031493721
197325.11270485754
197344.1835561121
197363.56685549935
197364.39450973616
197456.46100162747
197488.57552679483
197502.38880962314
197616.79774228425
197620.34839330852
197622.42259371234
197703.48641398814
197895.38997814787
197904.7165159031
197974.97518326296
197983.6902843992
197985.37937608358
198062.44638120037
198137.48194149003
198143.92051946875
198305.1718595172
198323.6118492918
198419.0096667849
198542.07325441565
198564.3729598161
198806.59340415456
198943.26974020823
198969.106828031
198981.34448263817
199002.24109199183
199135.66193124797
199137.2327739728
199197.38774095787
199209.257731425
199226.4892943189
199529.5863904074
199568.0077647892
199694.5948211667
199743.48196832775
199743.67264171178
199804.10725717913
199882.64634477184
199903.6145884932
199906.2703097261
199962.6241222913
199963.54590986026
199979.32900861825
200062.15193545175
200065.49764042956
200123.0367055392
200138.86041798722
200233.46161186128
200343.33174646387
200383.66167517047
200384.6318435137
200386.4337558013
200428.16783469252
200544.53795093865
200563.93231581082
200577.93173180846
200601.23035252767
200702.86842345525
200749.07868420813
200762.57726044732
200783.99637972048
200832.87511503082
200923.88256942603
200924.6488614215
200932.28849790257
200943.6028712573
201063.72074416128
201071.71770479035
201163.71983510113
201223.46558803105
201224.43499908378
201249.585537898
201280.90137345862
201283.10126160298
201287.79505057432
201290.69504379854
201354.1990853232
201412.38439759536
201423.20751831617
201575.09945820403
201603.51069544823
201729.43942271345
201764.6019927571
201783.814995265
201862.78602270794
201879.71222519048
201884.05891533926
201903.1221926671
201903.56419563302
201975.38981028323
202043.85971873914
202244.18966013123
202383.70562184392
202422.8164132769
202424.2154049326
202443.1822953184
202824.149006728
202862.7802561967
203002.68407430444
203025.54328829216
203103.8602379508
203282.87050232914
203323.73472327492
203364.2154502239
203382.0348518007
203583.82618977415
203743.68508955394
203755.80663768057
203805.21631337254
203884.16606358974
203922.76574458124
204063.23214129545
204263.35302402987
204349.83388930582
204362.71039522495
204403.34932960104
204423.7873792125
204483.39362738503
204584.35782698856
204585.04717502097
204603.61040584362
204664.6158413911
204823.54842468732
204844.2796507711
204923.6564091382
205003.26597065874
205204.49114173348
205263.5052908503
205304.79332741798
205464.13491035788
205483.8445614405
205503.14486642138
205533.00783191755
205683.56201014173
205783.4544065769
206022.82014455507
206062.66509720034
206082.20013881178
206143.71706190272
206231.7027673203
206422.82600971666
206582.16851810648
206583.55570908345
206682.9746758335
206683.2990452464
206685.16589863252
206823.05207683193
206862.39526099284
206907.38764189737
206923.4774897752
206925.00290950012
206971.563050446
206984.6002443087
207004.33778236984
207114.98237265533
207462.56346500613
207763.51599064222
208115.03215798538
208277.2889811558
208375.13919637396
208430.92130311276
208564.16339570345
208624.84266415573
208743.32969444
208803.87682801354
209043.33777916126
209204.20447175906
209263.04916381094
209282.51785939976
209284.505504172
209422.80569060848
209525.31514752939
209542.59424284007
209558.87564025156
209690.8013476034
209702.30457869035
209743.45062650854
209822.4455529528
209903.51784948882
209943.79181666204
210044.12412801225
210223.19242419765
210323.95346807723
210361.22921830794
210703.96967567658
210838.27041729103
211023.10964226603
211033.68309767853
211036.82175164451
211039.81211064948
211044.93848551207
211049.7754170021
211056.44558568473
211057.81340373371
211078.9040672189
211084.72718748718
211084.88634341763
211087.84833229036
211092.70345849905
211120.53642761311
211130.81041659083
211142.0226704707
211142.70479933784
211143.2019777576
211144.69763787824
211150.5045266337
211155.73308523957
211165.4426358784
211172.0684406382
211179.31210941524
211181.22159185976
211183.49250575036
211184.20595868438
211191.83591902076
211203.92881306884
211212.6971069576
211213.33124726947
211225.42441799582
211226.994918802
211235.2539394554
211243.59035689943
211243.80872990505
211247.02197695442
211249.1044070854
211251.27995004778
211257.6871130708
211260.37102954593
211262.92966265455
211268.62712741172
211272.69950507826
211276.47730865784
211276.9607808775
211282.9141981448
211286.37346183913
211298.7029000889
211299.57051622824
211313.59231245422
211313.60830611154
211324.4354817373
211336.09844844154
211340.25714073994
211341.64727133253
211344.48532886448
211352.5807337112
211360.31571966375
211372.05679358373
211397.10922095395
211401.87994703156
211405.4914591249
211410.0813389452
211414.44860445568
211416.18770113465
211422.23507660237
211441.94130604368
211447.1020970481
211448.7946839453
211450.33903050484
211452.50413178842
211455.27178446407
211470.52160824783
211473.2552618663
211477.38125732966
211478.52234918164
211482.53222925094
211487.25794914464
211501.08993167352
211504.4282475772
211523.7459273209
211528.56189663796
211538.6441315725
211543.50415638392
211555.20016589522
211565.97905932812
211567.34879977588
211572.1239296144
211573.75198264548
211575.71760520712
211581.87112106802
211586.76186024828
211597.56816422567
211605.45195946234
211619.4705074744
211622.38190366176
211630.80200379103
211639.44929282996
211646.92131382113
211648.92327147495
211655.42476469118
211656.8883333334
211658.93762028206
211672.8771284931
211673.25596903797
211680.50104457315
211683.97355835303
211691.63650786533
211692.8872958137
211694.45467064367
211696.5831132695
211702.47413011978
211704.36336065995
211704.5149856527
211710.5355352221
211717.01929811042
211727.81276575397
211732.54666898726
211742.3593166649
211747.66491405555
211784.06818249536
211816.23470584038
211819.46284453676
211830.82782575057
211838.55276557326
211850.57966806344
211858.9884726163
211865.96442980756
211870.95030787765
211881.8935241652
211885.87285299
211903.11398701058
211913.32955116816
211922.55683665804
211956.5095270801
211959.2318584287
211960.2315543887
211963.62247919085
211967.57879721615
211968.68590794844
211969.75786252337
211970.81940245428
211980.92239183042
211981.36463117294
212005.52886876516
212010.23101296896
212018.55324327643
212018.84919473517
212020.9898969573
212033.73760037613
212034.84854256193
212038.136740761
212048.8011040741
212053.35237020382
212057.7708406645
212061.98018480185
212065.0672496076
212065.6686142148
212083.22102863935
212085.22120660264
212103.5775462594
212112.92870789254
212114.27028977702
212123.1957012283
212129.18328788143
212143.56929916728
212161.3649468421
212168.6593175681
212172.5472552933
212174.00521263393
212175.2559704407
212184.16329769974
212187.62425222146
212207.67595254944
212221.6915394627
212232.6463927182
212237.46550070128
212249.001714392
212250.3250106133
212250.43633685258
212254.27476114267
212256.2215226072
212256.79303753618
212279.71702858378
212287.5814581137
212302.9839316405
212307.4805617189
212317.90129681618
212319.98657502572
212330.25142625708
212351.17223650342
212354.2294653139
212356.42953382106
212356.56161721915
212363.20269361645
212377.51591329533
212401.26895264775
212402.96371065464
212403.46948618535
212403.67189982944
212404.0491427039
212424.12045308505
212425.9863406882
212428.7753447211
212447.32257372967
212451.56239263798
212469.99343498456
212475.46737188983
212492.2466982821
212494.22161611397
212500.5098755127
212501.52484856392
212505.35468979573
212508.37441141537
212515.61179854572
212535.36562830495
212539.67140138856
212543.54851976992
212545.88648742286
212546.40670398914
212561.75641324552
212564.20798105636
212569.03341149882
212585.10561377794
212589.75972685567
212590.04088141207
212599.95942150132
212605.0149251547
212614.61743112528
212615.67018458943
212615.95638977643
212617.81474898115
212628.8614329651
212629.84903361238
212638.73679259582
212844.27594570388
212884.60180457577
213144.43406221227
213224.11501173253
213343.20323807062
213384.26752440564
213463.78101052853
213464.50888648714
213511.95682776585
213803.88925506116
213882.90283448438
213892.1302925786
213964.12734806832
213983.4731099151
214224.18912884133
214342.9113232857
214503.6244459519
214556.8676617309
214603.4872391406
214623.97064261482
214644.95754584833
214649.37687831034
214764.07744789557
214803.35833032354
214901.69598107852
215162.381823972
215322.60331706848
215387.70540599967
215783.9894900439
215863.66639529035
215863.95128910078
215964.33137714086
216002.19065016665
216003.88409819972
216118.5126642182
216183.64360183224
216204.4620501566
216224.33286578296
216263.82186728012
216447.84734554047
216575.57992439167
216884.2377266521
216923.72508042172
216943.13259262132
217016.23998444062
217063.25119664735
217182.92116961238
217203.51568073433
217363.1707130677
217803.6076965339
217822.8825678191
217918.35428845295
217941.98935114054
217943.80738478075
217983.10049532383
218024.8536549686
218325.64548833662
218483.0856198077
218513.8995083783
218624.62801819865
218641.4965519311
218643.03368599768
218704.66645920736
218841.78438157117
218964.76690350324
219002.5990992797
219123.4034584114
219234.99780259258
219362.46712856332
219404.08408850347
219464.68665005805
219543.58986993032
219544.05019969563
219664.89372555647
219783.64495522462
219883.65649223403
220003.579609042
220003.6894842881
220084.3497027125
220244.8114146101
220382.76534377082
220463.28458286964
220522.82888242762
220539.14665055854
220603.40955076058
220643.50419299683
220644.3850470199
220683.58297852092
220719.28144158534
220723.35038038727
220784.45654313604
220922.250831295
220963.1779942084
220979.94034714677
221003.49868621948
221056.86817081287
221094.97877917084
221122.85708909784
221123.16576518802
221123.82023577933
221264.85778551782
221282.9006188616
221461.5475329043
221484.29073648108
221543.66887147483
221544.69566000713
221643.69821652892
221723.1621683619
221743.78877268158
221803.67881884772
221842.64823724702
221857.3208890915
221924.0209148446
221946.91965197344
221982.4777246756
222043.07509313244
222044.57015883428
222143.41390466059
222195.4972742004
222204.67259063903
222224.75200632133
222463.8720769191
222484.6237162389
222923.30096135385
222962.4354317083
223103.45054563368
223263.08562511468
223283.37910628918
223307.67849883545
223309.95182007895
223403.61764747414
223424.04848232956
223464.9370011105
223543.05573462226
223584.19280990833
223682.69649582644
223863.94468770718
224022.38857453017
224023.27156277603
224332.42423836765
224343.94323541338
224483.00799290845
224558.33921360818
224644.09889258008
224663.55886251
224684.3064726002
224717.13841014617
224744.67215654964
224845.22527099072
224982.57192462857
225003.14206343264
225004.22046895578
225044.15070479744
225063.28606257896
225143.49171488715
225159.89080211034
225163.23147438193
225243.38310002745
225283.41555738158
225403.42614076805
225422.78130945223
225603.30717689302
225883.86260928467
226042.93366838538
226203.20779348875
226323.39143226712
226364.1546463745
226503.15233266426
226522.67164196528
226603.49789026583
226663.67023060014
226743.04451031928
226772.36288707142
226923.43491123695
227182.84047721917
227223.56424565465
227371.8583141492
227382.3178290195
227423.19706077245
227711.17752793484
227743.58796036342
227831.90384809984
227904.70127149232
227985.55703747366
228103.3836780159
228124.77825996152
228162.4540669686
228164.64424869302
228218.57420348423
228242.48610606397
228323.7088974797
228364.01006057425
228502.5755491275
228508.9763450746
228515.38376465047
228529.65553474097
228574.0401183672
228574.10869600793
228574.19123064505
228578.82002200038
228593.12290039027
228595.70004445998
228614.33728253192
228619.23829597252
228622.49854997365
228637.34781351435
228639.43577077647
228648.6864970723
228649.1111524859
228662.6055615851
228672.05318588048
228677.89712865395
228757.86466846836
228779.8800297711
228780.32536748177
228784.09906077638
228785.601097885
228797.62065869774
228798.54987135084
228813.10381543663
228831.50495560936
228833.76211656706
228846.30295364172
228859.27059448755
228878.34323624324
228883.46841358804
228888.66521230433
228896.9008350601
228897.91054830226
228909.14604585207
228923.60464043546
228936.54908732895
228943.07830467785
228963.56414683987
228964.38486196677
228979.15573997764
228990.4841462343
229006.33177658074
229012.9609503246
229026.47796129846
229046.05645314674
229055.4467898302
229072.63069541135
229083.30565924515
229087.4444204818
229103.00634492256
229103.36164062753
229109.6196812562
229135.9467946791
229139.6222080233
229154.50136214448
229167.32523482692
229171.61254778146
229174.06138298858
229184.60284143747
229190.71165444193
229199.85855527452
229213.77736580832
229218.15171905275
229220.48800535098
229243.72344529917
229248.7396972297
229253.20613811386
229258.3985861434
229281.36486421703
229292.55969025596
229305.350608778
229343.94073339965
229352.94054370618
229377.01552703377
229382.3237873614
229382.9112939225
229384.08096771955
229385.14257271073
229392.8970542036
229395.79637669103
229400.95453729667
229401.2043452219
229414.19900553138
229428.5585016256
229434.23313052912
229451.46958076977
229487.6444046765
229511.15834883018
229522.8080191635
229535.99835610704
229537.80687001886
229542.24331605266
229549.0309310485
229551.301118934
229582.9266742168
229602.44664210716
229605.39106603138
229615.22722785972
229647.60758407813
229673.18073755017
229703.82590036566
229718.63482315367
229723.89009148988
229772.67978500028
229798.30795126414
229823.59358348302
229840.30518133612
229850.01361441705
229851.13587029887
229876.24078836618
229881.5583104414
229884.02407825866
229890.91658593205
229895.9960728704
229930.05436917508
229932.68172082654
229939.27104896028
229942.21625020422
229950.48421225484
229980.79275088903
229984.1092677248
229989.8820461337
229991.13150462334
230006.01970919984
230033.71654496566
230043.158534383
230056.25838914484
230064.82874160886
230080.01421536008
230085.48539727944
230103.38874095978
230106.15644297813
230114.29799561726
230119.28525594535
230124.86538588378
230138.96094609404
230152.45388274812
230167.3395677179
230180.22706859786
230185.15166225398
230228.6980874281
230261.52590267034
230273.81885607872
230282.4121612645
230285.18116019169
230297.8708141218
230309.31715404138
230317.52921136387
230319.42606227053
230327.62675911537
230341.4125858017
230341.71126947977
230341.89638474974
230342.62698555572
230343.9750399817
230362.476379095
230363.08916147312
230384.83802173377
230397.6466189562
230419.52052116895
230424.4170859606
230439.11516382522
230452.9346126179
230456.37656554597
230459.54548986285
230468.92690646433
230472.69072844426
230498.5039882826
230506.33787612806
230517.2703289008
230537.69837513752
230548.59133060556
230548.6073598959
230548.9135515918
230549.34661814454
230550.23127660307
230550.32043673308
230551.36075221872
230551.42604205426
230553.57277462285
230553.70045343082
230553.8421122786
230554.56013441668
230554.69841746052
230554.76519172965
230554.8021764303
230554.80259780865
230554.92630500288
230555.23865186685
230555.8643018986
230556.9593460334
230557.6843657302
230559.0286273433
230559.11051941424
230559.7517436816
230560.162659091
230560.66281282445
230561.6780119311
230561.79676055664
230561.80734170903
230562.15716860746
230562.39159627678
230562.5059075493
230562.55353264447
230562.91468021495
230563.08781333792
230564.02502098994
230564.11205185804
230564.57833199488
230565.38734709547
230565.8101271159
230566.0845326699
230566.5113498562
230567.389074061
230567.76672003334
230567.89818144802
230568.93535281933
230570.02535323548
230570.17204510552
230570.86391384454
230570.88910663823
230572.17220529472
230572.1818148393
230572.28783032796
230572.84824801766
230572.97428480274
230573.11492212702
230573.30480339588
230573.5225510949
230574.49634021643
230575.32028733447
230575.3394307004
230575.48420193215
230575.7911402604
230576.80062580082
230576.84381179648
230577.18592111362
230577.19576336123
230578.20552465066
230578.29862801326
230578.60033949444
230579.47140330687
230583.06089407013
230583.10200688438
230583.29483053653
230583.4973266531
230584.02602160792
230584.15614389934
230584.2883556391
230584.58549730148
230585.18583672013
230585.4099892411
230586.23242340164
230586.3902567356
230586.68951832116
230587.56541647474
230587.76544975207
230587.8373070343
230587.87046500668
230588.55911773216
230588.6464172049
230588.86792583857
230589.21226352642
230589.41569046114
230589.4536719498
230589.64518939087
230589.7956613446
230591.14262168884
230591.37367977668
230591.53109064695
230592.5803314027
230594.59846086486
230594.77550450273
230595.33609451505
230595.6269453481
230595.97288458594
230596.33955451087
230596.36784663697
230597.31720602914
230599.66321514992
230600.0976692231
230600.21948092914
230600.45426459497
230600.64482862246
230601.23719157587
230601.3217905615
230601.72847472224
230601.74231532385
230602.35738211498
230603.1794083074
230604.19430346543
230604.52380266617
230605.23402796447
230605.25007643242
230605.76444505143
230605.94150728776
230606.37928337255
230607.08611633594
230607.1299511582
230608.33362767403
230609.05391169564
230609.3188899598
230609.6207837545
230610.33665376616
230611.03627325228
230611.08329053127
230611.17174848774
230612.58529625152
230612.65497424925
230613.31232786077
230613.4596748926
230613.65542209463
230614.49674852355
230615.92135973257
230616.06730329376
230616.63237859987
230616.7976422862
230617.51058525854
230617.55686202447
230617.98397037905
230619.12182594297
230619.60562689102
230620.03392350944
230620.10635120526
230620.77122162504
230620.78620191154
230620.92250145355
230621.43848970672
230621.50875418846
230621.84133211366
230622.10045038466
230802.6911506398
230842.69581953072
230882.51541882462
230963.17320670775
230984.86430734256
230984.9771306211
231037.48013660687
231043.77065334067
231302.90287839744
231363.08786316708
231384.11992710462
231505.23082958488
231663.45712120685
231664.0744384482
231664.44040701623
231781.15989404876
231803.16974028037
231964.39456944048
231983.31688766996
232043.4148149848
232062.72903729917
232104.10140541175
232150.71510845353
232168.49751948306
232249.31823519585
232362.5488466671
232566.51412703554
232703.17604465937
232790.85077884223
232978.24266058247
232986.91645776978
233064.3593623674
233264.46315032447
233322.96629453413
233372.22642483885
233432.38311938668
233563.28912179027
233577.30783274438
233583.97546949756
233682.9485755824
233683.12264199604
233710.82934607504
233791.13216318065
233792.23209052574
233842.20783945412
233858.34939457354
234004.57996945013
234122.55369086002
234163.26058131934
234364.56615343367
234404.3725924741
234443.78994099493
234484.5979210118
234485.01639993893
234523.40186093232
234544.090079822
234582.8019262339
234683.76222486998
234703.4042604548
234733.94715137276
234737.8083969479
234827.05988308642
235163.35515964794
235245.61411778317
235263.2851301827
235283.28522686457
235343.22902634303
235384.2508244183
235444.76556697907
235543.6996748422
235683.4116120033
235692.8564777436
235741.6589845732
235742.79928139597
235744.10575258886
235862.81993943395
235904.59894260787
235984.11350305742
236364.9179939571
236424.12135608197
236602.85648077528
236619.92015201482
236763.8777836011
237024.16970564154
237043.85927018788
237083.56845013498
237124.32141361173
237244.74623003893
237283.5009795818
237423.3120089083
237425.39176413877
237644.3887047202
237785.1202312071
237883.6265265709
237884.5215604674
237983.2375954332
238023.1894218809
238183.82155697377
238283.8773344481
238384.55103266807
238443.01987238883
238462.70148092377
238483.56368669137
238484.5181981547
238504.33547494857
238726.18743337906
238923.36685440026
239064.97816372628
239144.63701996155
239183.1566133968
239205.2196429602
239244.5019131631
239264.80000636182
239304.27768589
239341.41760188824
239424.15894964585
239504.17011541623
239583.85634591436
239683.70826373957
239723.5308229761
239823.23781294323
239823.58284901537
239844.08442898918
239943.8230305372
240023.2594978847
240082.07014641984
240120.56252270567
240663.6408700614
240704.02757654613
240723.92780675992
240724.8645324284
240744.91978027133
240904.25626097684
240965.07479255996
240982.9100227659
241123.57853130292
241223.62419503115
241224.0173064859
241342.3215804937
241383.75375460667
241424.55624946306
241562.59670044796
241661.4461872194
241783.87811149572
241830.77353179525
241942.1842348382
242063.30761812674
242085.01067186
242124.09684687597
242284.35487172
242466.08852218883
242484.19104402847
242743.19671529948
242763.1544573999
242903.99489052594
243025.1047529707
243324.13191838685
243824.91839572444
243864.1910745803
243864.73374955438
244020.97274217661
244023.3408487455
244263.91916442986
244364.80833489896
244404.58393183717
244404.87959793198
244524.06371162753
244684.13948901498
244703.8368947441
244724.25947709734
244782.62095705618
244843.37286497455
245064.0466144788
245083.88793178296
245143.67083525684
245183.02697426532
245323.81304747093
245443.73525942763
245644.98304363445
245843.99325779887
246022.19098302998
246101.83829220876
246463.37389302804
246502.6255937282
246783.4369826219
246925.53115901168
246943.28500229467
247123.3202899887
247302.45376010254
247423.50815135115
247464.18754685234
247504.2616476395
247603.40642496097
247623.93312042792
247723.24515076625
247984.49561118486
247993.42803409143
248064.7367420842
248224.16375958637
248323.5525056181
248403.56944432174
248484.07957070324
248524.39800925483
248802.55596290343
248803.8493987669
248905.58228309735
248921.66947334426
249004.24834904165
249043.7968258644
249083.9950449759
249142.88473993045
249163.7274813542
249745.1005931818
249764.455849176
249784.14628425209
249899.5863016927
250524.50674215585
250705.11841513598
250804.0947952971
250822.20523885396
250983.80401777435
251063.9684522965
251223.00220672504
251504.38321103502
251543.5421033709
251551.51108394394
251563.25299255707
251583.4825533842
251922.32853025972
252002.96179845693
252083.87575142816
252123.71884120943
252442.6408997452
252624.44476915707
252664.44411178067
252864.3056125024
253003.07774590107
253203.3392895915
253223.48182768674
253223.519265069
253225.40858503437
253283.58021384804
253304.00187175596
253404.04052206536
253603.88809534616
253643.9267955971
253984.36971617962
254084.39037806704
254123.87379494202
254224.69936249955
254263.40206188388
254364.52376922162
254404.15024072264
254463.54416139243
254543.63124833626
254643.59411052987
254664.26229864117
254724.09428704303
254743.12325462935
254843.80719458967
254903.43073264946
255024.21282475066
255044.30595627037
255052.76294881565
255164.0498699563
255244.35968340473
255339.27955968588
255543.04539778334
255584.10402933336
255623.55311803272
255763.74562116995
255839.60470410978
256003.7349775298
256004.8136208051
256023.50062946873
256122.64566836524
256122.95003768694
256324.5220470601
256403.18803095716
256463.41260808223
257023.02158392727
257023.7771768631
257024.50190788842
257183.34297965048
257504.20096574293
257682.7626835116
257763.98849125035
257903.60592944783
257922.7040954772
258103.45152282613
258464.56984281272
258465.418705731
258563.9298618785
258683.9483415041
258704.1635034993
258704.4818671716
258764.83190370438
258783.48729199986
258823.31413035508
258875.32974951877
258909.83150705817
258943.27396273013
259143.73951130273
