124.79619986154495
126.68449964122385
136.1257003933966
232.33424211987295
232.4197197702118
247.96570653798418
255.54517293220277
378.22792609252485
429.5096575847557
614.9976853470691
627.5577599221901
691.7216493375147
697.3894800621658
782.9977122382608
872.1759202584508
883.7074906653921
897.2055283835435
926.1721895020228
935.608433916394
941.6327526191869
980.4175875107521
986.2528464340483
986.9934206484828
1089.1204494554854
1113.868818396743
1184.0201714833943
1189.1707733758315
1291.3294506302675
1307.0300903121185
1359.9014311572162
1424.0865333147417
1540.9936770681418
1545.8693964676484
1563.8518359848176
1683.905177820655
1800.6205015645212
1866.0631838374732
1898.287026087794
1913.1048669435781
1933.8052857074729
1937.6920238709956
1982.1123582100904
2147.856550976241
2249.80059956073
2393.0158325085604
2550.3554141111194
2645.901786983458
2668.1716392074236
2858.2831451945617
2858.598137174075
2871.029691442107
2871.638410302328
2875.153808609131
2898.851345947117
2954.159632541106
3120.0808725343086
3205.7875594791853
3352.56962239509
3430.256007239881
3435.203139018244
3453.469435495215
3598.601923268769
3644.0220929733714
3698.444163262934
3757.838150930064
3763.170698749831
4072.09819724275
4248.827653293362
4301.680365002243
4357.931671914425
5007.430926345763
5308.974977752193
5477.570809380049
5924.399526617968
6583.13700980108
6803.4157986851515
6835.458579157581
7250.606265647251
7365.860475668888
7375.680443546003
7823.527579550642
8162.062799637028
8339.843583603351
8479.85773704049
9035.134796952703
9058.912100677804
9173.571498941728
9203.281320368696
9274.66104570374
9415.77678249607
9553.589220941907
9554.286376803318
9711.164956524812
9973.383062472054
10461.747018389478
10568.44616892584
10585.448755652598
11117.659873849641
11147.67385589666
11619.912277647982
11644.061869353982
11809.661686305753
11836.408452782676
11912.128920907375
12049.301801153995
12134.260139933489
13750.70886106105
14362.397592366571
14821.608779999442
17205.50311125042
17552.320179268667
18452.722947246777
18670.866354304268
19017.162930088994
19740.677869806976
20364.58820847723
20888.673184986124
21674.95035883296
21786.94133698565
23280.07036176546
23725.460444951073
26839.605634887856
28761.50601907102
29764.808687313198
29765.115417615423
29765.34891909486
29765.510542808475
29765.53092815733
29765.752533698982
29766.49684279787
29766.602480508427
29766.65733115036
29766.7400603199
29767.090751810127
29767.215703991318
29767.829151509944
29767.841956155455
29767.883300441088
29767.90264537701
29768.417418153684
29768.72930812191
29769.100729941154
29769.423889256144
29769.468487070677
29769.975695604207
29770.094749470292
29770.236588716925
29770.29403702844
29770.976098584433
29771.418745367468
29771.495749621747
29771.696100190566
29771.728539626016
29771.86968762133
29771.915144883507
29772.95356179364
29773.505220613686
29773.513925002277
29773.838981403267
29773.914097765315
29774.160706845545
29774.380934916426
29774.57072996083
29774.717942225452
29774.76740387185
29775.04405231452
29775.156645918116
29775.814592175037
29776.317386494902
29776.65513952811
29776.778226889
29776.79023487983
29776.919674769404
29777.244726825746
29777.571324697292
29777.637279148592
29777.692175585882
29778.184022453177
29778.327827657296
29778.429653182462
29778.94177952112
29779.07231532453
29779.259204436847
29780.020994733473
29780.319898464713
29780.3998291606
29780.578256199035
29781.368321316968
29781.596150016325
29781.884390943604
29782.286632444066
29782.65249783973
29782.825841942373
29783.36949570249
29783.747419994386
29783.987830729184
29784.329407470366
29784.753619336887
29785.14275080985
29785.434729624834
29785.48421500563
29785.89424201213
29786.02723493501
29786.10793285242
29786.431030082174
29787.969868442193
29788.06685617231
29788.553243874056
29788.646024501213
29789.770442234516
29790.109867180177
29790.445876909554
29790.702888883312
29790.872806251286
29791.14132750205
29791.45898145231
29791.55211072021
29791.76472647105
29791.855130698066
29792.110923299475
29792.11105892077
29792.275903096357
29792.36520104916
29792.583566257912
29792.63869298176
29792.752246722495
29793.04817264919
29793.548677510382
29793.778196109495
29793.834983461187
29793.97831488134
29794.26855955434
29794.47989511991
29795.615359548254
29795.845947524234
29796.057665846205
29796.088280504202
29796.463940840415
29796.479506164407
29796.751606472462
29796.826576829735
29797.144418507614
29797.5604425774
29797.709145935125
29798.874969375796
29799.353537515988
29800.224469157438
29800.56768425865
29801.08276469689
29801.099553452732
29801.1777284027
29801.720098015918
29802.04931948831
29802.213789235062
29802.477577670783
29802.654151648923
29802.77679759938
29802.823665645697
29803.380705170846
29803.534461797128
29803.5431322413
29803.895618918083
29804.041194010922
29804.49831509261
29804.769090412625
29804.85083264101
29804.877544354644
29805.510663391287
29805.668607492957
29805.749603674394
29805.922016001183
29805.937515726804
29806.52270834032
29807.80966367598
29807.837448057882
29807.976294001834
29808.153256706286
29808.24814879528
29808.503267003085
29808.53156363797
29808.728511908223
29809.160255574618
29809.392067022174
29809.408474131596
29809.471571888513
29810.623492906514
29810.734780949388
29810.936210838518
29810.976595274464
29811.37839219712
29811.902754680166
29812.129923378823
29812.180773912296
29812.309978503254
29812.343200574967
29812.593504051365
29812.69308791454
29812.796105372137
29813.020753647037
29813.101052831218
29813.55343552426
29813.729356942153
29813.877990324207
29814.258151153623
29814.36092854315
29815.038018481187
29815.328988587964
29815.485261400692
29816.9231939148
29817.30365872384
29817.30434575728
29818.340104351537
29818.70833010355
29820.340252156755
29820.711767485307
29820.7367209992
29820.974370829328
29821.08496081487
29821.151880332654
29821.426662703107
29822.209857658243
29822.36718266312
29822.518788618658
29823.002374259377
29823.052792428654
29824.023644497443
29824.375464671604
29824.51693036296
29824.72425559826
29824.95025791124
29825.054063851003
29825.109764037
29825.30599376573
29825.765914676285
29826.258171654576
29827.682040177137
29827.96819273473
29828.080639464697
29828.10389545634
29828.49857983597
29828.654507918214
29829.38681646801
29829.575228444417
29829.82419978756
29829.921312527684
29830.042039583128
29830.19624892624
29830.259847984526
29830.297426606234
29830.312916656734
29830.854644857907
29830.876348370595
29830.89814994744
29831.124858875075
29831.279153004794
29831.383773705034
29832.878710594367
29834.55160235757
29834.765429530675
29834.8746707336
29834.899610432447
29835.145962159546
29835.606634056956
29835.667985696975
29835.677107407584
29835.715714668746
29835.8626684042
29836.594499243005
29836.9885957331
29837.02897192169
29837.04487378943
29837.144793362393
29837.636325576357
29837.676773041858
29837.89187025336
29837.92296240799
29837.97548238962
29838.10106350492
29838.400884860603
29839.022270214704
29839.78166260392
29840.29149225752
29840.360390617167
38399.25311894424
39564.673427560316
39724.11260267318
39770.50547694964
39824.2304457703
39857.12087510128
39924.79255433822
39926.23841119194
39929.39119118046
40120.78123744137
40187.18280979661
40204.89683915703
40269.41597275343
40272.320778241534
40281.77390750045
40374.7538743987
40416.06573383561
40486.54722193411
40605.93628416037
40630.497781987484
40633.758924335285
40820.59636129308
41009.11678095087
41100.043646795624
41254.54908093331
41498.57538255855
41509.11159328412
41618.34300986951
41796.70431310696
41835.01521516714
41969.744673895715
41979.69655600532
42099.01552429026
42203.65636254632
42259.87784713299
42482.04635177428
42696.48093369774
42849.89183517336
42949.207881896466
43000.612487625825
43138.58478058546
43178.88601103887
43411.11912465417
43443.22388135086
43503.553565901086
43522.36977572537
43608.711887634134
43843.67519811674
43860.99432912144
43911.66372170257
43924.127791278406
43965.3235549411
43995.91901128964
44016.826286341806
44260.74984787001
44390.076352505166
44400.172320534446
44432.97029420811
44618.47354186038
44715.431174793535
45016.19379893065
45072.27480512171
45099.320273415666
45235.25091669631
45268.87345934773
45301.6034929005
45389.10779413097
45397.757903022524
45439.42789823846
45470.42207592219
45476.33459226766
45501.32471235426
45629.558065754194
45760.85333130768
45764.31460181261
45867.895579900774
45885.12718304262
45946.76911562866
46020.46328360382
46096.357286036815
46155.81144272318
46161.19917855908
46297.26194198698
46304.4956774143
46305.20744222312
46336.332854396715
46395.14933081107
46454.99172545227
46629.23266097181
46688.783726964975
46716.40867644043
46717.843994659874
46761.63954924561
46793.92438891942
46931.592582592275
46976.19515887322
47024.33669221579
47037.64660653434
47048.42649794602
47144.967294149035
47174.768860316864
47187.327751823395
47462.32636915644
47506.565138851765
47571.28383094825
47577.32686935053
47583.20634644757
47611.46515489213
47685.2200389085
47703.24706995298
47757.357284885715
47764.344233431606
47841.90830567657
47941.86392368317
47952.88366807366
48067.40979130681
48107.152993777774
48206.74708024273
48215.25278260365
48399.44064833143
48621.83015848401
48639.162554304734
48649.92390911259
48844.91956881858
48894.3954112331
48903.09039591068
48956.54952367725
49009.890792920574
49048.93306948666
49098.52445259556
49149.92264048905
49155.000456634385
49174.38197312467
49200.55576191488
49269.128199610226
49307.810287712164
49317.99038844716
49329.894065092
49356.29856647544
49374.82858175135
49415.03240961343
49720.87077007909
50389.77897334231
50458.656310829065
51610.151303555336
51953.675253442096
52064.0384340116
52803.89836799257
53139.50177569947
53691.11084324446
54819.897118008266
54977.493825297985
55277.47076074702
56334.13525753821
56687.42018277998
56823.391948542456
57588.094454966784
58273.70805786133
58275.09330381675
58814.35075196585
59198.52489987378
59235.1303993229
59288.42197775372
59597.85567817183
59743.74964515884
59844.20513277516
59888.69521514404
59955.890279220715
59999.99294255258
60084.521002905974
60125.070974354945
60128.43868890004
60221.70079507904
60232.93035661054
60233.33514613136
60345.820958504075
60347.46289403662
60387.36325290112
60448.4180955839
60458.18683570429
60465.266188356414
60532.59836541108
60552.9757572556
60586.719128976045
60641.13964588897
60644.467955744876
60644.612800378054
60658.19005734299
60707.97394144784
60725.055717748226
60729.8362743939
60761.30811910012
60827.684763895995
60848.194886880454
60854.67860735752
60873.32662461765
60912.828346153045
60949.41975203651
60955.779932209465
61034.84577355379
61051.09961752251
61086.860939877995
61132.561025347604
61149.93841656793
61195.19311386299
61195.38752352353
61262.11401989669
61347.95694333383
61354.982950563055
61408.65775733285
61410.284464501434
61463.62058311514
61476.53744009974
61478.665901749264
61508.26403427431
61531.214003048815
61547.40152993523
61557.184747693675
61558.5964363755
61610.222255939785
61665.926632894676
61699.52417671714
61743.781698050705
61745.74231495971
61746.09867956205
61755.37106871406
61781.91763331653
61811.51466072088
61882.180685049454
61904.365686187746
61914.82260993413
61943.09029002167
61945.84271887646
61946.75055915741
61963.57501765986
61969.048981758475
62032.27650700396
62034.14231554292
62044.084062813905
62301.97230310169
62583.03282024617
62703.98515357177
62716.60755282708
62798.209947899755
63031.584160655155
63210.1175577092
63521.89607702207
63568.26280059913
63598.35111133064
63618.2381500336
64054.58637733297
64081.74157721663
64121.29049527052
64596.5572292941
64712.01163692838
64970.17088777486
65008.395981229514
65177.971685119
65316.141445965826
65505.38076943227
65898.03234953873
66104.57418269145
66230.86362405909
66265.96199094853
66534.80330280446
66554.95137733957
66793.96488727452
66827.24373662907
66845.48779872242
66901.19556237393
67001.55382079452
67440.02898610118
67771.31199880691
67918.7823370619
68018.96442502893
68197.51744677797
68282.63575667512
68580.19076433404
68660.39020489142
68814.90210692027
68902.37176838612
69014.55896835549
69211.64400593386
70141.86507068884
70324.72793114623
70429.22849426643
70430.74597512401
70523.94887048639
70547.55170151246
70623.64001349673
70707.40226007972
70723.47811677665
70785.69854326962
70828.63519224086
70932.8600994744
70943.60699799149
71060.83838703675
71138.11717498583
71147.75334441823
71344.31800340627
71344.54024988995
71484.63970405488
71729.81913143287
71826.75499511833
71904.45278122017
72215.15452264396
72317.07162944206
72329.77153111045
72347.59389784584
72423.72003099641
72493.29256356646
72805.86595876665
72807.34135094396
72813.78725219647
72877.23200487507
72919.71806240507
73061.37571002054
73140.89270392971
73341.13666032403
73388.12395343393
73401.96548299456
73554.75214667537
73633.99272942408
73702.61519994638
73859.33592673228
73931.0276093775
73938.53900883949
74070.78170707778
74108.49388185181
74156.83601984978
74231.0711433039
74236.30513870614
74263.00060403906
74387.06226666753
74511.63531563416
74625.43898902037
74899.33897229514
74912.95169701961
74936.74535826656
74977.23841935216
75055.3128801194
75210.26199445922
75219.87230738054
75250.07211449779
75268.34834447395
75315.41797915017
75338.22940400564
75731.40599135138
75743.47961622528
75775.44845962645
76235.2977382184
76274.26441714936
76300.85161339425
76390.78663439392
76484.84419629289
76669.00655613469
76720.23214445614
76784.7204922604
76814.5380395379
76883.77595270466
77017.66342122875
77165.63548253846
77189.54645254697
77396.6110683641
77453.27710870131
77486.88484918996
77542.55509121288
77559.09981705848
77566.27622599206
77646.07698558396
77739.28195589225
77742.38519907113
77886.4322349223
77933.03991758164
78280.85249080618
78387.29377269061
78434.24820905262
78603.09109823994
78745.70140842893
78774.76833065767
78846.85946872104
79039.10966363405
79225.54795966076
79252.58519920468
79486.7313525025
79486.7858461575
79699.2928144464
79813.65765015865
79824.06355204346
79829.62453352047
79878.20531050516
79894.41985701477
80081.78815387149
80196.5552038489
80222.73921057834
80265.19371532736
80534.9056795883
80536.09419902162
80558.55194458147
80727.45515362419
80956.8559875794
81192.13068481188
81202.40298471293
81257.95203361638
81339.53004176455
81365.86105885907
81421.46881666066
81502.50474813159
81552.90407351668
81619.74130361756
81797.77320703585
81949.49215370846
82038.93095297646
82102.87960870723
82246.89676777694
82331.04740367318
82532.91000156573
82632.60163150825
82704.01024013577
82791.3732569447
82877.6872910717
82898.49490976999
83061.43531128249
83183.19899220053
83408.5946364154
83477.52389343143
83506.53158942584
83666.20130907168
83758.38814814361
83815.41530068059
84387.34382039229
84387.86236126599
84506.30676003142
84523.11498135948
84675.91377705899
84754.731817925
84778.31052180851
84779.00276680315
84837.56087443864
84854.0617746056
85019.71961510328
85192.37052287116
85199.7130738333
85207.09757462122
85285.95076413164
85370.8182096147
85536.69765100225
85582.09936655533
85653.35842386098
85710.14386659265
85741.6671461406
85899.66364942386
85920.73900611325
85942.88608607832
86100.8711754263
86142.36205550445
86146.68970413071
86276.10696139847
86297.75886908382
86339.42650232918
86415.38627467558
86422.57519120444
86535.87040947344
86544.15433463582
86583.76361128272
86619.89099386889
86644.08906896561
86658.28889138224
86905.48489339626
87028.62004686418
87037.98612445308
87064.24868316173
87074.24820697795
87145.61215848383
87242.13381085056
87247.71266215811
87335.1916238755
87389.94718252901
87401.8414409017
87404.23908054216
87615.3755776505
87667.27502654777
87675.57196379703
87678.36002423873
87708.69818099312
87804.0619849342
88009.81499706366
88061.86239106566
88142.37786979112
88179.61731780274
88209.29507914641
88248.68777474544
88401.75622818629
88409.00945500702
88674.05285996673
88676.52329907859
88773.26397183962
88773.739223525
88778.61156506882
88826.28962039543
88833.88643781267
89045.02705521196
89093.47807867704
89133.68152636738
89165.57484586374
89174.22612060118
89197.05258235685
89200.20492306892
89234.36261511937
89236.66340485506
89268.30583694545
89559.97920321736
89783.21244541935
89848.4859532557
89889.83485358863
89899.74301944187
89976.01434048115
90003.64269220884
90023.02999995578
90251.05965202696
90330.66821195261
91382.59312980672
91396.71449095165
91641.1797582477
91704.97998101237
92261.50953720069
92539.19720888909
92574.95449574867
92582.32016927526
92706.57986644325
92748.03330539158
92777.35844790113
92931.43951965786
93257.323664234
93286.94672269162
93387.21273544467
93526.23066964872
93714.02749269683
93964.6241935834
94351.71931728633
94607.10084424945
95157.35133933842
95342.18054169777
95354.14751124143
96319.63002446803
96633.19600399457
97160.02529134354
97217.8882025835
97617.31086710194
97978.48607737696
98219.18618056414
98355.84682149797
98712.40908914889
98963.51840946628
99690.7552124105
100467.90002506909
100699.77648024104
102098.95022742331
102337.3327803858
102844.45610214044
103104.59376700048
103178.12597226317
103699.27943944429
104552.14622116787
104706.86496140089
105048.08751316613
105290.14991893918
105711.63434023983
106626.76738309793
107175.63949344386
108744.82568813127
109303.71527375662
110803.78514384452
112535.68434589179
115232.60120798243
115667.73964338489
115990.93309376392
116165.30182411395
116165.8132082902
116165.98995150739
116166.04207253442
116166.23237488561
116166.37788498681
116166.91012396551
116166.91235188216
116167.14085837636
116167.16983299129
116167.24191356899
116167.41728356498
116167.42887170664
116167.46787524025
116167.65291855915
116167.68812390967
116168.25469997323
116169.00034217213
116169.35298316363
116169.56494567561
116169.78104539683
116169.97055543406
116170.00086065222
116170.11587380049
116170.59824704236
116170.71944546516
116170.8972160479
116171.62526113821
116171.98092342084
116172.76715932257
116172.82248667325
116173.11352624469
116173.32014655611
116173.47039465816
116173.62952310036
116173.65565375853
116173.72181511793
116173.99478572037
116174.23062791003
116174.25268302317
116174.37764593987
116174.39782384882
116174.781550013
116175.45107928681
116176.37437125613
116176.54609166758
116176.6324490351
116177.80909950848
116178.29207136035
116178.62689569342
116178.7414521329
116178.92712714992
116179.1511464429
116179.4739851742
116179.96601955741
116180.26448423126
116180.29012308625
116180.4896968234
116181.44354858526
116181.93199216995
116182.3128893046
116182.35612919356
116182.41308006036
116183.33369946678
116183.6493709541
116184.05031113872
116184.70127353475
116185.12345035428
116185.71066730403
116185.71727755215
116185.85844301042
116185.98550527447
116186.08066427412
116186.23811932193
116186.25926308002
116186.27846171985
116187.01680829981
116187.39195276651
116187.54354283215
116187.62455112564
116188.24062027168
116188.41992161954
116188.49473837312
116188.56696673222
116188.6761584655
116189.2918800829
116189.40903465128
116189.60861788082
116189.72876519884
116190.39333102177
116190.50096672933
116190.51046404947
116190.96666080377
116191.02120262243
116192.40760653943
116192.84816877048
116193.60566259862
116194.23334653603
116194.60370550764
116194.78476740175
116194.94605916542
116195.44638075266
116195.73907409143
116196.10688497673
116196.73131956933
116196.7358587884
116197.03091818928
116197.26724439464
116197.6408504477
116198.13396157921
116198.4604739284
116198.58697329115
116199.77171440488
116199.89540713895
116200.67302933263
116200.92648653963
116201.92283388329
116201.96351173767
116202.6575875269
116203.14788928698
116203.65499214479
116204.44262099452
116204.59105137289
116204.6065718284
116204.72060674665
116205.57202769976
116205.59852183086
116205.91776994585
116206.28975772789
116206.55847520754
116206.57810508324
116207.40520120796
116208.05121317014
116208.13621544228
116208.66177052323
116208.68988207204
116209.07766146366
116210.42431196762
116210.691660374
116210.90178702737
116211.45887658701
116211.97339489502
116212.65990461204
116213.3339403959
116213.5489406233
116213.76692757315
116213.76818383306
116213.96395658738
116213.97254949652
116214.11401629026
116214.24605981234
116214.50636346635
116214.70113711827
116214.90639910838
116215.00148451216
116215.42702603259
116216.14687706856
116216.33733329752
116216.93410527348
116216.96466712913
116217.4309084912
116217.52564246143
116217.61279462095
116218.14772344647
116219.14904592658
116219.44956027856
116219.4977746775
116219.90891911006
116219.93669439956
116219.94323827716
116220.15887715254
116220.4786815435
116220.51203770135
116220.78163172682
116221.38579816479
116221.4166131969
116222.43245422316
116222.64970529561
116222.73974749164
116223.10498624816
116223.39493923075
116223.48410735109
116223.74662235423
116223.81320563781
116225.10368987943
116225.32002868623
116225.48972171602
116225.53329160705
116226.81501298552
116227.01296495569
116227.11827544135
116227.37400894728
116228.07270492642
116228.12668166534
116228.72129198298
116229.04063635124
116229.40468385647
116229.8484866906
116230.48772077702
116230.87554675587
116231.17448380878
116231.2280195315
116231.3228099617
116231.50598322146
116231.94619605904
116232.37331710318
116233.24118068027
116233.87237277803
116234.1502373383
116234.34573724392
116234.39046260351
116234.41345639815
116234.52933996357
116234.78161994653
116234.81457140505
116234.98047565972
116235.22384030544
116235.40950890405
116235.77456945175
116235.86042530843
116236.29990190412
116236.31438048636
116236.87800331923
116236.88918639364
116236.9049914587
116237.06412686405
116237.34200198039
116237.61973834231
116238.0888184606
116238.35645816845
116238.5349808553
116238.55860475567
116238.5949197655
116238.63262584449
116238.6642801309
116239.1403806093
116239.36643176619
116239.70024245037
116239.86995230551
125898.7722781779
125902.2944368168
126138.90003077174
126222.35020987403
126286.59083916739
126298.27211416901
126372.72244640253
126483.4117729288
126536.71239959159
126607.54183409261
126627.48491658646
126791.26447306859
126932.89567016024
126984.73152966774
127022.84633732456
127025.35859942992
127176.85646129432
127291.47407102163
127372.11879674785
127396.34693985345
127598.0775057308
127771.80209674677
127827.36744187165
127889.34240259121
127912.08375618176
127957.50056277114
128022.96966970993
128023.03446391335
128095.89874258518
128111.15227261308
128125.94315233547
128192.29432616204
128273.61150336248
128280.89283780288
128372.71568831557
128421.14559929003
128439.09228792724
128459.95111088346
128491.6340562041
128521.35034796875
128578.81446195749
128669.43313061964
128807.73590437154
128841.43259238172
128971.53302433359
129009.47105575699
129021.74886148119
129205.62635642593
129213.223034209
129316.52283451837
129392.18257620234
129409.69317464136
129413.94681262528
129477.74630738306
129589.8692335395
129623.6908286484
129937.62981105971
130067.3030618965
130111.42063974123
130243.66256851784
130485.3028776783
130510.43216421723
130514.66093926317
130518.29614356338
130590.60787615448
130618.17138377306
130642.45023364559
130886.13621651872
130920.25091912027
131356.88712069983
131438.189489701
131458.62318612353
131566.1812588718
131695.40673240376
131709.32814511383
131746.47573247025
131792.57586002932
131815.85154812215
131841.1510720739
132052.71212837409
132059.45782985358
132073.4569615858
132238.4234888637
132306.74192827498
132332.93112545248
132463.98752320395
132483.80950183698
132485.75568549102
132510.87160569418
132548.9183357621
132729.560835805
132781.50244680967
132941.16314811312
132981.65092302536
133256.3280084573
133320.23281670114
133387.06128418163
133388.0157679102
133433.1718728526
133498.7998146967
133501.7790132843
133770.30072649408
133775.10262815002
133804.53057244405
133830.8628502254
133895.64882176917
133962.86420887426
133980.15273884975
134123.51314392823
134152.94762091507
134247.80050723068
134371.28649406406
134601.49900007065
134636.31957165556
134649.324351372
134846.3941867163
134862.89987962449
134919.91697420634
135020.25177993858
135049.31374697923
135104.2915429223
135120.5763587192
135255.23405468796
135313.31726785464
135395.39398945845
135437.2646574241
135441.69086268175
135460.13038947998
135479.17948608845
135515.66146005984
135637.4895852461
135680.63552892703
135718.81315583154
136041.81852120665
136457.92884094204
137274.34781012076
137512.23731025693
137550.41106676828
137880.6517817497
138000.43520337055
138544.48766770182
138912.86353221687
139662.1362040006
139768.83199392917
140604.7229406565
141335.69287734805
141682.045638222
141961.80874374506
142192.38203535113
142232.1280295359
142417.12077529673
142536.0010450578
142904.52049632696
143017.7301952197
143441.86746563166
143885.4839267383
145070.9435219778
145235.80274844926
146305.14627834404
146306.74538680317
146344.65165819984
146375.9189175348
146384.90687879015
146397.06552520918
146448.32470817157
146455.4933968481
146573.1872883855
146646.92785461253
146711.97048714123
146750.77689948585
146835.60714295314
146868.7239899812
146911.03952550527
147020.35770209713
147039.47050376446
147168.10010916324
147172.23402829387
147190.03442540747
147200.26751192415
147218.1874790075
147243.4582915897
147388.65395598122
147494.7934070417
147537.8567927882
147619.64528707377
147638.03941948747
147796.03309442746
147846.23031513082
147905.84324099572
147964.88057629467
147994.29031619453
148038.52174973144
148071.6067258934
148208.86323455442
148262.48576028732
148278.13741670368
148429.67612407045
148775.17464174188
148791.43608139662
148969.61378445497
148989.02823577306
149088.8942931222
149506.68433342967
149711.046546368
149740.79154595837
149877.93487355436
149891.7681027435
149939.58379072056
149994.96208994102
150197.12343755725
150216.458857845
150323.9899577999
150407.87725999957
150545.09153589228
150687.88595714959
150737.34126096053
150896.5345268338
150911.6134231392
151107.54105289368
151271.6154015484
151315.11702741325
151387.6560763326
151407.36612629914
151671.08752814686
151686.8336832751
152148.30486152833
152157.1150374485
152234.94941660808
152275.7341062153
152541.88771507534
152797.300302247
152892.5601679936
152955.06135653434
153087.876120193
153253.2492900386
153259.01150234148
153265.8659864327
153433.34286377992
153615.84010026773
153675.47397267874
153909.91783069086
153927.98358943715
153935.1764724012
154245.84492458822
154410.9807222748
154435.5749935574
154590.19099461974
154817.39880510897
155090.3890496281
155438.0228333047
155537.46279770508
155563.99116941207
155818.505823326
156688.9172930118
156787.67151998795
156948.67985958737
156996.6886175623
157057.61177064836
157166.39365613108
157217.90665605263
157316.03667701303
157321.7664469419
157417.87687680038
157429.93423662553
157517.40677027497
157522.4547100398
157642.88965359668
157891.62647404964
157918.2295193237
157999.35348569442
158082.11611463025
158186.32094030053
158236.29794148315
158270.2103828325
158293.35261073295
158313.1522200383
158387.02772592893
158417.2800640402
158430.10681099194
158519.09077593568
158609.17749109675
158727.55818351725
158767.6910976699
158846.10524424457
158857.4319684113
158931.80416150132
159146.97536077767
159172.29443166763
159250.01747940242
159390.9315989365
159415.1885350516
159613.836152293
159634.517291512
159641.2962841291
159658.61073359544
159826.731283275
159833.7774303644
159943.47914314712
159953.93678190652
159987.47183934262
159992.5439579956
160008.0680289255
160086.46141860343
160242.77847646934
160250.6298032113
160366.4205345817
160705.81451347886
160883.4416784034
161062.44581691068
161252.56772651715
161378.9338527841
161556.58460162833
161576.1892791012
161929.64887859582
162022.37144951848
162053.95484134473
162313.37914228236
162439.23360091448
162492.67793453945
162799.46167213473
162884.19665151133
162931.19088295987
163014.13307482656
163104.3669608087
163294.87538921775
163511.98120003723
163636.0243654818
163733.91840987912
163737.02111171986
163864.51701880706
163880.17639994388
164037.17306152056
164088.70222394474
164494.63001852125
164499.33303140887
164556.9405579191
164613.61868830147
164624.45580686745
164637.08714568976
164871.33190010724
165013.63564965586
165032.15838912857
165209.0178101255
165245.14388772583
165314.4523162436
165316.73081000944
165543.55489209737
165552.1745374464
165790.61874542694
165796.61848545205
165808.18252836494
165827.1251746605
165868.29411278054
166096.63851923964
166124.1015487351
166174.19065644627
166189.62042206066
166241.4762867082
166473.97732912397
166499.01093009597
166518.94385326188
166547.83571856155
166548.6134924278
166568.36939368543
166832.05196141655
166849.76698021602
166934.1584181381
167025.44642755017
167078.9572351941
167183.83379855094
167270.6709366233
167311.17772630113
167330.34748193284
167392.9622175484
167705.43055139104
167718.87435971998
167792.27381468
167853.81342758372
168079.4512930842
168404.07269586023
168510.28951845708
168537.80296466924
168569.78467968135
168578.35773935623
168662.10438931565
168679.55385195476
168974.01398934284
169027.89296397334
169045.42832596472
169191.42713739644
169228.73340520356
169278.35782640852
169362.55385127012
169446.25058480125
169761.7109746536
169787.8679014673
170106.78463370225
170109.67882862437
170133.64606576826
170133.80622299062
170159.60659213073
170307.10136261472
170366.8719602169
170428.1508578144
170562.7176938681
170572.21703308
170649.73770436365
170752.222238479
170828.31909505866
170834.08936931367
170835.9520540811
170857.8047118908
170881.431621454
170977.80218989894
171007.45058776753
171009.23147186835
171085.87687897438
171123.30710801488
171272.1377948636
171408.29255923285
171449.9710224421
171472.30570386347
171518.02586428763
171580.5662073887
171663.97560111783
171704.06346291408
171716.63392688934
171839.89668384742
171936.17208394202
171991.11459626973
172079.40733624506
172255.86230082152
172411.6157734638
172482.57093826975
172568.26557506222
172587.07900383015
172627.5324435052
172692.19580792173
172715.773291528
172734.30248221272
172778.94659227412
172841.77605554872
173114.01220157987
173152.5206915457
173207.9569719049
173314.72663938827
173354.8241820791
173408.5224426219
173417.88671829048
173454.3760814718
173566.57913844913
173861.18430656538
173949.04197637783
174198.6391472749
174232.84974257048
174474.90730656945
174488.8737914843
174493.79703129147
174597.5585575143
174617.04656698648
174660.3128868674
174664.16321121636
174705.58146643382
174797.36316995378
174823.17446173955
174843.60152152507
174930.74469265522
174947.42651364996
174958.359642317
174976.29328832714
175029.27993414743
175256.6811665629
175268.370120433
175326.49903336877
175379.56760548556
175403.12959926663
175447.1171291351
175511.1490344782
175646.93364748167
175700.7510624523
175715.1478187478
175726.19640005194
175842.15816969468
175881.99470008412
175927.81553787016
176002.65156223477
176003.5760730854
176093.3742808317
176139.98422607713
176201.74645260797
176241.3128636553
176400.48421376274
176500.59763110153
176543.088527553
176595.63808542877
177239.7943373947
177435.80065778285
177593.0952713909
177804.34026299528
177818.36031661546
177859.11772722128
178284.35339446127
178939.39074827227
179088.70580037485
180064.49253851746
180304.4433583549
180433.65569933035
180558.80945469075
180840.89860578626
181029.31982181928
181377.21350936795
181471.70043244326
182130.70828833626
182154.48182798555
182184.1975606196
182557.66664884533
183069.46270759765
183100.65036498843
183310.0491175322
183557.56875011107
183599.03785198356
184339.72322080756
184668.023214204
184844.66076691702
184916.6253524366
184950.13236378587
185163.2912136474
185254.18940764078
185311.28144041068
185333.56080183154
185375.7170751505
186136.65582842182
186637.9546471836
188654.3787435825
188873.65336091942
188942.4588425329
190056.21458413368
190626.0508777001
191437.37703689912
191587.13210037412
191703.77504673728
194063.47200614598
196078.79174644646
196398.78252615084
198620.01878067676
199648.25836755396
200033.11092544993
200892.94304353202
202565.05953057818
202565.14027101034
202565.18045045418
202565.39425192567
202565.4251019407
202565.58610191345
202565.96973823418
202566.43470502304
202566.45384817146
202566.48091581927
202566.78377005682
202567.37404284155
202567.6065068586
202568.84487041683
202569.46056449122
202570.67312606546
202571.06829273724
202571.34428045998
202571.4392957969
202571.9857637777
202572.02050895756
202573.44002857522
202573.45517233215
202574.12217934296
202574.1961719175
202574.8525522946
202575.15139772106
202575.18458472184
202575.20968584614
202575.5223881453
202575.65399283424
202575.94033723505
202576.55904153583
202576.75831700303
202577.01094632375
202577.09679592287
202577.17484599494
202577.19917566556
202577.35589806293
202577.5468714446
202577.7939558829
202577.96742344956
202579.5686649753
202579.80232346992
202580.3858974976
202580.4903145116
202580.55259540206
202580.62062171515
202580.83929691234
202581.21669163718
202581.44656827647
202581.47101451774
202581.5745564466
202581.61460086194
202581.82430585547
202581.8461895854
202581.90701894317
202581.99575435137
202582.29146428284
202582.34557585063
202582.54462873138
202582.8534628119
202582.96225018505
202583.074218761
202583.26723599975
202583.36164860585
202583.46016646893
202583.5843028673
202583.861017446
202584.11408474552
202584.56761591957
202585.48314550097
202585.60457678564
202585.6301122853
202586.05910009437
202586.36655234106
202586.49819267774
202586.64513060875
202586.79932836303
202586.81842063618
202587.11011446637
202587.2011703925
202587.4430736829
202587.74354470853
202588.15184560302
202588.16219420123
202588.53121556746
202588.96046796514
202589.13512425913
202589.569535903
202589.64983986918
202589.80530420895
202590.08133236502
202590.083286368
202590.27304998963
202590.73406130838
202590.76601666916
202590.86721173226
202590.90713735876
202591.08069701478
202591.27947282002
202591.91854307996
202592.07841146097
202592.16339575872
202592.23075864068
202592.26937477448
202592.42100716993
202592.57493008027
202592.6811139513
202593.019448715
202593.96176758793
202594.23125061445
202594.56232790108
202594.71087318516
202594.86841850568
202595.29914913687
202595.49397628702
202595.56477335133
202595.6766150776
202595.68316063995
202595.88950948283
202595.96833984417
202596.35031699864
202596.5245879273
202597.1713385013
202597.1770755991
202598.0848547969
202598.32273163434
202598.32321784477
202599.19719596955
202599.32377718465
202600.3592317753
202601.01007701037
202602.10741002293
202602.436264233
202602.64922329976
202602.91073204303
202603.5631816473
202603.6596463409
202604.48190662748
202604.64058570648
202604.6749136924
202604.79305420525
202604.88931504596
202605.07295352084
202605.16122846815
202605.26774285326
202605.41398856963
202605.6079416483
202605.81006073585
202606.09364956844
202606.14339237256
202606.36546918075
202606.4051683235
202606.45539523702
202606.5751557089
202606.75942663633
202607.6669195716
202608.51917461422
202608.71081441874
202608.8967137541
202609.0798393794
202609.1302878459
202609.584498361
202609.70071892592
202609.76910046805
202609.84718807368
202609.905205434
202610.02520144108
202610.5310444598
202610.5975090544
202611.1243973541
202611.34086610778
202611.7472699904
202612.00931910868
202612.8199983386
202613.23225194807
202613.32706223754
202613.47375343248
202613.7731425397
202613.80669427887
202614.79390121694
202615.08922945024
202615.16543491985
202616.02234258968
202616.02775218035
202616.44321390393
202616.52559378804
202616.80497934445
202617.71741288045
202617.7257879192
202618.1445898659
202618.4283026729
202618.7173583648
202618.77366833514
202619.21812942912
202619.33866711278
202619.54987663828
202619.85368814346
202619.85713771672
202619.91062567703
202619.98845275567
202620.3262755767
202620.76131154358
202621.03798630083
202621.1908248904
202621.67669304705
202621.86370083445
202621.97675944676
202621.99420458433
202622.56109600022
202622.89095786258
202622.91061420855
202623.0126506708
202623.719961697
202624.22309458372
202624.59829830733
202624.98502406248
202625.39319615177
202625.5084688844
202626.04858284286
202626.4286752655
202626.4415766709
202627.43232360965
202627.7396823932
202627.77469369743
202628.25718919304
202628.41245718172
202629.0832155234
202629.08918167962
202629.75666627949
202629.90610141153
202630.12766438816
202630.73118860697
202630.8789246492
202630.96805280575
202631.23015295566
202632.46304989862
202632.58565024502
202632.8976953256
202633.04791892288
202633.24982469875
202633.41275229957
202634.32330492776
202634.41311564422
202634.60700095654
202634.72193564317
202634.9619934023
202635.13607573527
202635.69578809643
202635.77552065186
202636.192423083
202636.3629975703
202636.45322480114
202636.98495199342
202637.0914448438
202637.12984589685
202637.22651139915
202637.7141973775
202638.28745501715
202638.85161734704
202640.01808241298
202640.08398656678
202640.1260010974
212340.46444021162
212354.63754508566
212417.05753666922
212590.26803666377
212609.78290182218
212623.69524797238
212630.97620321775
212647.90468465554
212717.82189712953
212764.99714211194
212831.85240773298
212882.87164759057
212947.42822392774
212957.98950225525
212969.22395442193
213030.48447078062
213093.4470472632
213191.32848809933
213385.77680228185
213606.20564501287
213631.455314826
213692.21205683396
213726.49369245805
213736.0033584325
213813.89111659295
213910.85141866544
214109.5477882644
214222.34142820476
214351.9609204189
214422.23950498662
214618.44225378413
214698.56818948156
214745.78965087392
214754.05442160543
214874.04691149836
215020.43212012333
215093.26460042063
215247.72084751606
215288.4779638733
215318.1320837806
215359.8198633446
215435.09817852787
215718.0124918389
215846.73966955638
215852.99339672964
216028.43973583748
216137.75775055776
216144.37195448368
216189.22912486226
216229.59127877138
216258.11857417805
216282.77965853206
216398.9821293585
216526.89150408847
216545.35997828815
216569.57511414733
216613.5694515046
216714.81802211018
216724.8731308709
216734.8025445828
216788.34478622858
216832.63985304022
216853.00915151997
216887.05931947258
216894.9597253984
216901.53899838275
216951.29051846804
216992.41287899448
217052.81305993674
217079.72376367732
217162.8684223789
217194.02155734078
217195.5216211404
217198.04728164762
217371.55093695875
217440.73283833577
217465.22880263592
217517.6393483595
217671.12814374352
217737.5008910643
217778.05506810412
217804.1036277343
217919.1100561332
217955.18096006385
217988.3293698515
218187.12993943022
218190.43601944335
218213.42999930322
218215.44965264894
218247.66197211453
218261.43312433996
218286.60636314526
218334.6382131615
218347.71647336415
218387.04223956377
218392.82301035154
218411.33150276044
218467.85429328284
218586.49424765736
218670.56240884142
218703.97545846473
218739.20016295757
218762.29433410492
218861.6820072712
218977.09213539158
219059.9440123389
219093.14210359717
219122.1024209864
219143.43226767945
219147.447935252
219458.89131710408
219521.84341381444
219606.102629271
219677.87640072446
219747.070350793
219768.5435423135
219872.83406851295
219992.77858052755
220017.80562620726
220075.26538661917
220120.8513088327
220144.99972798658
220197.24371184382
220259.42213233252
220342.22528641956
220425.48363748495
220473.46259918
220542.6730256907
220589.06773667104
220801.01103941587
220830.96610633924
220867.86245018977
221012.7641174956
221105.09479279362
221154.2738023511
221400.90136897733
221455.32773500195
221541.01994378556
221577.4551960996
221731.65979399058
221743.4076905498
221764.99328625682
221791.95872669676
221835.852418816
222077.01939120993
222175.6883296214
222200.10394397983
222442.64530329156
223441.03438784424
223561.79655830175
224420.21175106376
224631.75478914566
225173.4371286197
225959.15806555477
226575.34528296907
226741.90274222102
227749.90869199132
228413.40117613526
229865.04513233493
230104.01972301083
230258.16380120965
230468.47727523223
230736.38518028083
232093.04317581482
232318.7484135374
232828.3001095547
232889.2756326496
232917.35061465425
232917.54185981897
232972.21943656934
232972.2570721706
232997.8618232397
233029.07392607944
233088.6377725864
233099.63894033874
233151.06380174775
233151.79034435685
233156.14956121758
233179.92356889194
233248.3483059474
233265.88810585818
233293.8010763288
233301.37795221418
233444.3084497187
233448.6012436906
233473.81512140215
233539.25412731187
233549.6541136509
233550.65763314016
233561.21157645315
233561.81467753282
233572.5503079237
233574.2030378284
233642.1780010532
233659.16578460453
233707.89359352196
233732.40498736597
233757.04030332668
233821.82337362663
233848.0688915088
233911.9984936964
233917.45705730605
233925.54931142906
233928.24019139085
233962.7526675592
233967.1205387112
233968.09119295844
233968.50557275588
233980.11611259385
233991.03673430198
234052.94283351288
234191.33806401174
234289.10541038914
234298.97368221113
234369.3258357646
234485.02532767766
234499.35837410766
234505.52041893327
234538.8346900492
234610.0245325754
234619.10919610655
234694.43796254217
234838.3417412416
234838.80391623036
234848.4434758536
234976.17568328851
234980.7498393312
234996.25542058484
235258.41367332122
235466.3220673155
235652.09959377744
235666.89814631784
235710.31097373035
236086.86571840264
236556.81436925268
236600.9725928109
237015.56444229995
237046.9269891285
237356.61481134902
237445.03195598884
237571.871787862
237816.9471469982
237885.1234791263
237936.4406164801
237966.4657144108
237995.1686571676
238147.29874141398
238174.15080573698
238204.9730554623
238352.94724302873
238825.4415954476
239190.37566863847
239191.25989823102
239270.05998385564
239295.6675103386
239464.14888390526
239512.0189940114
239571.40689574726
239579.91035654081
239643.94625243032
240383.67094065953
240395.4769984522
240539.72247513247
240602.96647528026
240640.5201585462
240683.06848337455
240771.40062549472
240911.93889273948
241299.9416734983
241331.805194537
241651.67712297104
241657.91836576074
241891.49931860616
242095.18984740126
242185.65531195476
242384.89190475445
242396.20644042877
242478.04305451788
242570.562811394
243012.44045036047
243318.9803755569
243322.3362633034
243348.08592025144
243376.88450538984
243424.36110166472
243472.1783195449
243764.48928862746
243842.59008302877
244035.45095343894
244052.88646225305
244081.83574919167
244090.44124121108
244098.78539785932
244105.31536328816
244192.39901221677
244412.80574556312
244489.93369158646
244940.70778246294
245024.2129316338
245045.68550303823
245057.01902943177
245090.6807126461
245199.32975647147
245204.61376346654
245204.69567619418
245236.68082506553
245306.64116978785
245350.02553723234
245551.00323897123
245553.32057150226
245603.71183680434
245678.35959638463
245686.07030130285
245836.22712714958
245945.55928343063
246078.81976604625
246096.13367202395
246107.71072097574
246119.762581638
246214.58135963598
246248.07494105643
246293.8877143197
246366.46157263755
246436.45650281123
246440.78269136822
246471.25981963016
246474.2437644307
246779.73260060267
247086.47362979644
247143.8552952147
247219.65027172747
247301.64518460818
247374.46528995788
247424.46885866683
247427.8383465696
247509.64350929792
247521.74620999733
247573.32890631532
247685.08807019793
247813.80646694906
247922.2832759851
247999.79683270666
248316.46719800477
248350.57762053626
248386.50898622343
248478.52148341463
248541.68659193465
248581.98889442184
248642.1412200487
248644.3747744922
248726.12490611974
248900.86277361086
248935.58642733013
249106.72024604716
249184.60083758307
249298.57528764204
249305.5702010167
249341.93355596694
249367.25620389695
249755.04316984213
249841.18699712883
249950.64248823977
250152.24336413795
250338.3250759145
250484.24524056364
250619.23483200796
250677.60495445307
250747.05312282295
250936.24763600854
251009.19752046285
251018.90312758047
251023.597353804
251113.8616477354
251175.05385461712
251199.53805600357
251250.71347019452
251337.15245544768
251342.17643990822
251401.0708256879
251438.5127689534
251492.23450902913
251728.21623602282
251734.62916436233
251841.40276710884
252026.155246899
252055.12957804295
252148.17157352465
252188.9813152841
252290.95611608328
252424.19745405344
252517.8393732282
252656.01500203618
252710.36254584295
252891.9678492184
252958.93901834398
252986.75799778302
253057.53430080027
253074.054260417
253133.7177769814
253142.6838862882
253160.34260691667
253202.7013558161
253240.8072686969
253353.03443914006
253368.15276538377
253394.42538796188
253440.08290393866
253643.67213685578
253666.22015000175
253876.1951083832
253892.37415782013
254011.37400270865
254125.57327409467
254186.05843303696
254239.07796860946
254290.63159251626
254395.265621837
254438.92675873707
254521.1931941497
254622.65864002943
254671.80253436236
254698.0089357691
254767.17529564042
254821.89435024018
254877.49004127402
254960.8058399674
254994.3170992484
255007.90113444705
255171.7540997602
255220.9818836946
255279.35943686648
255301.14714329364
255358.77955913253
255439.66489651427
255579.97729400525
255587.16793026385
255614.57327444814
255955.1095000208
256012.16858817346
256048.74492382375
256116.821826585
256191.49957448355
256194.25399624556
256258.93852314528
256477.41630925878
256507.0728132297
256514.81663345694
256636.91750416422
256722.815296405
256764.72404791205
256782.02948150868
256844.05035925988
256886.49301997584
256906.64943365077
256927.62999682134
257140.57025204253
257180.22345272696
257221.8899027994
257239.9676717922
257245.15742052952
257260.08911994798
257293.93372455105
257331.17669812054
257340.08999001223
257630.05023210874
257730.17550779006
257840.60352456424
257918.4850728573
257953.59100880224
258044.248086999
258052.29788313995
258062.1587264638
258109.81686162055
258271.622237795
258476.54857397603
258544.24706333526
258556.50259639166
258567.702163678
258577.76602186123
258628.6454674219
258665.885551512
258675.01566897612
258781.96530568393
258793.17519827542
258804.10954686732
258884.5330695451
259009.0297509621
259096.9618417437
259143.2441102779
