150.56238131927046
955.6393934305552
1333.5813001876568
1365.1468032820899
1584.6485356297974
1676.5891971360686
2208.6078471541286
2267.7222345063415
2319.776092645658
2399.083106598242
2601.716664818566
2645.107758791706
2677.9264058860554
2766.7171273421563
2936.1762171116297
3187.964225753248
3309.359463623494
3559.3037247822103
3625.0116480329884
4868.983175944151
5202.678197478203
5276.457607241435
5386.738535309781
5703.22696778663
6362.763049176638
6508.230135700174
6726.454585668538
6915.415031444081
7070.926272166401
7186.829678464427
7309.685410547448
7388.197016703377
7442.7474996501205
7508.528212146503
7711.033442441614
7723.468602931943
7744.2030478007955
7753.262819621113
7757.19840901461
7806.6925754042695
7817.412240677851
7823.418767436017
7833.301065856437
7858.741301448438
7879.79509390838
7892.226842325047
7893.56629685506
7896.220859327494
7904.276316206882
7904.878863223153
7910.0438068169215
7958.094855183957
7968.623632684701
7997.144022528657
8004.391860207454
8012.316429303755
8016.53607545392
8026.01608214004
8064.1765438843295
8102.145461635198
8103.243843368944
8125.5701166116905
8135.102877206575
8205.209402406635
8219.944441564325
8224.270997165171
8246.868481728232
8327.320058454894
8334.661839352799
8343.596527799436
8347.168809884713
8362.115811289856
8367.79509748596
8369.278658351823
8377.596554090764
8380.716518693505
8381.869597389943
8388.714159388854
8394.748615335971
8404.389769077268
8409.95060018734
8428.316431530538
8442.108185437855
8442.273013466884
8466.293463795731
8497.155398601413
8503.755484597828
8515.645158995896
8561.407585462737
8609.669822233542
8618.20809808782
8642.844893020194
8649.080449192108
8666.387006313473
8693.384266006678
8712.311814406914
8714.152678937717
8734.52967601822
8751.965383191497
8761.077973880096
8815.22171969759
8818.971677126481
8826.49882348003
8853.967038470975
8872.434322898456
8891.173485597787
8909.968548656658
8949.098898761657
8956.89738515172
8975.351563076301
8993.958664955044
9043.077373429544
9075.262792631418
9095.287352704709
9096.515626648508
9097.383078291197
9107.409327093845
9112.021377321274
9119.804151460947
9158.33419304665
9164.771730786622
9193.586226467567
9206.006265139004
9213.268099678655
9256.91910860236
9321.27550164256
9340.848986519999
9346.90668247291
9358.319365268377
9361.12099798282
9384.845822183943
9388.733133729049
9397.469039915437
9408.252766691747
9413.98852909391
9417.828733763266
9460.988110565208
9466.408398803309
9487.422247663366
9498.971856261838
9524.534189833052
9531.496393561623
9532.548121131913
9565.6724170423
9572.975138175507
9575.90530174909
9587.838764443095
9589.680925577033
9592.592130301959
9599.34621564417
9625.04535728256
9659.382658764664
9988.040096452325
10045.26547034341
10076.357576611672
10110.34283663029
10498.43941285588
11345.689968699611
13922.15141219327
14464.74229435809
14782.68581272992
14966.185641257292
15557.822292229823
16250.476546370095
16342.43749627866
16447.197484815795
16601.549807275387
17186.43259673119
17662.25348670978
17831.74416980849
17964.66444447628
18449.369824891644
19156.576058655424
19914.566225093826
20044.006838580866
20063.504928618175
20170.711047425233
20316.382938904535
20863.321392443635
20954.722008918154
21778.258293724375
22552.594479761898
22752.768643062358
23037.839349349888
23221.37938166823
23256.960072634596
23505.651201035467
23761.43586125646
23802.517582637924
24641.39364223451
26684.96592862076
27118.679698024618
27501.322771644056
28180.881381039322
28278.75986113751
28535.50704151328
28647.68002059725
28658.175160810486
28776.30088555184
29018.52935030273
29443.33685701181
30017.681503212876
30234.70452184413
30538.981190211576
30601.597939383217
31271.57608094675
31336.696828524848
32109.387128197068
32368.16767471833
32928.52189967148
33317.98510725085
34181.282230474775
34523.54794976878
36126.98024181149
36205.8913697582
36518.43191613902
36680.57403221187
36825.577161497036
37063.88527622425
37605.26725689348
37647.323023295794
37949.12833964129
38503.07251042163
38634.269536017004
38635.20486405521
38881.92684122328
39325.04816665583
39401.07581193324
39668.11817440093
39676.23617965926
40606.40593685843
41052.36786754808
41076.23839653
41440.461087257
41586.95982937775
43555.73020498638
43575.8208153082
43792.85106277483
43854.700426826246
44387.1189594017
44722.953717056356
44899.97761852387
45312.792173283015
47090.97158212015
47929.18743548256
48425.39560344472
48765.52342366632
48904.29877520056
48970.05022487887
49592.48861879332
51492.527974242716
51547.03113909421
52057.31207928722
52359.923187011715
52362.37795981486
52372.0223997752
52374.15050938205
52383.48798280576
52383.53887926701
52384.1871417244
52389.9126515035
52390.162570168235
52391.16525038399
52402.23401666529
52411.6724879923
52437.94055055295
52439.17728063502
52439.28902766107
52442.39747102682
52447.08669254035
52462.59086908968
52466.31467659293
52480.407139725416
52517.77687904826
52522.051284739144
52527.753094113585
52533.72825179419
52544.39659456942
52549.565696469326
52611.31102065066
52627.041179730164
52642.65532686673
52643.836095238774
52655.22961883394
52718.624937887136
52721.2739101783
52752.35451785571
52754.40321925433
52756.35272512075
52761.52938569665
52769.59342561815
52784.81281532393
52799.90546823907
52818.41575984038
52823.067260495896
52824.24622210039
52826.15971307214
52843.189289293994
52845.18477346112
52849.91841838187
52850.298903580566
52873.57297700259
52888.24312492845
52941.948698629785
52951.37595558398
52955.33462986578
52955.76434519464
52966.89251346132
52993.30361601818
53011.40897371901
53011.7558465402
53013.22529535107
53022.09378199279
53065.69511369343
53067.22985174733
53107.58222768368
53128.498595233184
53129.48736513267
53160.09590786125
53199.83395250094
53207.188842853626
53209.253968024415
53214.45745291906
53223.52651089727
53225.723260670995
53229.554506951805
53255.644917009144
53255.91165291369
53256.979998990304
53258.61571318298
53280.47560195307
53298.71175701535
53300.47172330373
53300.77919058218
53328.39527298885
53337.02770183276
53339.372259831594
53353.50917931354
53355.3457481205
53381.60942341315
53384.14568994349
53384.20175546761
53422.292196412076
53423.71535182964
53434.71836460261
53437.26114625498
53448.72074199158
53476.66192204328
53493.33048706772
53501.175358686676
53501.29411976138
53506.91861250627
53518.80614818771
53529.26173610341
53547.78821171703
53565.25833436126
53580.260103066634
53584.86025161779
53589.05323056833
53605.41842994288
53612.12470699004
53620.76079170367
53621.869688731145
53622.57977609168
53646.05453198581
53693.22191701909
53702.39982221079
53780.68523773719
53787.236031195265
53799.266379520486
53835.68847552389
53844.814031005
53847.55670124113
53855.29925552537
53857.314810465956
53857.93383482989
53859.52784087821
53869.478979628046
53872.13039405588
53872.37943658879
53887.59228784424
53892.32797865725
53894.41818520616
53904.81766554196
53906.90972286076
53913.156314173866
53923.13852643206
53924.55020442456
53928.02692903027
53929.798296062334
53937.116922189394
53949.27593596298
53953.28124568817
53967.5100063964
53969.61048384176
54000.1890341192
54015.11719384015
54044.526905660176
54056.76196781737
54057.62291200589
54057.792662440406
54060.30317511127
54063.47247772079
54094.49679438856
54096.37292920686
54106.7768341153
54134.19380846974
54135.930258355525
54136.96284332732
54146.14089396844
54160.27253855731
54167.02841754202
54189.75841195259
54216.89451572196
54220.31502588587
54247.368745456864
54270.472752519185
54272.27832236047
54277.941299867336
54280.65008524357
54285.48922495066
54298.61199929675
54312.49248875424
54321.728265368394
54321.837732583146
54337.20259642971
54342.31512601662
54350.633702282976
54363.817496914984
54366.24378025397
54380.703969960596
54381.894014971585
54382.30689283799
54399.92216703964
54401.26818213733
54416.37099847099
54433.76259952259
54443.03197301477
54443.12061858893
54472.81597601793
54488.634500142594
54541.09092353194
54627.05269500007
54785.2612666935
54880.58370681784
54914.88177601419
55124.140061493534
55255.87225134756
55335.74991071646
55494.986388347534
55544.27200690224
55564.58491223605
55576.18405869409
55760.688110766045
55812.339250267076
55916.1383221544
56039.34314543331
56083.758947186485
56198.10678617619
56341.59042048836
56614.84209526373
56625.093500764284
56633.88832609377
56726.53880895358
56863.71866876348
57170.73220567626
57246.557046556554
57246.63235502211
57466.01755464341
57470.8654869161
57545.187437571694
57580.37366057325
57612.597620501285
57623.58637318879
57667.92802714153
57803.024418236295
57854.42451952955
57906.69829774023
57912.05232333215
57996.990063925456
58333.27758216959
58380.025469018554
58413.34915624126
58502.247998451276
58513.087367080036
58551.75438732261
58697.136901927726
58792.35879588627
58804.19470161823
58846.14851277141
59114.17494370136
59256.763732036525
59327.13282030964
59332.856901174484
59371.6782322026
59676.09632267862
59734.87157559318
59760.804577152325
59814.27437956492
59864.18908512989
59968.307234831154
60342.323091641796
60345.633125971995
60473.586884720615
60505.46284489388
60542.994488297096
60984.49805235421
61016.87797106667
61071.304187834714
61087.8428969095
61181.71816994261
61282.577541117105
61416.56143600337
61613.275950823794
61652.49052985722
61715.703278350615
61783.36981697413
61808.77382460076
61885.72265419468
61903.09282337358
62112.49228193046
62115.34306481017
62322.27353186049
62376.281082120135
62546.84605655364
62547.211543497746
62612.13512212215
62641.31241577747
62647.241356458246
62706.657561628774
62753.99778150532
62958.53604684791
63005.79900427733
63065.65601639755
63139.24012023697
63185.331057432086
63206.85929720375
63256.417735081246
63481.161291405704
63487.661729238316
63521.29146925958
63566.80591673651
63606.76850268099
63657.48637304707
63664.194575844005
63708.88473851422
63760.10234807919
63789.98920490285
63793.37434659507
63797.77715756978
63901.11449431637
63936.18157531278
63950.40380197491
63954.023071489064
63977.36872310759
64003.90491303647
64052.3016007424
64063.49809819077
64107.686308855526
64127.90466557461
64224.46112629568
64353.90261497596
64366.46881852567
64383.91217940736
64471.982017484086
64504.1225317076
64526.49794075879
64548.41251264252
64636.18669055675
64659.92379680655
64905.66090600889
64911.804511325376
64948.25740578957
65012.64405344631
65023.39661913068
65024.59877674981
65093.9963256321
65096.923613168365
65257.418223556386
65416.49747187455
65426.883467075415
65461.06535838934
65467.842864814826
65492.50625587724
65574.77349613809
65608.83407879109
65711.95778132793
65718.71857348783
65919.14497638111
66064.26670503865
66177.7780485349
66190.80343366895
66217.80198619909
66230.80863764377
66265.146532329
66279.10223942605
66390.53055865769
66411.21337720663
66412.60695967652
66414.41592978842
66545.89226328059
66601.68949802931
66617.41300312545
66718.63351235742
66923.61572275842
66924.36872253266
66945.19571236213
66970.62101302217
66977.95893226865
66996.66144668087
67046.695654967
67069.02702967159
67070.04195671248
67113.798970439
67202.63759386688
67205.63613734933
67210.67282673185
67341.65517123816
67370.21460356773
67460.58059701888
67478.58390399974
67518.74705902544
67754.59491564224
68176.96028410655
68351.83063397024
69137.75557692634
69662.38477179504
69769.2299197175
69840.15289099546
70022.26531893258
70110.20617695664
70346.69910513585
70402.69997179644
70522.48513165425
70524.4391215219
70650.62077222177
70916.9224394228
71731.03070646308
71988.72170009375
72003.27583371136
72100.37960585163
72269.52024330133
72316.88849418567
72323.72810121559
72451.39116578024
73008.97575423293
73064.41001748675
73099.18750677061
73204.01158376524
73467.18468875761
73615.2985277968
73954.26460743538
73982.319755759
74071.73688259353
74310.58578879455
74411.8157813137
74477.67721489628
74745.11717403207
74812.48820071178
74925.62926693627
75005.13766515037
75519.64227132381
75560.51135401499
75972.2334741781
76103.63512455848
76233.96796438767
77249.0933765928
77849.0385548566
78227.62885163157
78671.25488102171
78815.36820117536
79052.491516441
79296.04638762704
79377.71167608704
79497.0882951705
79570.43640721473
80693.96390308707
80739.06804416137
81178.1801375675
81270.37384110242
81575.92383752478
82826.34334424479
82832.10915974359
82862.23579479345
82888.9772240293
82915.64782454363
82927.7448520957
82948.90587763824
82958.22696970908
83019.0202698956
83026.57352498977
83044.58318208411
83072.31988549179
83078.57110759207
83079.93995518335
83083.38841370177
83084.8348426015
83105.28634668676
83191.33699240451
83194.26486237076
83203.52203833964
83208.22909314517
83221.93238482835
83240.89233567605
83256.48206943269
83268.32937257651
83282.54189681285
83298.59494243216
83299.47323519383
83307.08488047823
83329.86899701868
83337.94411369
83349.9773721779
83385.92369686785
83406.21072814795
83424.33408537475
83490.2681049958
83496.27291216773
83497.10569790739
83503.20652804298
83505.16529040708
83511.63186580264
83514.25854718233
83521.30150178153
83540.8251628847
83552.40546586992
83627.09383598011
83643.05031370131
83652.07529037473
83676.10527739537
83725.20951040142
83728.63122525663
83747.73479824296
83762.14457568065
83769.25129445666
83771.10944494104
83806.49446002397
83821.39665164975
83825.63661750051
83833.08538356784
83859.42504878229
83866.49911747914
83887.0785502184
83903.50649446677
83920.51047910936
83922.61488118384
83929.27338219837
83936.6394321563
84002.01941943003
84026.71463527052
84027.81706985192
84046.52610057245
84048.44070057469
84052.71315502035
84055.56060142617
84078.32815659193
84109.22296946046
84121.9910148099
84132.22605159951
84150.83748240164
84172.86003786269
84177.77579404436
84194.10886840761
84202.4820212663
84205.73310034281
84212.75387182212
84231.48464099562
84239.97083745393
84248.34504200876
84254.84009844041
84290.42605486856
84303.43185604886
84305.16966593458
84317.26043861346
84318.83893091936
84321.35531424232
84343.97508875972
84351.59109576973
84356.47696781324
84356.99773412854
84367.44765549296
84369.03200797037
84374.39182205309
84379.1809872322
84399.79012957144
84430.64928067893
84471.93000976877
84478.23507639412
84521.60819505724
84541.23527136863
84572.15759993378
84584.47763902345
84605.28179359906
84613.41871569587
84626.57037627486
84643.89587847522
84703.91923842161
84718.50073676706
84720.4964358228
84725.54659249303
84730.73682190137
84743.33271777089
85026.03388505078
85299.9570924778
85438.53069700893
85630.47473328217
85742.06749770441
86614.09787869
86796.05089463596
87240.61076111393
87396.41689385075
87559.72304964095
88763.92354794651
88989.5443820991
89079.25792152071
89203.06638932678
89362.92570939966
89415.09654588011
90178.88028354332
90422.51794837968
90807.1056760339
90927.29367254913
91039.47280041657
91666.22069507958
91766.59553124831
92000.78200595352
92286.91208958128
92707.06837254197
92752.31729770204
92979.75104740186
93180.105922447
93321.85940363242
93625.39897513915
93751.04367612803
93895.39013372899
94105.62630003336
94114.73589450406
94122.70117019622
94145.11052530655
94194.89945082799
94198.64497666704
94204.51714752009
94209.96218976431
94226.63470019338
94228.74719819581
94254.31931124945
94261.75664976919
94303.01955265352
94306.3960714004
94331.03012784818
94333.21699057624
94343.73562136746
94381.53608368308
94385.9783716398
94401.11745827344
94404.43052509015
94436.06103349208
94442.16044629435
94448.53435748596
94491.5853777448
94508.12003784996
94519.49263847517
94529.04366301841
94537.21058882077
94556.45100299956
94567.04152292236
94591.4866711227
94655.04900443018
94675.22049534108
94682.93809936586
94731.42079099816
94731.99507834537
94783.50278029883
94792.4962639684
94794.21405110043
94800.8846169582
94803.77439522221
94845.9982254619
94847.58567526829
94906.13252079286
94926.50729841997
94927.75077600317
94992.21649957643
95005.9266031918
95012.43569092831
95033.47925548078
95070.04769109772
95079.91253669257
95080.99635997417
95086.66521251119
95092.42289250989
95130.97746592801
95179.57104866601
95186.06383553322
95224.93665013657
95252.64456783103
95261.7981499943
95265.48353196427
95275.5735822676
95294.1832783715
95319.2467500838
95334.90479633013
95359.72412601998
95375.58164929552
95375.90384647623
95402.63252236432
95412.09055694981
95471.71907888772
95490.04840644059
95512.35132512652
95512.97304477356
95538.86253303269
95548.3152301052
95571.76382757422
95573.52450597238
95602.90990026286
95609.29980319711
95610.27652776164
95641.68008851486
95656.06467128295
95687.19200542114
95687.77079532278
95694.16132340384
95698.5274920986
95699.46019097643
95708.13049693246
95760.76904185183
95787.02863202612
95792.97612290246
95796.59223400241
95797.25398705162
95803.20242249464
95831.7075193357
95837.10448075396
95855.32906132218
95868.53828873968
95868.9397223026
95887.47529315582
95897.79818692789
95904.4582802127
95908.62916466998
95949.46935895937
95995.74075470405
96018.22358776178
96033.53216252585
96051.73536848936
96054.04089408323
96056.77550687021
96076.80859978686
96099.0830380288
96109.76047234905
96157.34560023091
96767.43923221713
97149.16435653532
97348.71902721142
97892.88396520619
98031.78687636826
98468.88314270157
98861.23098280374
98885.86032579646
99902.36940396279
100154.18283675874
100231.4463741754
100822.49742213589
100850.84363885419
101280.70397538185
101470.78924567331
101712.39847682622
101990.12799561128
102226.23312110931
102359.08624168916
102435.61073503361
103154.52627207893
103200.48242630239
103213.22622860988
104008.75102841076
104403.8929363185
104414.31529972894
104432.14693897103
104729.86003792913
104759.62030940603
105126.9346527539
105240.36665964965
105379.57466636848
105980.51366070779
106156.17382119253
106245.05384804057
106583.17752920697
107117.1921838051
107233.99775684864
107786.31716713781
107969.0853869965
108257.32147273485
108579.38971415165
108767.98613816191
108884.91913864014
110288.83439265323
110776.622327515
111758.12544227192
112094.88976538686
113144.04145765238
113226.40906809503
113550.32429892951
113689.30732910933
114126.11110792312
114687.31834625034
114808.1211660626
115234.99103603055
115248.00398711866
115766.50355986625
115924.41071211587
116608.06659931237
116789.90553196159
117346.69704076527
117831.62484010009
117838.26976165951
119103.78873799945
120107.79179490317
120141.74029334885
120552.8598437671
120568.40191776538
120628.43833064134
121150.13343982573
121955.46271055665
122005.30952869276
122153.7342259973
122535.01947501951
122914.13240310928
123865.2142809673
124237.66671132209
124469.06845759228
124545.46217826213
124631.37173828532
124636.01515651809
124729.13954869365
124757.65796820505
124919.56153212697
125705.40116121131
125982.00658980315
127149.04397978878
127294.70874642748
127395.02697175834
128050.42208861036
128066.08737210845
128961.49890225579
129295.20193737696
129361.860714966
129798.8512916991
129957.25103944774
130119.55827603082
131272.63765737668
131978.11815785884
132617.1188017292
133426.13982141874
133709.2478237596
134906.76050666126
135010.21772189607
135073.66043747525
135625.68865161017
136436.80891243942
136561.5208782673
136959.6560983348
137119.83532776503
138030.52566596324
138250.02381812598
138315.3459733315
138752.45398285156
138763.61409665478
138766.67866723204
138789.57842038752
138797.41138101392
138814.97220426067
138830.92991740178
138832.52884779553
138835.19624982544
138839.0326049225
138852.2693046822
138861.3500850278
138862.05793833357
138865.56658915168
138871.87383303404
138878.72989753954
138910.42549085733
138911.01283345436
138916.18626710927
138926.30174472203
138941.3185832989
138951.4035757266
138967.2743410736
138968.735032786
138978.46084050115
138987.48595147385
138991.7583549325
138997.39226727968
139007.85433456372
139013.09110564215
139019.40343052414
139027.20321636193
139035.531810539
139048.38145288112
139066.28825570655
139081.3823912687
139081.7430198379
139085.30095148116
139118.55243515255
139120.53184138043
139130.3414727602
139137.7603797977
139158.3639962652
139159.5131339301
139184.76394845132
139196.2695982822
139200.83800946298
139218.3688359006
139219.97227142905
139236.24542205973
139261.04903493533
139273.16310206056
139275.91012374975
139283.8524086149
139291.71881426973
139292.24226593977
139306.0290701753
139310.69268919335
139316.56504140506
139323.54657358388
139338.31813047093
139365.11426818292
139366.83717187075
139368.00801711844
139378.6517527298
139394.3864009836
139406.75929588027
139410.0872844421
139410.7326092377
139410.96230258822
139439.7975763604
139445.77601300742
139451.85156926408
139455.08718877274
139476.27374500438
139487.32603243686
139497.41145284724
139513.86060211086
139514.91624745034
139519.92531959305
139520.7473897157
139529.0000833885
139529.71726550657
139534.01965197016
139600.15251691212
139601.47723764216
139611.2675316319
139612.3770794981
139641.2199553634
139645.9934610285
139669.279047069
139677.83738553748
139683.1493478702
139683.7409549383
139698.15552973887
139705.19833020156
139717.15131308796
139727.61803642454
139761.95046833853
139765.74171126698
139778.3495456106
139800.25858776644
139806.3518673507
139812.80654501554
139815.7784970199
139817.49639845776
139821.2914199245
139836.72604851075
139838.6207520806
139846.41381624935
139910.06614500488
139917.76220582798
139929.36291487963
139934.61824179057
139942.92242492968
139951.1459997743
139963.6213929356
139965.60489349224
139991.64708528388
139992.41180633835
140000.66553751676
140009.2602917301
140032.42900450018
140046.61446878978
140049.64345054465
140053.4422142281
140062.08738364786
140064.46128407313
140068.24751416448
140070.02522809192
140111.1250674344
140114.3763926428
140116.85880072904
140130.0726974496
140131.1906314774
140141.16664893867
140152.7953905508
140158.6240096567
140159.42976144626
140172.33299521744
140183.49753228523
140192.76459587965
140203.8755911418
140208.66379735255
140213.9457627273
140217.05477537133
140218.28656568073
140254.41415162283
140266.4144105223
140301.8040210169
140301.9168493624
140306.08651425393
140306.57838088367
140319.74030061933
140337.25678082876
140339.46204814315
140355.3404482193
140371.47822987483
140376.50578533107
140388.2421731098
140414.64726792785
140417.42363927217
140418.7752697526
140438.35120459902
140439.83880764162
140468.92649677896
140470.7032632483
140471.98539144458
140480.31905528923
140495.02119507059
140513.60950383483
140519.5033211278
140523.74623337574
140524.43566611467
140527.26067771993
140559.91653442115
140564.97765676343
140572.54352781223
140577.49403159015
140578.50308339932
140592.51508633158
140597.26054023003
140632.7192978136
140641.4233224762
140660.69450081149
140669.14683672765
140694.60355081485
140700.26357437926
140704.76097244935
140718.721229604
140742.24274962003
140767.49061205742
140784.51523062936
140784.71127091447
140789.65365142172
140794.63047354252
140806.27583109937
140834.62266407887
140835.6693293949
140840.50966752498
140844.526706903
140847.09157452427
140847.3996653365
140865.86188632713
140920.05013237876
140987.3909362005
141029.75679038046
141235.8659302395
141520.20058344418
141576.1143102055
141578.36551557362
141695.11783047472
141874.71645326325
141980.38396361546
142030.61155931064
142060.80973929795
142136.58424514096
142209.38035374248
142225.58825596023
142243.7887558614
142568.54698319966
142600.04216073474
142667.46892526548
142706.6559328306
142745.63891724686
142905.51466901274
142984.06313512073
143032.70504182114
143065.97629188493
143141.9206485364
143283.5718183218
143484.59937374666
143565.57321691996
143649.13536887037
143666.03896041348
143745.17653609876
143782.18987814506
143897.90211572475
144180.33794740096
144310.14124733838
144350.3599459016
144628.26041879918
144793.8821767978
144816.9775822201
144820.3382576758
144883.53100740095
144939.828571468
145103.8576481318
145109.8150911693
145132.95041641398
145187.4495916759
145255.30391228086
145259.67858081972
145348.26530576203
145423.24272795406
145435.69618814235
145553.95669306576
145647.68120917774
145651.96022566763
145731.58139032533
145760.4523266305
145793.65113946894
145890.77010411024
145902.21528281743
146064.9304675984
146145.28972411933
146316.45973192353
146340.97562687664
146384.13589874498
146389.7309726199
146452.24430614914
146740.33905645518
146951.41200773953
146967.95598988543
147131.40243086108
147135.51735412714
147341.6993502048
147393.66787575107
147397.46927194932
147454.82858424843
147512.13335281343
147513.4523478504
147632.45768786452
147650.79534648842
147674.28109186716
147732.6884976187
147733.63012202448
147932.13193165144
147937.56889727368
148064.0970343642
148210.36105157033
148235.08310941246
148240.0366577605
148247.12669853447
148261.23339173791
148278.35509826348
148312.4349404973
148330.76139474259
148356.84031741688
148411.74967077517
148434.2224249718
148460.19569746635
148468.7621923118
148479.9507455593
148538.3749519167
148540.09090416154
148612.2855705859
148645.82857083803
148649.98039473375
148714.2435797458
148746.18820363778
148802.31589329118
148806.87071364088
148823.714932854
148863.8307499676
148878.53608671302
148894.42256954842
148914.035431856
149035.80815873473
149335.39215802314
149337.092018209
149366.61859779802
149405.11210343498
149432.98792234526
149499.18115225525
149537.5295334443
149542.09583137895
149558.70489557058
149586.74153494704
149664.40896954332
149707.45160691778
149717.58631934988
149737.7634329248
149759.2444497579
149780.74604260814
149791.92930005665
149928.5903882985
149950.40352189553
150010.0338083412
150092.51442476548
150102.51525441496
150112.25707347805
150125.458509847
150206.13286250658
150220.650201376
150335.9924480875
150354.15621851952
150392.95620064746
150418.5571248407
150484.53259557643
150552.2393314101
150552.70757266472
150564.00985903098
150577.9922897225
150594.17055864466
150605.17316292622
150658.25765292323
150696.07763917852
150711.94325928128
150851.4119210677
150912.30968154006
150913.67465524096
150927.98513357702
150963.4927775357
150973.20418984094
150998.57293601386
151020.54592104824
151062.70526346416
151075.671660427
151181.79541999506
151375.0698475734
151522.508401756
151528.04153756972
151530.95167830447
151731.5012055303
151807.8364311762
151863.50249743884
151883.47111453925
151896.97779570782
152007.70579817359
152087.69264275377
152103.23522936262
152103.35813006584
152109.73350381362
152162.31495389092
152179.3437234277
152282.1338883555
152314.89919003635
152384.61796169728
152428.56548091734
152442.2976479159
152580.20863626897
152625.0050240719
152659.45222668952
152664.087701795
152801.70574206917
152817.86203885078
152964.1887452789
152982.47383876715
153022.6746535919
153044.20286269853
153056.86041048818
153061.6336837213
153066.31288621147
153147.4349693646
153150.8368936556
153163.37654961448
153182.46673434862
153198.58209333525
153202.33164369408
153261.65938615074
153288.5842825502
153292.12896315928
153369.43986188044
153374.71514428902
153467.26776375028
153471.12427955435
153491.85226415936
153493.86911293733
153540.29110964955
153626.26508209924
153651.2869046693
153668.20774434542
153744.64020526363
153764.52455892164
153827.7244327137
154007.10617636718
154212.99849807052
154240.63193533663
154619.51185543332
154651.73388865206
154984.3136793589
155032.70090895807
155262.06164619222
155566.7584849918
155880.92814203666
155907.96584913784
156015.7775756809
156039.56558466062
156059.07431494573
156225.0011568931
156642.22444060651
156762.2183758321
157458.03117587732
157972.01987525867
158146.20482439722
158602.23650010081
159094.9838050406
159147.46350345388
159365.74670126237
160073.0325816248
160186.2968597887
160284.12574057194
160324.84054435766
160391.18599559722
161024.40966571163
161315.12309148075
161775.09806239262
161795.1570269463
161883.26855392396
162300.754538315
162492.1356576587
162958.4114130026
163041.5199180157
163183.8307867823
163221.28033264034
163274.60770454572
163668.1683345586
163677.5269365107
163873.49187004793
163941.28606339273
164360.5676799556
164402.40226164274
164439.97188968016
166023.3995882078
166484.06989200367
166492.28782137
166817.22275492438
167126.4564897027
167651.1014326991
167709.90811403934
167856.8530514653
167865.68394323485
168278.85830502314
168319.50334249868
168862.99211782543
168967.0363603417
169205.15916998137
169219.91524820414
169219.9924873628
169220.47747681136
169257.263974578
169325.79711573198
169342.4928898871
169351.50426970448
169379.497459045
169387.95861587572
169395.6632744302
169407.28414117213
169411.57778091548
169430.71513063333
169433.90090517307
169448.54903919174
169450.61513048018
169479.23833287967
169495.93439010257
169498.59586822754
169541.61636744963
169545.35765950428
169548.5274391321
169548.63379489802
169549.78027624747
169557.9765422977
169570.0109030676
169605.5820690574
169606.4348529111
169611.06811889022
169654.5348382958
169660.15343255468
169661.4468872533
169667.81163403305
169686.63483494474
169729.89371710306
169737.45773347904
169744.34812271316
169750.19101112528
169755.14363988576
169773.67195199674
169786.8716299506
169817.25417597342
169868.20860890058
169886.71907596686
169888.02165089792
169890.21732001548
169913.05174761725
169918.96044959628
169994.38510801306
170019.6223427424
170020.92806516617
170039.3113566623
170072.46255647275
170076.64849241337
170089.21481515586
170099.68020762742
170105.83723179204
170110.18968780668
170114.8531787889
170137.0837374066
170141.4771616983
170157.18640804884
170160.00458520738
170160.7280817213
170170.2142526997
170171.3704744387
170185.76448659686
170203.96451349644
170249.17690209637
170249.82953773116
170251.86367164884
170253.0062133901
170256.4469034535
170260.91792499105
170323.30295737972
170328.5719974584
170329.51933616272
170337.68518379642
170338.73027281382
170358.90486121754
170368.9445437955
170376.12282831175
170452.55647164286
170461.2034056945
170485.43791768013
170513.14832898573
170531.91812355828
170542.13713170367
170546.49071471835
170606.9641708016
170623.53656841005
170632.82552230035
170634.9601840193
170647.54984402182
170652.2657012707
170678.07023318898
170695.29499048088
170710.4962672465
170761.80387867492
170791.29437584558
170804.90499281307
170808.05822864585
170826.16973662272
170841.11458007194
170854.59047186078
170863.5475716493
170875.3752942455
170888.1630360937
170897.0575507498
170927.67753055762
170934.70126770835
170936.34369159574
170939.15149680068
170958.41711610468
170965.99741670612
170988.57202827785
171014.59384921362
171041.08354412584
171107.26140166156
171158.9584447651
171380.92978950933
172403.30852581817
172505.1798990026
172751.8399467537
172761.6377722823
172851.90939944136
172866.7303877105
172934.95922160824
173712.81533478727
174188.04591247282
174439.84055637513
174529.71737358472
174781.5243144635
175042.41929145626
175080.07645901857
175801.5792064175
176059.39313124545
176846.41372903864
177126.93036852268
177261.72810687602
177482.14480692375
177554.98894823753
177665.3713790314
177699.64710081753
178222.68497544958
178397.42759866873
178470.07282227758
178725.87532503248
180033.89142887038
180509.69542482
180534.46247303172
180545.92169088643
180547.53775724376
180562.33806823188
180563.5212136924
180566.83128462167
180590.1608208001
180607.65786362637
180633.09271353125
180644.1966054806
180720.66180877227
180762.49815832276
180771.5042716775
180792.22609223463
180803.01001250473
180803.58456811064
180825.83443067045
180833.8429973628
180869.47803408382
180869.9836390865
180903.47649475466
180925.17604665642
180931.90516843536
180974.89538012704
180977.67456058346
180983.10084313955
180991.7337388166
181014.05904402814
181106.48394315288
181127.41316854823
181161.06944603578
181170.16240767928
181184.57241310796
181257.14506799617
181259.15150226725
181267.95944089748
181275.35551429703
181314.13806410285
181327.42480005138
181332.9371030353
181337.80926466954
181343.5717430389
181386.57342293378
181389.6599440854
181416.38633182168
181446.62059094085
181463.64452358053
181479.3871410615
181510.2458352869
181516.45933250172
181565.69309358922
181570.97386282083
181583.19244878337
181583.24615423672
181592.8615255526
181594.77346850364
181602.81599607784
181621.6347142692
181623.79558967962
181626.28087290924
181629.92242008966
181647.5110809971
181651.32013216583
181661.71124460903
181679.93710952057
181689.74111003848
181708.1525087449
181712.7251333056
181720.15050963152
181756.69493871217
181763.54274737416
181770.69871060626
181797.97489815086
181844.84694230414
181882.14282804026
181902.99571724157
181918.15708051322
181921.28772750168
181938.86780214246
181947.3079573224
181981.7373604364
181996.68413365498
181998.6856138634
182003.3676835604
182026.47515719023
182035.05981738842
182040.6754481215
182091.91201830946
182094.13282228835
182107.9607230828
182193.28609206283
182198.23471697205
182198.45705628805
182221.9170134266
182347.05966147335
182347.3925310235
182361.91805155488
182391.9300139968
182396.86165530418
182401.6227578052
182403.15676602555
182413.05080132402
182416.95652023188
182420.376668082
182428.29481650883
182454.856027706
182457.21277434842
182476.81139357953
182486.3280590582
182499.18512649558
182500.57017203837
182515.69838554293
183827.75158183873
183956.41642750351
184208.31087404132
184811.8042963366
185185.97319858987
185590.81182548992
185638.3088223452
185643.70607911304
185940.53969083834
187442.99712026454
187567.76206200235
188273.1403902027
188546.3843147029
189916.6754305487
190074.28159119975
190574.13347343594
191111.1843468078
191726.0624152316
192153.17738054544
192398.92868995096
192736.90214800366
192952.6450581773
193368.62914184824
193843.3203640738
194147.44774638128
194198.78221420813
194241.4618478907
196117.15015443868
196318.25295570132
196464.88333534347
196897.18791817783
197196.04041873082
198699.36385625193
198836.0021025136
198966.02217269738
199733.7133554
200315.9695345809
201272.3314458867
201345.07805897493
201748.24324128195
202528.5411100955
202656.5426495677
202951.15814546484
202960.4086278229
203347.34514567623
203432.81121676962
203709.99809421584
204518.59148145147
204838.26690485363
205155.87679031122
205295.01175488578
206000.74003578658
206481.9835674303
206512.71818941244
206574.62208185883
207851.1886265902
207876.9624476545
207883.85557264218
208036.56680099195
208435.93348713982
210276.73752863705
210293.0442718779
210463.26833042243
210703.47210339372
211150.52668768738
211420.5211310924
211712.62884994486
213216.6982829704
213385.61999829652
213546.17423462073
213612.32279373443
213705.23429701707
214407.9013782302
214533.84094156063
214712.0098267587
214874.45739893295
215369.19948173434
215538.41071353038
215615.47570371727
215918.92849569448
216310.47434163027
216674.5562745449
217008.93226266187
217244.94504148222
217388.98014962504
217466.81379642212
217473.44319248758
217748.64807588962
218024.9500713956
218983.20204520543
219639.77815615135
219746.7671092496
219870.22337008128
221415.31053268828
221620.51616507716
221956.52609894608
222550.39330025003
222743.74400066255
222863.7490335213
223832.00946315078
224150.3587210885
224342.0610812342
224562.31431656584
225156.44703328813
225176.14417042528
225191.60252922584
225192.97815323054
225198.33048257983
225209.95078261348
225217.02199794434
225245.2116424567
225271.58224807878
225278.4636357524
225279.03150782085
225294.07820507046
225296.22074100006
225304.29529965826
225309.6558778383
225312.11166910152
225328.53073452378
225333.0227971481
225348.3426922461
225359.38617955643
225362.81220708188
225365.8111131839
225381.01675151085
225402.30687337444
225405.00490702828
225431.41651756718
225435.87157008113
225462.8323421278
225482.1871274534
225482.73050229985
225485.3306562112
225487.83608841634
225511.28452290827
225528.7442831464
225533.96062843446
225534.92010452406
225535.33280077204
225536.26629047265
225551.18436928475
225553.14641138117
225556.96497038502
225571.19971487066
225571.35281528847
225575.32771567468
225582.29948104444
225586.86492898376
225591.35698329465
225604.97842640922
225605.14356279062
225609.09909771726
225627.64299145679
225631.22639739537
225639.35313668137
225667.2342834657
225670.29354917284
225719.82885520055
225726.20298935578
225732.55297343803
225738.97052625715
225751.05843791206
225754.83132059057
225755.04784064478
225793.71807196378
225796.86721120318
225802.5294383862
225823.0117456533
225824.9090833446
225825.07023507002
225831.5038530024
225833.41694677906
225834.3508167302
225836.8582251343
225858.41468632806
225869.4815173162
225870.6921642063
225905.50122209347
225922.97958888102
225925.92207912277
225928.9507913258
225940.3032674643
225942.6218313265
225944.6377736843
225945.01670963925
225955.1483035889
225972.34806008497
225976.63254391897
225984.82189625967
225988.00159809337
225992.26927523056
225996.14150177906
226028.7659068892
226058.38357249607
226061.2943103091
226086.66680950628
226117.6605452759
226127.64797590743
226127.8282707687
226128.74038183485
226137.63761517254
226140.0583813142
226148.4006693891
226156.1138858001
226169.53097427601
226178.89914493304
226191.69760666537
226193.39422122194
226204.52550160204
226224.5842903896
226271.61882144355
226280.61010164005
226291.78095348147
226318.06844456596
226331.91808816668
226336.19352790428
226341.2292685101
226343.7781882485
226347.31108380866
226363.48229299812
226379.4970236267
226410.04476722504
226434.07325670234
226440.56855649283
226443.81988955726
226449.28001107875
226480.01953902026
226482.5369395908
226505.3022981595
226508.4327415665
226509.92899253767
226520.16482534018
226531.19887543382
226560.79517568022
226565.09932184356
226574.54587886942
226591.57393983443
226592.0322549666
226600.25649604716
226625.09048620443
226625.1640822717
226641.73295552385
226648.61887578032
226651.07948383185
226656.87629301153
226674.99041501494
226677.35112153666
226685.26760136435
226702.31180709385
226704.47492250806
226707.89031016667
226743.7889933684
226750.72978101554
226757.2882756258
226764.80746959298
226766.3875635742
226786.3751657833
226787.73115303955
226800.20606662368
226815.6241085911
226816.1793892093
226835.96363223967
226845.24187340259
226853.6105465156
226862.82080054915
226866.32987904403
226871.27739529553
226889.72806039822
226912.49351532053
226921.4822169917
226937.9845715363
226946.58262014668
226958.31825910506
226960.84356978274
226972.05415451463
227008.21163457283
227011.14824407137
227030.69870811934
227054.87299182796
227068.22980735844
227088.43876347734
227088.4462858345
227095.30014264674
227097.32916783067
227105.08266341974
227122.66874053323
227128.00544837426
227134.80611671516
227144.3880817388
227156.69365973573
227164.0395256921
227172.94478831085
227181.59289141704
227186.34158333362
227188.30281958904
227196.3570170353
227224.14260625298
227251.46670782554
227259.60538598016
227266.29876315067
227274.11097845674
227279.81634471673
227400.2640180057
227431.08865843766
227432.98560905847
227519.96771448952
227623.25287639248
227624.77545700147
227636.89468427165
227750.79995322714
227785.37563714123
227887.07594771613
227923.8938075209
227931.2099699289
228005.38458019478
228043.82622100424
228400.7912789552
228453.4036942721
228498.9372171756
228584.75717624207
228630.93702340085
228791.84360086845
228795.0371595694
228906.21514047513
228924.1706086073
228926.4959802002
228958.12819800075
229211.65830430406
229242.01122003942
229321.65590077962
229400.01151102816
229668.1092908452
229762.06772492063
229805.8535206819
229832.54815043902
229840.63814909675
229907.83491573698
230165.381044252
230219.57597414043
230290.32361151534
230451.37130640793
230793.47388524387
231037.40471679182
231226.02530160052
231303.65650672512
231494.61970205166
231558.44104752765
231578.68879212323
231906.92345101625
231939.38050204384
231983.1907709297
231995.42926552618
232048.48154231682
232101.84185641716
232345.41727897275
232362.43912015553
232558.76531961467
232643.350109065
232672.86810615967
232894.6741080156
232932.8540741817
233096.50098399958
233156.329072469
233162.42462322986
233243.15526007334
233306.44127311613
233312.04595143048
233339.23327754176
233344.4599737461
233430.70053693606
233490.5050270393
233525.40330655736
233526.7036227531
233536.48813695906
233697.33243165392
233708.61864313195
233742.22514690144
233931.16018804064
233962.59577363677
233998.43229073292
234029.43117415393
234165.1249528721
234224.28760827088
234276.27446502598
234300.3545285378
234331.24393077623
234351.25663460937
234351.63759481497
234381.78720811175
234595.12293617876
234627.3816896148
234636.75931603176
234698.43419668786
234740.3526278866
234783.59620931628
234802.12252650663
234806.65135668998
234874.99015107471
234900.8847253959
234935.24054021575
235043.6320455151
235059.60310939146
235184.85495819023
235234.23344640096
235262.3244034207
235262.91055574745
235388.84811125853
235471.5723380852
235547.93120623636
235575.49678414525
235579.85384247644
235646.16396763685
235734.64645989623
235741.31511924256
235743.0758182069
235839.91586924103
235933.23256798834
235935.83566651557
235943.30205152667
236002.24624558626
236108.78387460572
236148.63133384276
236211.70221388643
236244.74683863943
236339.57956696572
236388.45131316225
236412.90681746634
236483.5057773727
236486.49017604697
236491.2277041855
236562.33542873492
236604.80535197142
236620.88494045043
236669.8542967427
236708.61291697528
236731.46827786733
236779.7543407969
236784.65029030395
237028.3519023218
237061.86113750376
237169.28459622696
237205.6839588664
237269.4115081642
237327.30378278613
237339.97060019782
237355.36064962178
237359.93937522266
237433.7978298285
237435.35986708675
237440.4804847169
237634.54483532516
237698.61223898083
237705.3037265084
237750.1233841037
237757.79029359785
237787.9888565086
237816.95606278296
237869.05549141526
237879.7510379993
237932.47656455214
238154.55752341368
238156.22054555448
238185.73468888254
238240.30480701328
238277.43798346305
238311.7053717639
238380.98886083817
238382.48111820768
238421.81905569806
238461.6364887028
238472.15690311772
238505.6367998091
238541.19604405406
238572.95695673086
238613.7356565182
238655.80232615967
238669.1622752169
238682.67620585227
238766.67449432265
238787.70964200707
238835.1439746451
238843.50166857959
238957.3931536765
238970.8292465183
239041.89209721074
239292.803909373
239370.8113520745
239423.8847220371
239551.64587186207
239610.45414001972
239645.70126349025
239701.76649389951
239760.47585566266
239830.04774006648
239847.39397555962
239875.16824341752
239876.64816778837
239907.70814544623
239950.94657422014
239985.03674788354
240010.22223814816
240015.16035259853
240021.5653715832
240094.53062444436
240145.01094245852
240183.6510343996
240199.48753492406
240276.0780699103
240541.90505006802
240945.94912960782
241194.51952595974
241196.31131803012
241212.3686743796
241542.82019519573
241679.60932152573
242018.81470832299
242141.72319181377
242154.1299996705
242381.90816553356
242517.5513726205
242602.08437269088
244154.40908714716
244334.17635752668
244773.87699193327
244941.66815952468
245223.6369643491
245242.80865323893
245303.49277013115
245319.6649698997
245377.08424820998
246003.93886789877
246077.33851456543
246106.97238754516
246262.74638517102
246798.60396414268
247021.88579363684
247053.8947118502
247085.15859214828
247186.9092767763
247317.85188321932
247329.78109719383
247721.94712982792
247852.56681322207
247891.01999583468
248653.31739952136
248822.00756023964
249355.22629767336
249789.22557342725
250167.2986651347
250341.04391703624
251078.2296595344
251332.32059209945
252471.6910459904
252808.58460378286
253069.3117219755
253275.51272489986
253483.67275637123
253551.13446688416
253887.33736320754
254244.3487206586
254299.31538663237
254541.0218257332
254801.97442492377
255180.5442840848
255619.58661318198
255692.80770494504
255697.27015376795
255731.4345958768
255750.85536571871
255757.0085298933
255767.56435721624
255800.61334585014
255839.35097641865
255852.37005705957
255853.80518641832
255857.79965731595
255872.9496525111
255879.46006315944
255883.64747872466
255905.7647868492
255908.41635016247
255926.3196129502
255927.54999140344
255927.56182406208
255932.45252746425
255933.1359891929
255934.97494314966
255969.2538677833
256006.41858666996
256029.56056947768
256081.9562583411
256103.4182032579
256109.43527151924
256127.72905119252
256165.77385458487
256177.22004030345
256188.25831134658
256205.59858204753
256245.70031684235
256246.08659855305
256264.67436676502
256273.60743887967
256293.69039568806
256295.11195144436
256295.85540321178
256308.7593494735
256311.8589665198
256354.94266671815
256377.7553261498
256398.3532914914
256427.54815218927
256439.6865740138
256441.36880541715
256458.4299778011
256469.0028795704
256472.61406193778
256526.15277481498
256532.10327687924
256560.935908009
256564.87697482275
256565.93906285643
256577.33475766543
256578.66527666658
256581.6990735601
256616.0368400765
256632.6883211309
256639.15208695357
256642.27291671693
256659.75998722765
256662.54855917714
256698.678602027
256700.48825662307
256712.6226596458
256720.0147768644
256721.0248130766
256734.718461597
256790.3943427672
256795.18732481578
256813.66474519612
256822.6930104243
256824.96007753012
256826.1377923244
256837.52551369614
256838.34709788428
256862.95743187124
256911.0655676314
256913.39959446923
256922.29523138027
256932.065211341
256933.7448558662
256954.59627516387
257030.8783507538
257048.8843344372
257069.63168662868
257090.78918611654
257100.55710390795
257123.35186350325
257140.71006388636
257141.1176179176
257161.38493962854
257173.15685051022
257190.27334930617
257202.82479854784
257212.50234971603
257232.59180024383
257239.87054097984
257242.66605198302
257281.4703713081
257290.406954118
257307.93148154247
257311.10602601967
257330.6794132761
257335.60481926025
257343.24637510342
257345.95933388505
257380.03112044645
257393.84225807735
257434.168422507
257514.3045599498
257531.51110118913
257543.25782826028
257670.37866203854
259070.07526223717
