37.68477841679663
400.00381914062876
445.4136231394792
2115.7172517113195
2799.5256231679336
3211.700153975917
3554.2696790110795
3766.536751637156
3922.3019532236144
4503.559476754361
4577.895780120331
4842.744212427175
4902.01834909338
6457.447726339825
6712.487840391704
7118.283352208027
7592.460106435254
8344.728888160715
8650.899882045916
9100.568607799913
9454.031082503583
9865.025842571888
9909.608645860493
9921.356962515347
10228.174519727845
10241.492540562725
10275.529548296523
10307.34849500747
10405.240978434304
10570.79603701931
10769.143319283201
10779.119841229342
10891.401955041383
10989.419807678747
11074.378663239719
17171.322376168264
17517.362302615544
17520.700971698057
17529.94532968822
17627.307527271976
17759.48719457065
17782.500975232706
17838.293973563872
17966.19013818567
18019.686974740194
18193.33295976793
18204.34800096888
18252.900988286074
18426.79234526273
18428.48075264366
18457.31593200506
18514.94517090974
18591.0763968436
18659.53846574153
18691.842064220982
18744.45746801811
20339.24388567127
21376.38473641287
21591.009944371628
21969.98545305657
22335.519146683757
23043.57777840087
24138.777921002766
25008.423193235816
26457.51008195744
27570.98881669081
28339.24528786065
29212.882693456373
29271.4042481735
30343.805559676868
30405.806077422858
33272.93603169927
33506.38563947288
37041.14585702865
40015.40266491881
40446.349549428785
40849.83708703562
40934.780338658915
41134.473280448634
41184.361595316266
41530.52377085576
41580.24939185056
41756.67343774817
41813.92163774184
41845.838164777255
41856.092676305874
41877.57879281972
41938.22662721474
42012.585727669546
42035.1298094777
42080.679234270094
42087.06508585717
42238.59990113958
42252.48221667767
42298.05806925469
42367.379701479564
42490.38741312737
42504.09534511684
42525.24560472586
42537.43892862086
42624.50852359588
42633.11658039315
42716.596266431494
42856.84675388465
42866.24748457823
42889.46989412449
42899.193661918005
42909.13214504892
42910.9380872454
43009.82579347789
43021.35236449508
43052.25558308335
43153.17968431903
43233.82812803332
43295.44930089155
43302.41391860998
43328.697257500615
43404.325960654176
43412.58104804611
43554.29139009741
43662.556880133096
43673.54401886519
43698.01514962804
43715.35592271733
43829.0650888632
43830.52705049673
44117.16381307697
44130.65397152767
44154.736431707344
44349.983931312025
44390.471812022966
44463.626815203475
44468.44878818693
44716.68877705103
44721.36291935489
44747.733865439914
44879.10155312298
44950.85689653554
45018.72390927895
45154.461906913944
45258.76840379629
45315.59131371376
45451.914697476095
45705.36107681562
45772.840280179815
45841.94026273185
45945.81023851044
45996.312140017806
46121.503382994975
46152.612175989896
46469.30518571285
46511.930583611414
46859.38451631053
46983.21411390072
47072.99233995344
47246.15681817858
47319.96647128767
47365.16862940782
47383.035857037394
47409.79655382212
47567.71764843057
47728.07005094007
47739.562013638606
47784.47184222643
47800.749297346934
48025.15693213782
48035.034350039714
48173.147290376066
48186.79083059212
48213.27674154909
48277.689873859345
48351.77009245962
48372.62767461104
48377.25578956349
48454.65551353009
48456.35134896045
48566.78647825891
48585.52067002818
48607.39529287515
48614.587774173386
48700.21970912574
48913.067202990336
48934.6565193451
48956.84158472494
49016.774208563154
49099.09948974949
49124.09634588462
49162.97954576436
49191.44548114829
49264.4163171092
49289.47570230238
49339.02282739574
49420.4019097921
49434.18112358679
49457.77735040384
49541.80657795958
49964.755495283396
50161.050793840914
50231.740873468385
50246.69943453894
50323.1342621729
50323.50099619885
50330.9536356573
50404.82986857919
50491.324491005595
50534.38617152886
50591.91812213014
50639.993995011995
50756.07740177205
50770.7913332416
50787.05181534302
50937.16490228649
50963.742557689045
51037.829734475825
51109.23041378297
51301.672104160185
51316.509265081455
51324.275311475874
51462.87273457151
51505.98111771025
51836.96582266284
51869.71847508281
51900.92233851679
52046.506654004705
52064.948875286405
52216.471121667084
52347.78636630564
52401.5882909493
52493.784706443534
52504.044425840664
52514.56491911674
52519.00010649485
52545.965336848116
52548.20559408781
52769.97223384389
52826.67081050539
53187.35631841144
53248.25521479499
53258.31727888518
53276.31516492666
53314.27840046508
53402.15432217359
53551.85335538738
53754.603496049654
53792.56433475436
53881.15476209669
53895.6410498996
54121.1885576351
54131.41825886292
54176.36507279487
54241.45036415607
54322.61661585393
54435.6120826742
54442.66376733298
54474.37179293973
54483.51365484841
54561.80487743673
54596.20137326519
54620.39299510078
54696.04395311285
54975.67839172325
55046.39824039615
55181.68174634243
55237.62833815048
55246.91999982027
55285.800733913835
55367.74756323691
55373.73809323028
55428.4099305074
55428.65647365884
55431.49593015717
55433.18958460176
55435.227213368744
55437.8803432395
55438.390241129826
55444.512407570626
55456.21359729479
55461.88670036489
55468.28909424276
55468.56041399992
55478.124392398626
55479.32496071757
55480.24580948848
55481.952482527726
55482.100920008284
55482.96238643141
55484.10157946071
55492.09466388665
55497.6149705348
55500.742303219515
55506.731487756595
55509.273019005355
55517.81404513291
55523.272501818166
55524.21912499552
55524.55838073165
55525.01873927619
55525.62028586835
55527.75002613888
55531.88095839807
55532.60699100164
55533.793833661846
55536.73940543593
55540.75704388309
55541.780392154826
55548.97635225216
55560.18353199987
55570.84119389364
55573.64206001199
55573.94423643304
55574.327638391595
55580.73414877821
55583.55256935822
55587.779381255874
55590.338867365506
55592.63351825575
55594.988782164204
55595.400602288784
55595.57794292281
55596.788966252745
55598.794811099775
55603.79385603501
55606.22999424039
55620.37652803562
55621.512324010364
55624.623219340836
55630.73302627473
55631.62197250481
55632.84472019929
55634.829466351366
55638.167071252865
55641.60335589537
55644.479765201395
55645.14991010274
55647.3200171262
55653.66342007816
55665.06231390049
55670.92664924992
55680.96968325364
55690.19387539101
55698.17455461819
55698.75236936646
55701.713369089586
55703.35239677031
55706.52776325618
55710.63682255016
55711.87624401679
55712.290058824576
55712.674241693945
55716.89364633309
55728.54606013265
55738.559346156864
55747.06897220389
55755.97746258648
55762.64238160353
55765.76188408632
55767.12123769458
55767.38657563247
55767.88132406343
55769.26076798858
55769.432927811344
55771.302243458944
55772.33813792316
55775.88097449871
55779.56946299369
55783.47072320054
55785.61752209543
55786.29004315805
55789.62424241684
55793.870367532516
55796.84343557532
55797.87932131128
55798.463120360124
55803.95785053486
55808.11434284475
55811.226470424546
55813.20693836416
55816.31844385026
55817.1206689169
55818.986720508794
55823.27285312763
55827.31155553152
55827.51587905065
55830.43310212224
55831.10595589555
55842.810344683545
55856.23574944643
55859.83066556225
55860.9315389016
55870.71446145414
55874.000432954395
55880.897747847295
55882.91547524824
55897.45732743676
55898.29826638946
55907.22027509302
55915.66895039114
55920.06127605732
55922.40183576563
55923.50803379006
55926.945339027945
55928.94539460062
55930.31731438841
55936.98700125447
55938.7668603814
55943.83954606602
55946.86203037645
55947.80883830465
55948.17362269207
55953.45618199941
55954.37480040415
55956.32709785235
55956.53966210807
55956.733937930796
55960.56600383668
55963.50088850107
55964.98974634802
55970.389048323275
55971.54126869298
55973.361304376675
55977.144654132535
55981.7591599043
55982.8106819374
55986.34863136862
55988.39811328243
55994.50961734088
55996.53678415888
56004.2265775799
56005.1991232244
56008.586574426954
56013.09767181772
56013.498990761014
56016.11733012031
56022.35236236293
56033.019464445046
56038.959808351254
56039.56272738956
56041.03700723056
56047.854825528404
56055.86277593683
56061.19685195775
56061.44950592879
56063.36306443526
56066.074007859526
56069.44814300406
56070.33370378525
56076.18889416746
56082.94862856637
56089.29058609991
56089.69783930996
56095.29699511777
56096.979480354676
56099.4058344165
56104.25030707954
56104.66230243527
56112.40871244595
56112.54668537625
56112.811899812215
56114.83153974703
56117.540103851985
56117.87399111378
56119.289391612314
56127.00617321299
56130.47587471934
56137.60270658126
56139.64744913881
56140.117646990344
56140.22404428286
56142.14415462318
56144.18008758943
56145.59532855694
56149.81812123523
56151.98391546916
56153.95780988213
56154.45998561269
56155.48319393005
56156.62066012013
56158.299752746025
56160.41397589672
56163.29969933231
56163.33381627871
56163.33547485377
56169.76659376653
56180.28531822794
56188.02705745517
56189.54861001761
56192.04803483628
56194.25450729205
56197.7764967383
56200.55403792176
56201.94657308353
56209.582552259395
56209.79434096218
56212.30733389821
56213.48061438348
56215.414725561815
56217.12239773781
56224.66928211946
56230.94047271327
56231.157002509266
56237.03898641813
56240.715854428454
56242.15557948482
56251.858940372134
56253.57610311626
56259.59712849296
56267.63794362448
56277.976393138364
56280.79684532367
56288.689750614954
56307.26532472732
56309.64617996935
56310.51079855838
56311.11976428867
56314.25323705403
56318.296653896774
56322.40348442121
56335.95241209314
56338.54710284425
56340.48784777394
56348.195306134105
56349.275522134434
56350.81562097406
56356.21277801166
56359.55792271151
56361.587389764434
56369.916919918156
56372.10287203758
56374.0314532244
56374.55402663817
56378.815595715554
56386.76251401032
56389.22087372597
56392.48825037155
56393.860003627124
56400.12069847488
56410.01882161268
56412.17908124317
56431.30539538367
56433.54031837434
56435.74047044451
56435.79570063933
56439.42752023538
56442.30427877844
56513.21176256062
56518.04808297909
56544.333270124895
56825.50056506982
56854.54176408533
56947.177152858356
57064.62634302402
57173.15046034983
57228.972913152065
57234.204075309026
57342.843302759975
57423.740551670875
57451.24621916588
57470.94376953819
57492.144827494325
57546.55443450359
57609.34692739609
57707.760363312496
57762.74042854311
57928.04130249515
57949.968834383
57961.801244401206
58060.50759015837
58121.648441474164
58925.32066262269
59069.9435137006
59127.485660132814
59231.58517905565
59274.476259051655
59300.84538782384
59379.671666544724
59440.59315682825
59449.80672902761
59450.82797668436
59486.23684693983
59616.859777237754
59648.148533867556
59700.093814216416
59725.723611238915
59927.28258196124
59970.83676647697
59972.15769922629
59998.21499632012
60001.00710436505
60022.69187734765
60051.913621795014
60075.50551194065
60081.315521077224
60093.76366136111
60096.12028766193
60111.85157578614
60116.236770810654
60118.10310749742
60122.87981137818
60135.49590344824
60171.0414959295
60180.98048179538
60192.48533843497
60193.775397229765
60221.889054018204
60242.601327944576
60245.17894301655
60254.74455928624
60255.633938978805
60285.63726593886
60325.933448196425
60332.61509174478
60347.202062863355
60348.49505305111
60349.161664751584
60393.007872265276
60398.81657811921
60399.683288409076
60433.6610877493
60453.23306702924
60457.92801088533
60465.66935813267
60489.75289759036
60491.25954713241
60491.885692369986
60514.55300930056
60538.196364900505
60540.68282439634
60542.92446564845
60564.46376026114
60567.582538021416
60571.31902282947
60574.99868162722
60612.66243755401
60615.66909576297
60654.212788039455
60664.4190581707
60691.44533387612
60698.063570138846
60707.17872714852
60712.82160455607
60743.73796893241
60745.00266691667
60748.39357536295
60750.13036286714
60775.38796241735
60831.17780264844
60835.166109443206
60848.732934350286
60849.63939006963
60850.6920765491
60868.74194280339
60875.57842223905
60886.35656624604
60895.13148429403
60896.91218547685
60898.63149587336
60922.34817473073
60923.106799274305
60949.30991257341
60951.759155194835
60963.053838001964
60971.68558943942
60978.4120569572
60987.73000199644
61040.99118040365
61060.891099385066
61068.66379590974
61116.78824152919
61122.64644231881
61124.26488362118
61140.00329701255
61154.27199571634
61157.771013071666
61158.632046520914
61170.413098147255
61171.17116816814
61196.81022228012
61204.196009615924
61228.940672518525
61237.06048159704
61265.5159530332
61275.250099898214
61278.63284181805
61279.20846454301
61291.76347182144
61299.103964527545
61309.04184128757
61309.99504688121
61313.63129572054
61358.3213776507
61360.13101078078
61362.55010133978
61367.51385443195
61372.325826267435
61373.55071438793
61376.120505705374
61376.62867933688
61392.178694805036
61392.876609245744
61400.76967320077
61401.370962239555
61407.256131610695
61408.40027840367
61442.699161237695
61453.324115868294
61457.45866296483
61489.757448499986
61491.34185138604
61502.155442548436
61506.95674689407
61516.91628113331
61517.92740809347
61520.99337287208
61527.17104677654
61545.847440873295
61547.56099183949
61559.54090497746
61595.00724866867
61596.29212319773
61609.934913586636
61614.58371443858
61642.409269474534
61691.96930781767
61694.96171118531
61701.19815310024
61720.70225563902
61725.44616248585
61727.88712993042
61728.74354917545
61728.952662377305
61732.872346594995
61737.54809143737
61756.925316923036
61757.5668629815
61809.86246536164
61824.851251155385
61833.473847680354
61848.79450141278
61852.14853261548
61868.452671237144
61885.179444116635
62135.75555345426
62275.30354261106
62306.59753466689
62322.879014626895
62646.86016306802
63083.67721156022
63086.036183938966
63122.46625899924
63388.650811768486
63641.10862455447
63791.66090855157
63807.55291561839
63875.73667262326
63921.5264459671
63970.53814168321
64123.804865096565
64557.46580923433
64745.80841656058
64746.715453279925
65114.23350190304
65131.96286171694
65199.56711551807
65223.54869974573
65421.048511440305
65434.96481758054
65471.18212206808
65573.179143898
65803.87122941215
65903.53822589768
65973.24587219849
66246.24467787937
66265.59695976101
66311.21780222184
66351.30306441092
66472.25624919067
66853.9567382042
66891.68859259089
67182.75040202193
67334.37238681424
67593.31788150093
67605.84924323457
67669.01429450398
67995.20173932618
68025.65357855498
68335.90019950956
68510.4577152999
68724.59116259044
68866.81852635239
68885.9055397693
68915.97216238483
69089.0204086606
69255.02467710138
69434.0998968011
69489.77269294695
69639.47650514383
69958.29281550295
69999.55695063631
70093.72756407445
70140.89271814516
70439.98030246588
70510.32654399348
71614.70589317288
71669.0724173306
71700.48358094679
71731.52740222924
72112.59614584033
72115.82882295584
72309.39528108736
72353.15672609396
72561.61889148585
72588.54576120486
72776.69169830892
72864.73734640419
73374.66238065156
73430.98408888203
73469.89763574855
73511.61725960541
74149.58933140144
74635.68575654928
74771.0901723901
74875.51942788539
75056.5602045225
75458.11853710456
75886.4397191428
76855.80403035536
76880.89322283368
76922.96387198579
77628.11538214739
77854.94352444499
78388.12791034844
80144.06827671474
80766.14464646389
81109.71176409721
83480.62576819088
84033.73161276514
84643.24368404207
85276.01457802427
85930.91591733765
86012.94742900901
86937.2920749338
87055.28440626361
87717.88549339255
88090.71591805256
89288.24416072582
90587.60838192748
91916.04792033773
93134.49071709503
96271.39473633228
96365.76471301253
96382.17030936405
96424.59888092801
96426.97558566416
96498.9015494085
96507.03875275503
96591.0259287949
96647.95664936483
96739.19792865199
96824.99205545487
96829.58711327256
96858.09064957211
96927.85246402983
96962.97325674327
96973.8138286914
97021.65794536316
97030.81260365515
97139.85120467759
97244.3792944459
97245.80642906531
97258.06771910169
97281.88216675748
97394.7510094443
97423.30474031254
98013.46302186711
99693.18690977199
100537.09853997863
102456.55514304189
103544.44342578891
103896.67305473547
104026.01132301164
104120.94255112977
104122.59896939207
104213.03297081616
104217.79487359937
104250.74840647992
104349.68153171851
104364.28234052409
104387.08639146847
104400.77884611397
104417.2170205829
104467.6132721341
104480.04099893905
104493.58762582959
104703.56493270845
104831.8119852864
104866.1718878931
104961.66082583966
105009.92643879488
105077.5820334847
105153.40596215571
105192.0504712263
107531.72682944417
107837.99341546933
108100.74979301263
109713.88863751144
110135.25207229354
110768.18348627382
113763.64168310433
113807.59306561871
114732.8685257869
116643.22205526166
117107.90422087788
118939.63111543756
119577.04457706565
119807.50171155998
121575.30120372747
122091.92311226486
122492.53902151759
126530.7700156596
126776.27557746929
127178.24916014458
127201.73838109392
127219.86614928892
127269.77380618204
127459.20382224559
127595.55840309162
127649.81805407227
127663.15407687527
127666.55687210291
127766.2217925329
128339.29747738637
128371.37789782131
128395.54343883612
128424.68501336435
128425.15843109274
128613.90385487882
128631.32101240224
128636.9942538364
128746.70597806944
128786.68907037751
129121.31539516812
129389.45464061634
129580.52378792877
129705.11365270436
129793.13649378711
129881.63871192216
129918.44430091424
130014.34377019596
130041.04572473001
130108.50339291838
130147.08826579494
130221.63189926514
130221.79257504156
130342.3057612979
130596.61955586117
130726.98937776322
130803.31869115369
131032.8407913023
131034.1225021363
131131.6945026011
131150.887331493
131376.87588871628
131451.471448116
131537.0854550753
131558.13026205357
131744.4827919677
131804.81750266076
131833.68434544536
131851.95906210598
131857.84774465504
131859.10753993836
131907.82950876947
132035.63806962734
132226.0954551314
132316.0727245664
132326.89524806352
132351.5982574658
132453.25459097285
132499.79214126887
132530.0191671254
132658.3942876256
132788.69452879424
132789.51147873735
132897.58271142544
132946.75176381244
133241.26127464377
133261.43465193966
133363.3571130516
133465.4116199296
133579.90849274024
133604.00990712584
133630.75472580286
133646.6024936036
133732.43310523283
133824.54620972543
133996.65337883844
134187.66121345118
134278.28001314084
134317.64382111677
134452.95200043754
134725.09839117192
134837.99500468513
134988.4414529064
134994.5343661252
135046.1902513434
135131.12921432406
135303.0973905417
135446.59693932915
135939.02930354775
135996.4296471792
136126.42332949024
136447.3373311665
136558.65404852133
136614.63651300015
136621.82992841784
136644.45418441304
136653.2516347858
136658.32431284295
136828.72618455143
136835.84597977484
136934.13351442912
136961.98401761643
136993.5461700097
137073.8318404502
137123.5545075197
137245.2234801207
137362.27187350413
137372.76024699686
137386.15828203235
137401.74517954676
137406.5274688322
137599.25388493945
137772.70766929997
137776.3032073304
137954.1989441563
137973.70838419846
138006.14398125335
138208.07488465888
138225.0305292214
138384.03700544257
138391.77533183995
138723.2332722106
138827.79089897498
138855.99507207345
138940.3458063125
138979.7521084219
138981.94317827543
139159.2816608903
139180.82165183307
139249.2906813432
139257.58873708925
139352.21614909038
139359.3571259951
139381.19926244565
139525.2504068237
139550.51030990743
139564.06536459917
139701.25929533248
139724.6985259011
139735.27089991196
139800.73834443794
139823.3214517909
139869.37052218575
139888.08648809342
139920.89183391156
139950.2827479996
140022.74499926143
140029.02744131294
140300.50273219592
140304.54097560368
140375.48179503623
140491.96290511583
140531.5965686724
140577.66104796674
140606.80975375432
140688.17293565365
140835.9794964023
140838.1235634607
141111.3937329817
141123.27347061416
141355.72068342663
141530.36060043986
141602.34137164825
141684.49304716097
141834.46727528592
141838.8754861369
141839.69520908225
141844.02435640324
141845.7470532994
141846.15493964407
141847.46154614113
141852.3430990323
141852.98135450712
141856.40048876358
141857.74453065795
141858.98046954093
141859.81105160908
141860.88500345158
141868.26194854538
141874.0097654376
141875.6988214591
141878.63707547163
141879.4431380291
141882.22777911654
141884.40305295243
141884.57656230548
141885.42165696077
141885.94108765584
141888.37290998365
141899.3319354689
141901.76059287056
141902.78342228977
141903.59031772023
141911.62897746687
141913.22024911433
141921.91760355595
141938.6499208603
141938.9523963492
141939.01625278924
141941.26437336172
141949.80346877937
141952.90249486416
141955.81216946506
141958.5738076015
141958.97147368753
141960.5264974166
141964.3170423715
141969.48981074576
141970.7038604121
141971.51400995633
141974.71560327982
141994.19276972915
142002.90860838277
142004.9677905908
142015.41813674127
142016.87873510006
142018.99202464375
142024.7923847072
142025.15192383388
142030.36201726805
142041.24890639298
142045.2928407616
142055.08046325465
142058.3557619258
142061.0563883157
142065.54547984333
142065.66916820058
142069.53023679034
142075.55365898143
142086.36785529315
142086.38996580872
142090.01433667884
142090.2470199902
142091.0098884323
142106.6576748906
142108.26200507532
142116.77944280658
142119.91050854945
142123.34341645587
142129.21308317472
142130.56192358374
142137.7406518341
142144.72316256323
142146.20348842014
142149.9124420613
142150.58920336532
142151.66363831118
142155.6307640259
142156.66193995555
142168.78095581627
142177.44884036348
142177.5437144326
142177.93602523653
142180.45955950493
142184.21770146792
142192.77993180839
142195.1617927561
142195.20110502525
142200.4499446738
142204.58165823822
142204.59233330155
142205.9458227885
142206.75345474403
142217.6745814869
142220.05284100084
142222.6907906243
142224.00978292854
142230.4890261144
142236.83515184178
142240.5265462796
142241.21228210244
142242.26824699703
142244.89455426214
142244.97146843077
142246.38493130502
142253.5072621878
142259.95952954018
142260.3503476983
142270.02635240974
142271.38974543018
142274.53145580943
142290.36023476196
142291.6041145161
142291.6956305655
142296.10048954992
142296.51983894655
142299.3476221144
142300.4653931726
142301.5018211544
142311.42177467706
142314.81028403784
142315.1575516556
142315.50877987873
142317.19654592127
142327.0420253539
142331.3257856337
142334.51051517949
142337.42803083654
142339.60516935287
142354.26448661758
142358.6769215847
142360.41886045993
142363.23641280248
142364.34449266482
142367.67801854687
142369.85991166258
142372.59356505086
142377.69163969276
142378.73880864237
142380.86354187716
142381.5964031517
142385.7223204068
142385.75574762217
142395.63341104228
142403.85572467363
142405.3035800854
142407.1691107792
142407.5034725402
142408.48496911066
142418.00504443608
142431.57697172917
142436.66353012287
142436.7094688766
142436.90620874354
142445.22063370564
142453.50314677967
142455.56533565675
142455.66472566
142459.3504501671
142464.46582222707
142472.29575876758
142472.3785767877
142475.13103233516
142477.8597883982
142484.46998150658
142490.84245312243
142502.9651013562
142508.45388501324
142509.0948453596
142512.23852194677
142513.22102943686
142514.79176826094
142520.64222863025
142528.08586337813
142530.80827610998
142543.4730629777
142546.86404010036
142552.59153338987
142556.1089951021
142562.10309238435
142562.28189287233
142564.1573685354
142566.91755041882
142575.22347010352
142576.21108389716
142579.0118882539
142579.94242039882
142586.482461717
142587.25565741997
142590.38914523003
142592.32718377325
142596.22022752799
142598.58423945538
142603.25248638098
142604.79008870237
142616.13708239666
142616.71200751475
142617.95856484573
142622.48729124444
142626.77399684218
142627.12768836712
142628.09700948306
142631.4791852273
142636.223925841
142638.87968843756
142640.3474778978
142640.91593951892
142643.3335595906
142646.19345390462
142646.63684289594
142654.56364668466
142656.95359220228
142665.11101668593
142667.32650617295
142669.6606993829
142675.85551990688
142685.982727429
142688.89786555181
142693.66790825775
142695.48094166038
142696.88811965106
142702.4957425673
142704.48432298037
142706.28471010365
142711.92196694232
142721.20193426724
142722.92630492867
142723.09428975196
142723.3769177996
142729.29582856543
142735.1681871597
142735.88116608316
142745.5011985781
142745.93699663287
142746.58297865436
142747.5291204296
142749.06901442067
142749.5163654009
142761.89323622728
142767.58890876514
142768.21496398502
142771.74843947025
142783.1677442759
142783.47056293604
142785.86566767382
142788.23570363212
142788.7498355215
142792.16401792387
142800.65036579256
142800.8627548144
142802.04656655982
142802.9726563262
142804.43224879936
142809.7995380774
142814.48222689793
142818.15550334903
142820.48912124004
142820.91071934553
142823.30733615297
142825.3959431867
142825.52552267947
142830.59388373137
142842.71696746114
142843.3468357614
142860.40105529854
143017.75271276437
143089.2290997066
143337.22264753195
143355.72061050005
143584.06086035102
143859.89572005172
143958.5770891752
143971.51290072117
144074.38728264256
144075.52150261405
144091.38836570695
144172.59573028007
144219.46513389028
144303.9514162668
144499.88364122837
144607.3048465512
144866.44857731534
144937.3962383847
144970.44526588244
145163.80073471044
145165.16713364414
145331.3023686633
145397.4736822442
145421.23412702733
145520.84478311788
145598.7218323559
145638.73647169815
145665.12679164612
145667.92320508359
145771.65522781466
145792.54943044845
145958.46476650526
145964.95176724638
146039.37322652404
146127.9825240641
146365.46303134176
146398.47528256665
146413.07233672257
146414.61182046213
146433.84698872984
146451.3664214154
146453.14504433706
146459.18566328043
146468.70333880026
146477.6238605762
146507.35574250843
146508.58543094253
146517.18686081393
146534.728357211
146543.49405864466
146580.57971904345
146581.3752642439
146606.21636570597
146628.3687781722
146737.61522157324
146740.4380572688
146756.14370777464
146784.5380133729
146809.12350308042
146812.18113586892
146815.55583540446
146826.63123656777
146827.25511626378
146827.87950667436
146846.89450799057
146850.75645336916
146858.2321078795
146864.45665160334
146868.8325175828
146869.0396299226
146901.97889900985
146903.73571319698
146905.67408954626
146911.5256381303
146914.5427179281
146917.51849283386
146941.65907223092
146948.73272662194
146965.29028637707
146969.01095499436
146969.31375798635
146969.7691930589
146999.07060695792
147002.75629128527
147008.70490340923
147012.90757221938
147017.20296043373
147020.77633701873
147037.4403166782
147083.77215617662
147113.92059410643
147122.50139248985
147146.6649845261
147170.4629094527
147180.08258731358
147185.31303443835
147185.75706571958
147227.6439002094
147232.1422839456
147240.7582600794
147249.4841059651
147268.048111849
147283.46066780793
147315.88794607058
147322.80208355142
147324.92949183437
147327.24334731605
147357.6615888048
147381.42300445613
147413.75404584655
147452.88065508328
147487.17854241322
147490.84280077426
147494.0063820625
147509.4917668544
147543.84895270132
147550.7151380111
147558.56937140526
147623.81980244754
147633.774558265
147657.36715885304
147667.6628323592
147678.59558789106
147678.9787408465
147682.65330896917
147721.4067085534
147730.5049624791
147749.4798574727
147752.30839966476
147763.68920330063
147763.760685954
147771.72621107864
147774.09468509158
147785.20127028896
147787.1747154255
147791.23853852108
147801.95234106207
147804.43420621633
147804.60393543844
147814.59150228743
147822.69376892285
147826.97348030208
147827.28875038054
147841.93527833937
147845.44898706215
147884.52689401893
147911.05881432517
147941.43377892917
147953.28534431
147961.92982368992
147975.42525857978
147995.01838861237
148006.08881269646
148017.8549748854
148024.01497213196
148025.06215541612
148035.4713225735
148036.63356462735
148050.8139684195
148052.06370705034
148071.04192388192
148074.54726756
148081.24677671463
148089.41660058475
148107.34420049333
148134.4556991048
148146.93983458314
148160.54782075045
148162.1237407275
148173.92619818758
148200.28882770595
148211.56857437672
148244.25977972648
148255.11527251746
148277.76542212957
148288.5881496315
148308.28079623764
148312.0696558592
148553.79062015054
148575.24192573642
148643.58739708923
148695.02300770296
149667.90518310879
149871.13057656662
150011.0954975861
150423.34840663173
150875.95631680771
151034.92777618853
151070.0334142659
151378.4310352963
151425.68331924063
151517.0030093516
151686.98550536326
151776.73744215822
151864.3019170358
151949.19448057722
152098.27996658906
152237.09504447354
152397.54973293
152738.7019799382
152746.25227334525
153008.46262162994
153288.0252091043
153576.91924350068
153636.44615699782
153907.01847793232
154033.90920694423
154373.28443971806
154495.40548628967
154541.75157375343
154550.88674469676
154582.15722500696
154656.72291074373
154878.7646511598
154973.27514408054
155169.4176559601
155245.8872943099
155284.27405390027
155290.02107577337
155417.93216095318
155422.04963801237
155509.69137115811
155747.48180702364
155839.21104405454
156040.63672863285
156078.84271898348
156133.17098857905
156176.89864676338
156218.593429029
156444.49600342195
156475.66363412642
156554.32836687108
156683.19658913434
156989.22856687495
157197.25738999725
157394.5967175451
157416.74260125437
157432.3033844813
157519.18540423005
157768.57435198675
157982.3839701084
158014.6762804764
158148.02879420185
158164.4281650878
158196.5081265372
158295.58136215282
158440.56836636504
158506.01187528318
158515.09362007063
158515.88745673944
158525.83706763876
158782.19938766345
159231.82701923605
159950.9830342803
160338.32954987197
160462.53111422452
161706.54073751692
163126.2737109062
163651.6269806823
164433.0797683315
164569.68705155177
165953.66152711987
167910.8180841552
168621.38273123145
168936.59722384962
168984.22690654892
168995.22805675317
169329.2118947846
169788.8855751402
170626.56477359758
171351.8624617139
171540.71994008886
172912.7252113293
174226.1815579283
174668.03823478238
175327.07424146167
175955.58121160057
176032.44554478832
176811.52930313803
177537.9804130852
177754.43664610988
177841.28492462114
178066.2246873737
178449.62025961178
178562.67007072418
180463.88857975655
180677.92776571476
180972.5293290566
181955.44363931663
181970.6561447583
182059.52241862123
182660.42423212045
182672.89514333918
182872.75831429736
183057.13070175436
183069.44107634193
183091.24646943406
183109.03976428206
183166.15643556364
183177.65436327746
183220.39677864447
183266.8946803214
183267.50329530807
183352.8983189327
183615.3333353875
183731.909789203
183892.8472096639
184387.99238697637
184963.6114153448
185387.4536440557
187488.69401944467
187901.253962769
188378.61633865995
188861.24215710443
188881.2034286657
190294.06313529285
190371.186798255
190385.07202417112
190506.49207092298
190542.6261216436
190645.6339284302
190708.01701188684
190739.41738135723
190875.21119171474
190899.0096059515
190914.34798352304
191040.53882766605
191047.40190519282
191136.7431841929
191250.81024278942
191318.25455236615
191322.00607424445
191348.07629408542
191417.93702191178
191550.1365536746
193117.01664706582
193892.38026188652
194821.9138190163
195614.323518652
195902.93769001038
196560.40389487497
197363.50436021187
197815.00844107327
199708.03858907748
199713.02540963722
200327.66313373664
202081.13102408464
203474.28420346451
204326.85120004875
206280.59917571075
206906.3119071286
207000.6751613914
210176.51196156125
210595.45688794923
210835.59834977562
211288.11795833232
211633.5951257756
212326.8764270665
213513.51503388357
213730.35149887222
213738.20485976964
213747.28678784447
213833.77338083292
214102.67620755092
214179.62780744507
214190.93233932066
214235.39456027397
214440.7629973918
214489.64572673157
214500.65667355276
214665.65670580915
214716.48026993894
214866.6340985299
214927.55654949535
214952.162204382
215195.83005035782
215375.13747902456
215394.34635534784
215404.08381433715
215442.49238813206
215499.9596712235
215679.59944782508
215908.99021639637
216038.2202607054
216112.22632638222
216173.55413753953
216266.29649167508
216414.7831147944
216421.26197221052
216470.95856988285
216517.07393513952
216628.91041371867
216660.47008130443
216743.05916000268
216772.42096908318
216821.57124735956
216860.41609634444
216920.40240308308
216973.8280415969
217325.3323732402
217345.04843165082
217345.1450489337
217346.98927710514
217407.42529392976
217423.97999937378
217425.23362117846
217449.78409115312
217546.21269557803
217568.62754795537
217618.09390423042
217667.56708953675
217731.676440083
217786.91273230265
218020.30745668424
218024.72177764852
218036.20865696052
218066.69330656726
218071.7496913881
218120.51359420628
218124.30622185272
218145.8890672241
218150.27520902504
218222.2189873326
218224.51958464514
218297.5739911361
218488.43099476618
218496.46461714944
218500.18355613627
218503.95769698315
218505.3592862065
218639.16511781773
218715.5516838461
218724.82130957194
218748.40243843157
218757.1665182956
218774.8816929563
218806.93261861318
218852.65285568475
219035.85030266733
219370.85863986285
219380.93460557415
219457.1743031366
219473.77339311544
219588.21626945795
219698.64064495155
219718.71427397197
219909.028650678
219933.83061542676
219974.2611859405
220302.72757126816
220304.71417910422
220354.5644055502
220391.76688505357
220404.84214208456
220607.88615903896
220618.08742095876
220735.3788243846
220794.8590215135
220847.69436793576
220942.4534874958
221079.05510667866
221140.3527288923
221170.2495931372
221313.2882894737
221390.92820953004
221464.0311029536
221508.5212196432
221526.10448132933
221589.28372973413
221589.8510972077
221617.70423009008
221625.53159848903
221778.8005792725
221879.2062588705
221890.79266257782
221945.5597719579
222138.80741707643
222148.92009681507
222157.07073844323
222163.51252194587
222170.43914911064
222174.3008051354
222293.20424865728
222336.1995224926
222342.41829703387
222410.73484060256
222542.63493852064
222713.2145944378
222713.57956262864
222814.0653846309
222815.84621975478
223171.62223781232
223191.6334239234
223260.80761990737
223356.77584146947
223468.47890819758
223473.86239390314
223528.18346719738
223540.48045970377
223617.94970854593
223760.60444770777
223807.27219549174
223818.68858725717
223839.80504882665
223910.48786602743
223923.81150780834
223972.06745123485
224093.1742390988
224206.2689815216
224585.17807995566
224654.25418878192
224775.90895655984
224868.05895506172
224869.448605532
224903.05981184234
224937.66618227307
224983.92745180795
225010.90916374084
225079.7193955822
225115.96487837847
225134.6435064426
225231.4552044428
225353.98283136848
225364.22128381956
225432.4312483758
225767.86707356383
225849.20008722058
225856.36280826607
226219.61482776
226295.50965155233
226368.10538325796
226480.6150731931
226696.86509040857
226710.1317597388
226789.7439080698
226819.24589203874
226977.37963713385
227072.64225815202
227074.83484868956
227145.01111267184
227215.50093019393
227227.46219160486
227228.26837675227
227389.03807815377
227436.98702196102
227582.07330110387
227656.48285950028
227667.43384105858
227691.48507729766
227756.1042883861
227816.1584883161
227856.65079091644
228020.90458310588
228074.57528761995
228112.51928957296
228165.0099619367
228186.22612676784
228227.0460890702
228230.2804877255
228240.30915703246
228242.15820864032
228243.61100145747
228248.3556356202
228255.8049682675
228263.60811259702
228272.2497280155
228297.00301758014
228301.46154900972
228312.51015050843
228318.84012006287
228324.52853605864
228329.46349158604
228335.73863494088
228340.1177802154
228342.45635602783
228344.11543148145
228346.0274872747
228348.329423735
228349.32943959205
228349.4083849188
228352.16618446988
228356.18548708374
228359.0105683114
228359.89713610616
228361.6396015172
228372.24816552503
228372.6316805741
228373.5959216056
228392.07715362377
228392.7688537129
228393.18172733087
228397.40128858175
228404.9617768213
228408.24770434722
228408.55750975147
228408.6855615031
228411.92493425278
228414.76195628953
228416.45778096712
228425.28482780006
228425.30291706003
228432.05267241414
228436.79370008482
228438.82650848592
228439.00794818814
228450.25553808844
228454.6535344167
228455.85371872614
228459.88113966468
228470.71365017295
228474.59925407523
228476.75148495263
228491.70671979367
228500.20478246378
228500.29687521257
228500.83393995714
228501.0153872829
228506.56051897153
228506.83909332077
228513.35298364036
228517.8519370666
228519.9000450527
228520.8953300844
228523.025423701
228528.51434996544
228531.25207427004
228537.53078362966
228538.03911540518
228538.0629981034
228538.62296657334
228551.14266682073
228556.50373182262
228561.4301709427
228561.89713776356
228567.6411530954
228574.89219516836
228579.62516254536
228579.66840113132
228580.6016558447
228581.94054770828
228582.41492193475
228586.29806626463
228592.20877536404
228596.94234025024
228602.53940512615
228603.39982172492
228607.9182007146
228610.32462586407
228611.22522495768
228612.06035509516
228614.08454233783
228615.11170821165
228620.069192785
228629.36560832767
228642.24690524314
228649.21326077066
228650.3072949156
228655.12607655858
228658.0589478241
228660.9741783673
228661.44194734207
228662.55403440964
228665.37449594273
228671.99106789439
228674.5128531335
228677.1909154006
228678.98206595692
228681.28181408005
228684.23896535343
228685.66655548193
228697.03907399677
228700.9565404618
228709.7640401843
228712.39348057588
228716.93121876498
228720.20696929377
228723.05479644967
228726.92665215954
228734.73296921694
228736.94784752993
228741.66397503915
228744.85566153738
228745.51053056878
228752.13838928877
228752.84918392447
228757.00106910942
228762.16803611835
228766.11431186605
228767.36585547644
228768.96388311143
228769.13525931857
228771.84336380253
228771.93342415456
228781.33873308642
228783.7384363447
228786.39065487232
228787.4211822966
228788.5421982752
228791.67995687632
228796.63645431283
228798.7328513926
228801.56493958877
228802.49817557164
228804.9195950689
228805.23212177222
228806.35140053308
228808.58179446124
228809.05503629273
228810.9707549068
228813.24590594374
228816.85959995174
228820.0495711862
228830.23575210955
228833.01773940603
228834.3265098464
228837.84631976392
228841.15163266053
228847.50747668187
228850.06906925605
228851.33800334792
228855.63185135624
228856.47785838306
228858.69609907147
228859.35047969196
228859.69833526615
228865.12791473034
228871.42076459175
228874.10994866595
228882.2437494273
228889.79638170468
228889.82702372255
228895.35672655609
228896.01189814115
228897.02617717045
228897.15442458476
228897.36805125064
228900.56087065264
228902.51306490408
228904.34344027203
228904.58961680986
228906.84284799668
228907.61318257055
228909.84227315825
228910.59649055975
228913.76926905953
228915.81833139042
228918.60100279696
228923.57936097754
228949.1237059817
228962.77890496782
228963.62958340454
228965.21359617152
228977.11793306598
228978.91549538908
228987.22661246674
228987.6887035637
229009.75064453366
229020.1369473235
229025.577462452
229032.2623358672
229041.2426808365
229042.50010127565
229047.249456149
229048.17250089374
229050.19110403876
229053.18929421715
229053.648773567
229054.38177435877
229056.93595266208
229061.47970983878
229069.14053368339
229073.418803745
229078.6302868804
229084.86472545384
229084.90461240296
229089.18051258277
229089.7305226312
229092.62334922724
229094.28957184957
229096.8037309496
229101.86957946676
229110.09604183098
229110.39554100236
229111.9812820697
229116.3147953053
229118.62544546506
229121.76979624204
229127.8644604204
229127.89925796876
229133.30933070162
229134.7038395839
229136.78305413984
229140.3000756635
229146.98121813714
229151.46171575336
229152.35007495023
229152.6323457822
229157.904129197
229161.61704943096
229168.6201382789
229175.23724967628
229176.7669126417
229177.8286424126
229178.9171445273
229186.66323586606
229188.0401540529
229188.60734622393
229191.93201966825
229193.73676104358
229194.88749817913
229195.57450786274
229198.61207841223
229199.64988600358
229203.26126820515
229206.9256523636
229207.16555243914
229209.29568472953
229209.64982814412
229212.24353008057
229213.92001901535
229215.5906744987
229216.53228536554
229221.58591894346
229224.4495138126
229230.47278410438
229237.14467247244
229239.33049479377
229239.46949059903
229241.2846190068
229249.1631023776
229249.6160768423
229250.46288342754
229364.537649003
229396.23949665372
229400.5576432218
229530.26445506507
229577.86836619995
229580.36509172895
229606.4719021697
229773.1367395774
229820.7178970022
229886.0656182543
229900.57932502247
230002.32143972226
230030.54385096976
230133.4580312131
230180.9974177226
230216.66938110668
230349.77662891947
230375.69954314004
230437.21682902979
230522.82526546417
230574.67351226893
230682.89070286404
230684.82308684138
230701.6280538742
230716.85935714797
230734.28673987425
230761.3652675788
230896.13236058442
230918.65845134034
231189.7397749198
231214.83064864203
231257.34031024246
231293.90079158454
231337.67493026966
231339.85457745983
231343.51652321575
231386.576701093
231401.4164966428
231425.19190171984
231496.67211702128
231602.66591745053
231605.20762820245
231654.48637952254
231667.81439813809
231675.74808221994
231731.53260797137
231759.16800446145
231813.15888169565
231891.25620903014
232013.98995759207
232278.8842402887
232337.07320703156
232436.9002883596
232480.41438941975
232482.4941122918
232532.41153236784
232551.24186234997
232558.34236702145
232621.32547153407
232669.12131316616
232712.88251377334
232762.93119815478
232777.72379731506
232781.0595382108
232786.85816583384
232793.00928262412
232818.8385273821
232830.43443682254
232843.1459497636
232856.82647633
232880.79576424975
232882.77793850162
232886.77500700712
232895.2311268066
232914.37516913813
232919.66480875592
232921.53701882227
232979.5104304167
232984.41805334116
233000.29866653695
233025.33056548602
233027.89769318944
233068.08496341712
233077.94076017226
233090.5803945099
233098.20736222572
233108.97971830104
233110.03862829454
233116.9712878531
233122.54060220259
233159.98792389763
233166.3729543871
233188.65316850285
233248.72559728764
233249.68776815178
233250.86392811692
233272.6649896081
233286.37485250572
233291.64607625653
233300.22681216744
233304.30062831123
233314.93008073297
233331.32992359553
233331.96536878572
233343.00750781124
233343.65180420075
233345.1255907971
233347.03869459115
233347.6912729182
233380.855392956
233396.9658982432
233412.34882796687
233417.1771223339
233424.66101609814
233440.8616107304
233441.25581491672
233462.01151300812
233466.56882621846
233484.30082026927
233488.80507395603
233503.1205627853
233513.8404057261
233544.95409558393
233577.05315925076
233581.57009737517
233586.81118234064
233601.009806463
233604.88735326537
233606.09853162317
233611.85667559385
233653.5234299251
233658.03727777314
233669.3691362888
233669.5173440181
233681.34351278024
233705.05346682502
233709.8368750246
233725.63306829723
233746.96578727398
233749.95939643175
233754.03218576434
233781.40424794075
233790.56638072853
233827.26695511452
233891.95719107182
233902.10365685672
233907.42346480428
233931.9187240959
233947.07425721613
233954.06485620284
233984.83554235628
234029.9603712949
234043.80293192412
234125.2830836596
234145.14902254372
234149.76564328736
234173.42948259017
234184.37238207634
234184.9059787515
234191.12672967257
234202.0204871287
234213.9513825099
234224.0933146486
234230.28642710877
234272.05201026
234284.77429766135
234298.04396008456
234308.81660751638
234309.5535740707
234322.14063642448
234328.52783911157
234328.57678327925
234329.48173042995
234330.92260116184
234336.41364838433
234344.2469734317
234357.32153587503
234362.87504893632
234377.59316243487
234404.5377608395
234408.73340664757
234417.74884713412
234418.3054462651
234425.93562278844
234440.76354627853
234443.58306962572
234451.1504279279
234457.42789501802
234474.46190857567
234501.26610500703
234526.1633241029
234535.90473288792
234551.18944993487
234551.97746722988
234557.87841537836
234569.71468146943
234572.96632429038
234579.58827680972
234582.0237752213
234586.90905150253
234587.77103886823
234593.0197410498
234606.60629999527
234657.73598635482
234682.33708878784
234688.03573397308
234699.90757802202
234700.82932976203
234708.53581391077
234874.35478637653
234946.67077624772
235261.09274630522
235385.09243398276
235385.23463004216
235406.80140046592
235632.10288921586
235678.29988219892
235769.6809700786
235798.70416363326
235816.47699104983
235883.4190965829
235950.0715609552
235967.3197563513
236017.41141787823
236183.07715536066
236306.6672324976
236462.0931634977
236908.59877666042
236980.54592374046
236992.3850536383
237620.14968778595
237626.56189288315
237633.9914997428
237696.61135548056
237797.9799957469
237872.54110238483
238026.89349066015
238066.95238438016
238394.82213570722
238504.4722046766
238552.63748740993
238928.6230107426
239119.30935304268
239395.36056575508
239442.08786146127
239527.21018150472
239849.70177565346
240156.22093714745
240189.2078652782
240516.94373041298
240568.19627201595
240995.70466112142
241009.54989888234
241036.89929640535
241228.46614847396
241289.6436549407
241296.33041446417
241477.2007226002
241518.2175173462
241636.2283905815
241732.83843906334
241875.1283573878
242242.3058098909
242252.80777235364
242314.96506376108
242335.67437367426
242361.85906079048
242399.53418473882
242661.4603163621
242723.28517849086
242759.3112693946
242863.67360907164
243006.18074941955
243011.98953140198
243136.90099681163
243354.68437765594
243457.05700119003
243696.56708597875
243949.38703376212
244163.93409395515
244239.212124452
244350.01913587708
244847.84559667972
245163.77106648165
245245.52280086992
245325.42166035963
245545.82217121456
245596.46393184617
245596.73875391617
245768.405597441
245895.22520634288
245902.79310845438
246023.0333302998
246384.8921061518
246425.58508637882
246756.50627830438
246865.76861104736
247706.03576906174
247788.5098427781
247926.12556572142
248044.19369744998
248339.53888597887
248419.58744775748
250191.0995294999
253358.04123463086
253418.4119887331
254320.81147388823
256161.06245802488
256786.68465669212
258169.83460007838
258526.54816025723
258945.272735402
258974.03808134084
