1585.0358542703173
1887.2195562130692
1901.1782720523086
1905.242837386949
1929.5983899709327
1934.421228008736
1942.7859981481304
1945.7231601357612
1952.237584880062
1957.2705165709972
2009.5972046747238
2032.4649570457004
2040.8285801727434
2045.3161536981197
2064.4164408605507
2073.1925279636635
2073.416526324628
2073.6351803244474
2091.663331161398
2103.357316186227
2123.1737809724377
2126.7198380942523
2245.4687818513107
2251.269626684631
2260.4029828718676
2272.8974503798845
2303.8451806423946
2313.0306262647455
2339.579746764494
2357.573833702791
2376.106717571783
2387.4166591998196
2391.6482243623445
2396.2062877939334
2414.4623797034706
2431.2567008516817
2453.097454224165
2455.210035875711
2457.5855454124016
2458.2543123108817
2470.845601953416
2471.4465690111847
2513.4916573835835
2522.1947569955605
2525.604445561829
2558.6218355898677
2566.588844181967
2576.666261217354
2578.521459686431
2605.2033362468073
2607.763310606542
2620.762774242604
2648.387037371341
2684.7540419497973
2696.034856095809
2706.462215946281
2716.7317311740485
2776.8572475284845
2793.5141194841417
2798.9104135346306
2833.6560060897564
2836.7192915405512
2837.304075572226
2864.999341121376
2880.044082121985
2914.486979199695
2916.131353214629
2916.923093728135
2961.634511339239
2976.393831081339
3006.323237456391
3027.1605828063275
3029.7912829986685
3048.6754232468434
3052.0049295908752
3062.251058654476
3099.5784540071913
3101.3936353344393
3102.280978356928
3113.104032302257
3119.408611688099
3148.3815698941094
3157.8728931916316
3203.5267503386467
3234.622064042139
3251.24305909912
3259.3346946964903
3292.94279807954
3294.886815240472
3303.7199274409713
3314.31166600063
3329.3092270685233
3403.9789022691166
3420.4843861446616
3430.139909113169
3447.3811656263715
3490.8625490004206
3499.02290358897
3512.4348942252445
3528.380946343188
3530.0004019930543
3543.7627414345566
3544.1399114481405
3583.1552143858694
3592.3931731101634
3601.453356242094
3622.9893918656294
3623.8519593091
3653.135593911468
3660.3529339306638
3684.245767741821
3696.420519994089
3716.478060869804
3716.8187751003447
3744.568139476421
3759.105473548695
3766.528306889672
3767.0163440674073
3771.275984641736
3794.660965762193
3805.69213998992
3944.5520621857363
4047.814880972908
4082.15234725782
4151.849415752934
4246.683032922588
4652.296738482531
5137.875591852138
5268.502164504131
5733.81348664899
6599.463048032291
6796.59108089204
6799.398599670776
6803.205598982911
7443.581256108196
7490.989843236737
7516.508848540314
7519.699103288637
8128.488448429166
8740.098181315967
8901.469248135025
8949.599736294005
9199.783571378395
9866.815878948566
10015.120193700786
10797.207996489537
11090.748381381776
11532.591010185935
11533.003145715558
11906.847789126008
12466.23928327928
13326.650510101592
13718.523136841897
14204.334755218319
14397.415477327055
14770.217922726315
15027.82388835905
16676.79884193555
19533.626673349216
19689.316798163516
20473.41850791166
20559.566975227615
21079.376838325017
21834.372129298587
22718.584590159066
24695.44084935802
25198.884606482596
25766.186561610135
26987.05995124451
27478.420689196028
27966.744648532444
29225.617848485213
30056.166790303276
30151.713519888002
30166.658917831417
30209.997185505435
30236.053474624823
30250.0997648037
30282.22413329165
30290.34541466894
30303.43895793834
30333.888437968886
30335.84698980722
30382.2802937275
30382.899268417295
30391.9347910878
30448.024900724304
30459.798669606953
30461.83217333526
30533.592868019045
30561.291809372644
30563.80388626788
30587.551976636092
30593.000291870667
30661.385233500405
30666.370880986913
30688.070215055395
30696.99503086585
30709.957720280978
30730.32294013806
30771.96456749231
30800.50246509915
30840.36864541086
30878.689342106594
30914.330190402008
30932.985440526747
30962.687983156164
30970.50326254706
30988.73019534882
31049.61163636859
31071.164797737605
31136.684354633624
31143.005605864964
31159.95767058634
31162.828427543805
31198.766529936263
31200.208643961283
31210.10001219025
31232.710465208114
31244.090148988696
31257.46852815978
31280.01869268195
31281.205656238828
31292.920703597625
31342.543917504016
31374.03099731508
31451.391093205173
31469.038356461577
31474.479030600032
31497.58304915108
31510.307734522696
31599.765240622317
31622.6803332405
31633.634071659464
31688.780173949068
31708.049728164988
31711.403189391265
31788.65618225592
31790.111649714974
31790.723230875945
31796.779263897857
31863.01327557113
31880.98845468216
31912.700788139908
31917.33810621868
31958.917930829313
31976.06951745438
31993.5128683551
32018.563781791283
32024.592653407628
32051.458489617162
32066.788191907468
32073.651997115237
32083.42016224921
32100.44023116117
32120.91774286469
32124.17306441802
32144.1648839071
32180.884482120302
32215.01644336839
32229.632165161132
32298.124229654204
32314.11355704299
32318.77033047579
32325.35064478657
32337.76750034684
32351.636209232227
32390.793832113603
32396.161045527024
32407.23773198567
32441.364432235958
32446.24591776522
32456.35857757129
32463.79459328899
32479.794693113618
32481.106640838054
32498.62017128843
32505.30394475308
32506.343926389418
32542.80943324653
32641.74124504146
32671.922332410635
32754.091012990186
32784.190189297406
32794.19512636358
32796.26517799224
32902.209341775255
32907.66569909663
32909.77603908215
32957.354968705295
32977.01390922382
32982.812873972194
32993.11251030622
32997.55863045277
33010.186609438504
33019.7268485575
33030.46713696648
33031.41865115132
33050.9262952961
33095.08568422052
33113.68550918449
33140.214006547794
33175.24263133274
33196.0995589889
33239.18883558367
33250.699573397775
33283.77249677678
33300.61879912411
33322.642421117205
33348.96934021467
33352.2880270423
33373.18406125724
33386.791666105324
33405.09362824013
33431.951002633185
33458.88847042029
33492.296142468585
33559.66952639079
33614.80259874656
33666.14333313954
33670.861928001126
33674.91580341276
33675.73271880673
33700.479407765466
33713.134284484804
33719.13503198011
33736.02382512118
33763.37982300891
33790.94413021979
33792.43890665784
33804.149287803906
33863.51295777119
33873.71498425178
33876.77759082359
33887.06643771489
33920.241057159714
33926.67858605779
33927.34666022364
33967.23883998812
34022.136155086024
34047.453728134904
34125.23975419236
34139.72199434696
34182.83957058477
34292.59964774944
34305.54490953191
34310.368579434806
34337.519478469854
34353.78800913498
34458.06792171592
34496.28183262712
34514.958804805596
34546.82546118054
34614.21395750552
34615.276273852374
34690.67076955288
34713.73428471598
34733.183573740906
34775.78508192672
34815.460845854395
34833.45520884917
34894.75698589733
34937.599835947905
34944.69858358053
34955.42536768118
34994.29592878539
35039.44894849739
35041.12998238932
35071.26088678331
35077.772935790235
35146.840448935225
35159.867987325175
35186.397302571146
35208.09266967325
35293.531991754426
35294.39082448221
35358.18344537227
35390.09153382939
35441.39499919452
35458.90080166039
35514.84922628831
35531.71794805389
35567.68626548945
35572.67556563203
35612.873498085864
35633.92208643525
35646.71612493768
35688.95296206502
35703.69494226213
35753.614453396294
35783.23702708455
35837.95760893074
35863.649936740425
35864.46927913813
35879.55809616278
35907.33258229282
35944.770836848664
35965.4486334424
35969.721009983085
36009.198707626594
36018.47983767289
36026.988794327284
36077.60253615087
36127.39369059168
36176.24236556329
36191.359686025986
36270.542794350346
36276.47362738858
36303.219781671
36324.143553311
36338.40293327058
36406.63913114942
36560.54438597346
36585.22696337235
36596.62743785761
36599.81147578561
36604.035814727846
36670.28966498337
36697.169977431455
36730.17147963277
36755.91536718818
36765.37468567634
36805.60537109674
36806.30804008995
36816.933503903674
36825.28582610836
36897.746084879895
36957.60128835453
36960.19245792124
37069.40375710102
37093.618023369214
37094.76650067745
37110.95052823589
37145.98567633494
37153.8166402102
37170.46283199175
37183.04205297861
37196.005977570094
39652.50930376731
41253.262417760925
41967.99495819082
42160.942188542176
43436.03620606512
44835.335196369946
46249.15392670611
47208.25234386921
49080.31177149582
49102.96237715983
49189.2781400693
49197.98287747802
49246.951309354496
49290.51749309531
49519.57072078132
49626.928382466394
49664.33409446084
49676.68426783477
49696.18192201897
49731.617793685306
49815.548055698055
49921.69521526641
50122.554687581985
50146.056554931136
50264.77235294939
50431.27867616842
50449.29262026656
50456.61575541997
50461.6121298225
50472.93292024367
50475.40492770738
50613.9055322216
50676.85228710556
50937.164792131145
51152.20539926366
51167.80637206744
51173.46896446
51279.95116135866
51317.877752627086
51328.81494975003
51508.969300278484
51849.190869592196
51871.638988638355
52040.419374499594
52193.47037387259
52253.89234429298
52477.068885961104
52622.245253753346
52862.47495559929
52964.534163424774
53003.08125957483
53025.16156400848
53037.90538323264
53056.571273786525
53057.42044850625
53272.81048180741
53444.7204533983
53689.5765171156
53707.28795191385
53866.44003565066
54514.08705337223
54756.04053123637
54846.62608141849
55027.78201405143
55305.5472790016
55775.31980537241
55880.681744465226
56184.167634836
56511.96445001411
56666.16580205358
56827.026355192844
56988.80817427581
57446.82349242085
57448.39465909511
57487.34532897386
57667.429459668005
57692.10954268353
58789.165112837974
58878.80599633922
59085.467460547916
59200.01355718862
59265.63211801075
59732.30822929769
60378.34922522042
60849.12457854235
60905.954560923026
61029.97754436295
61707.78137569576
62610.4593850014
62717.68745790813
63331.055352550604
64005.36843816615
64219.18060148294
64459.6972501698
64576.28809803467
65035.433770310745
65191.90050292396
65204.59044836236
65326.55179712758
66017.88291218891
66142.18203055034
66161.34835858854
66189.41336640548
66202.41748373993
66338.66755614767
66665.44542796246
66883.21847430225
67472.7521033243
67497.15921466993
67956.91485367138
68935.34399157511
69084.66066303416
69229.68771019613
69353.55572126615
69354.92575154237
69358.81148505167
69368.42243103965
69378.23383931431
69392.07518684119
69429.56415694754
69430.11034356484
69451.66203325604
69473.32653541926
69492.66184222698
69493.63816155567
69495.62104023609
69513.03066643662
69539.44754171165
69574.65945381904
69620.68320556624
69638.34774466234
69656.31449199925
69700.09061949952
69706.36782130541
69708.23712567199
69732.87286660224
69733.07413019944
69764.85882347758
69769.52779941844
69798.2660139573
69812.08223833509
69916.82156861854
69920.20901386863
69926.69656220725
69929.92222227897
69940.87826110679
69949.57357405974
70003.03560182033
70045.56239880456
70059.23877613909
70059.92077955909
70075.39174111429
70151.2745349184
70256.30933309488
70299.22272215188
70339.64730505306
70348.90035134523
70377.58143926905
70400.34598149608
70413.08305839806
70483.24667303865
70501.56767137528
70535.09566160574
70539.98543748436
70542.23566904978
70579.36324082209
70580.24587983206
70616.76260625044
70629.85586511373
70677.55040581166
70727.74054938182
70772.77783970047
70862.50979440818
70863.44929134872
70915.15159693181
70931.16696701075
70939.66598358532
70958.30150690372
70994.93232667341
70997.35625184106
71010.54503983095
71082.80577914859
71083.15438444304
71083.56329051539
71103.67695977681
71137.35947479123
71170.87424673459
71175.04184013639
71188.75920083823
71195.24155280799
71214.43245714798
71218.83601850805
71233.69841512527
71254.57581689586
71260.3837846244
71270.74110345598
71278.82327650767
71373.60756399935
71383.3928109228
71401.78204321869
71427.5390482211
71443.97024408872
71503.10082734544
71504.67739332902
71523.19415483423
71554.47614356723
71576.7581655009
71615.42404707121
71619.41656061047
71649.90581367936
71668.8076321703
71727.12133614646
71738.456616092
71775.38217475255
71782.39881392076
71793.33833096325
71825.56941740256
71879.7803856444
71969.12213516927
71970.53024676829
71991.62004035024
72039.11305132754
72085.27736328891
72088.20895384853
72110.91770703983
72118.19059800215
72196.46713701579
72209.62124131205
72211.4467892455
72213.78248119292
72247.62623393242
72250.2535724872
72260.66660417961
72262.18423827432
72305.43754997746
72356.26708030744
72392.0712142046
72394.46060648272
72397.10600433112
72441.6526485637
72459.35030862372
72468.2403557162
72493.14745057802
72531.1724888972
72550.08770288515
72550.64876343243
72564.54265592434
72583.5190092241
72598.34927164153
72606.52564395475
72648.30425798471
72669.19151536585
72671.01781195245
72704.6239734968
72711.93823075849
72717.04273646002
72723.59446439244
72725.26929610543
72742.0545750565
72754.17915679836
72757.55655091838
72759.89415302167
72763.77548949557
72776.03656393646
72793.01317909948
72798.02202291567
72811.19147576937
72838.02661472785
72851.1290938346
72872.30809163304
72907.8964954334
72908.7085026002
72937.7030493408
72944.7594093242
72974.58024890357
72974.96895250608
73002.04526582913
73011.65025334035
73028.93092712939
73039.28503345292
73073.78647601722
73079.18859444899
73094.15954668002
73097.28732966376
73098.27651197852
73114.04113697185
73116.57959566366
73127.81016526083
73151.08744879968
73156.01893429803
73175.52807849541
73179.23975868968
73205.25910348119
73214.09907528778
73228.51927154828
73232.5962416773
73255.19466155989
73267.76540164539
73273.21512915893
73360.99486383823
73389.83624119326
73390.64821738513
73418.28055464146
73447.83854496921
73447.92293683719
73524.74107553421
73537.6201867531
73556.1813750848
73625.76604190299
73634.26583046907
73645.06608306873
73645.26746893604
73658.54496039855
73671.73726201062
73708.76015902705
73733.65592597936
73820.2393077566
73846.15669888961
73873.8344083469
73876.32071859272
73896.21918307085
73917.0323582132
73926.56281549546
73952.65041627546
74135.41188878323
74136.42202329525
74177.13931476913
74178.3820038546
74179.3496128737
74188.87532406971
74191.76700366692
74212.29410316572
74238.28831747029
74253.613535617
74285.6081223728
74315.52566609826
74315.74272982679
74340.83536675552
74349.73766201014
74386.09582924205
74396.40798679757
74422.602519925
74464.97060325087
74480.05589347031
74490.91760077777
74501.36665310895
74526.95442561337
74538.72865974053
74547.40581492038
74547.45822380786
74586.00640127227
74590.65782202984
74631.28135694345
74642.56477006667
74658.67075168814
74665.41915810695
74674.44660710345
74796.3650910321
74821.98935674487
74841.06820471112
74842.58517005827
74845.22064503605
74846.16281815608
74889.50868524647
74890.57074340007
74908.38275816485
74915.5638070206
74939.7119851907
74953.8830721953
74956.2214612356
74960.33470322142
74979.89009719998
75001.4159199868
75067.31493653727
75087.31477125452
75103.64634847625
75155.7385473741
75231.91347202692
75274.26166092703
75304.95691677746
75311.73986767666
75324.44587394898
75329.25806662154
75340.25101894722
75342.1315228754
75350.78188181859
75368.97979757591
75387.39719935755
75396.04596086738
75422.64120471431
75457.16545334774
75458.89102973582
75481.80273934256
75528.75213000596
75567.28761688506
75577.82222349875
76676.63483358656
76792.57080639729
77159.3169848768
77458.51897639217
77569.63125375936
77667.55219106821
77690.05208294728
79137.22948618424
79539.17277876791
79580.74111839481
80551.41677113899
80645.83195639028
80694.4972629086
80715.88628719137
81355.89270470386
81798.96074440783
82006.95095282077
82592.76096804274
82602.9110108237
83869.75352952564
84034.44334589358
84054.13948442941
84459.27181947265
85187.79181705228
86558.76642352548
86700.32015873713
86871.9787208965
86902.05561578464
87054.64483379909
87113.20723393232
87176.40139248405
87716.21057029977
88018.62500431252
88235.02813482517
88261.78051730244
88332.4768214489
88354.25595346553
88370.79273490267
88422.61860640696
88436.38889222078
88454.8111924348
88458.27120936365
88496.21660147943
88533.47306247118
88533.87105926719
88551.37021639087
88555.79058647728
88560.24828736467
88591.33118067202
88591.89943752158
88613.62954605785
88686.01307395581
88701.9855377008
88731.93429051244
88750.25823155846
88759.44692848813
88772.94762092034
88845.31821425445
88865.42695221253
88867.66584372867
88874.7827329102
88875.48186110369
88885.460012374
88911.08597197881
88941.01349003664
88995.63823608616
89018.62753792774
89053.41220482797
89054.59827161238
89060.27189030555
89064.1329725436
89070.38449750478
89077.46247336813
89078.46466196764
89105.120925904
89158.40692216613
89174.99499094598
89183.92525157152
89187.20138120653
89201.64358444519
89216.72354080842
89237.03137551469
89244.31178580318
89251.42111978844
89260.76981123004
89268.00926086542
89270.70689117265
89276.21494269843
89285.07707054402
89311.70394586313
89312.22559417832
89314.36277355505
89316.26657495328
89317.98634331135
89345.19336455148
89360.30023554504
89368.96933279539
89376.55937060363
89391.59288892147
89399.77925448316
89401.72087726416
89405.53113513968
89421.32974183059
89442.6066031764
89469.73070844494
89539.05877400129
89540.96849890125
89564.93437367838
89566.84679555935
89586.78753786143
89592.39128663304
89599.55513985718
89613.66993819756
89627.87053864727
89642.19597759796
89644.9142326383
89645.90663690443
89666.69187813638
89692.56107760688
89700.66981233998
89714.22387694115
89718.62081062114
89742.35610060487
89774.9754962312
89775.06272130914
89775.58804886969
89819.25417593295
89838.12754369232
89887.85539376593
89887.9552618329
89901.37658192473
89903.46436629072
89907.11601756369
89918.60114254119
89946.74684990659
89956.51162646533
89982.67538637937
90047.96559450487
90079.61475326435
90084.17451786663
90100.53683347115
90123.25046658405
90124.34832792084
90157.2168628473
90166.51204662106
90168.52986884309
90189.93457569802
90195.3816697058
90196.66894491715
90203.14149586373
90215.87099680645
90218.33623075097
90219.6126770818
90409.02240420712
90573.08066513967
90723.0002311613
90913.80738203156
90957.27453622385
91033.82245666711
91286.47960878945
91368.40884383266
91607.24358950228
91824.78376289994
91874.14148946134
92279.30067326108
92406.749198046
92410.35844944266
92721.86743325363
92786.58444841825
92956.51820031359
93402.78599653623
93412.51381674231
93567.51788858123
93686.4001607707
93892.47416765147
94199.90083701193
94252.08234527597
94476.54698910187
94770.91971147087
95034.86999828817
95147.57776034917
95475.17159720407
96240.1633705784
96278.74349733943
96529.46967566374
96593.11169095954
96632.12384767231
97437.93387391031
98583.79993988192
98857.32990726813
99456.12042433214
101735.1300207368
101806.79353033323
102814.13793880481
103146.3897324331
104993.97549700232
107123.70510799735
107373.0149877157
107376.5694740277
107410.9883593015
108148.65159846548
109048.49951038195
109338.91337260108
110278.39700266677
112759.52243621231
112844.14042891486
113328.29860959401
113563.6324808118
113650.62536366539
114119.2221051573
114362.2548334749
114426.37333886685
114982.68529445445
115859.38657519082
116082.32830642638
116515.32120391895
116523.81515032322
116549.18878150088
116560.41065667746
116569.60302438139
116595.62045068629
116627.5287816346
116721.12674062565
116724.29223083946
116756.21353387096
116765.64935969509
116823.3850511042
116823.76843660587
116897.69161243143
116922.5909963745
116925.02314531323
116970.90943397101
117035.56167520164
117058.74854670015
117094.62621351282
117151.46641809019
117168.33750018608
117237.33598079621
117250.27193354281
117288.6035407344
117301.58922602987
117313.3445027547
117361.66688074365
117362.05811641592
117368.8498142073
117405.34078519545
117454.27164238597
117478.89607933963
117523.82600438372
117528.11180887608
117528.31241132595
117533.27379808582
117593.57378413092
117602.9673263133
117622.39925737967
117630.92706467942
117682.97427498829
117732.54887487969
117771.91037561992
117844.10393021825
117883.16925256306
117893.84876626672
117914.74593826373
117947.8470589136
117998.97542374858
118002.58176741304
118041.0076853164
118069.83036343196
118070.03165386585
118116.1093559644
118159.68184999484
118169.17943191802
118171.87336985055
118220.26536887846
118227.09450217054
118429.16752054945
118464.56375990156
118482.10689781023
118488.61732357192
118569.73344000921
118677.72610624989
118697.90349086426
118755.31587621549
118769.2106839765
118794.90795899316
118847.49318608134
118921.82549968608
118958.56186506856
118994.96626249707
119012.03771585492
119019.09939998755
119043.38896831995
119056.31567252433
119062.82147696006
119128.49701949686
119144.33265401714
119153.71466148431
119158.24892415566
119175.15851587264
119176.00122150214
119255.44344572019
119267.36661775078
119273.78018359642
119336.76728936957
119360.06324588417
119365.1600961718
119385.11319799356
119396.07286674256
119447.74482364848
119561.79505401086
119616.23394251472
119619.97862679404
119627.11046880529
119633.3227012158
119633.71805838482
119642.09564014926
119662.60367065572
119691.77778869844
119799.50236683237
119814.58398776286
119824.10736030857
119830.92605052813
119848.80307447599
119860.17564715685
119873.3660930279
119887.37992618626
119899.82817876055
119935.06805711606
119977.18920561881
119983.78881626704
120003.12251752007
120029.47374915058
120051.61413776717
120090.85509734505
120103.2684596671
120135.42351466083
120152.0629145338
120154.40408577575
120215.74428362903
120234.38793609593
120315.98953873149
120384.99004368362
120401.74487001644
120425.973116031
120433.88227489762
120445.61968531774
120456.24432531233
120597.1934975967
120599.51493674642
120613.32660519754
120632.43882152377
120657.67972442899
120661.79280113352
120760.00470795119
120796.55188616762
120798.57193471408
120813.0067967915
120836.10189299023
120858.9129411407
120866.0002164644
120879.61562451397
120889.59361018066
120966.91282102323
120987.80401891621
120989.68162787014
120993.39364857192
121000.04400550961
121126.86219349285
121127.06726578777
121133.54846590097
121139.03364194743
121145.91826946105
121178.0975937664
121200.80209347457
121247.21481671584
121270.45726608261
121302.50285540684
121307.83688251316
121372.32486798361
121392.79535289166
121448.78789603905
121459.73318417618
121505.3716641693
121533.5977448769
121600.47648924461
121605.65708718229
121615.57553093068
121620.79098064033
121719.94313268273
121820.21798959863
121824.68727309193
121836.62560755402
121848.4386629276
121949.5116709205
121955.62125753515
121962.07360896647
122013.5754619246
122021.75064661168
122086.98939622252
122120.2484340205
122127.8279164957
122133.0896064371
122186.52834928595
122191.07115596133
122205.83056853939
122278.03674781056
122367.4260478618
122466.85944198587
122485.47816566157
122488.93125182498
122556.1266387607
122582.86371213719
122583.74242010438
122593.54595443864
122601.54838723806
122612.44324409348
122625.24631638073
122710.53224785464
122795.92948104342
122913.02655093317
123009.6409644598
123049.09865509681
123059.24013894808
123098.24472559904
123104.17683026973
123154.10362118637
123162.53491590373
123165.85260896337
123204.28703941894
123233.19124000455
123280.86252435161
123294.33365678499
123295.39553589908
123307.90287809029
123322.49633936957
123393.75674812599
123420.27937597144
123440.00878945578
123480.71967002284
123486.90131539016
123521.6279360033
123536.42485459466
123580.43205435704
124851.05066586014
128936.22940494362
129036.69082385843
130608.33266972637
135182.73557616875
135392.7522150813
135427.4023731164
135716.2602589918
135816.31421929365
135950.03026919084
136066.01246153645
136075.07851085134
136083.89701984436
136298.50913033236
136426.6006076795
136480.53943849614
136503.84107379126
136546.54646333985
136669.27888678276
136752.3219721658
136876.01327874145
136946.04653787237
137105.2374418131
137118.91937381483
137311.72578240724
137359.96145177414
137535.16231148806
137542.01782284398
137582.2255316202
137661.0715672992
137815.95981926945
137881.82372773127
137987.5622978864
138143.77042717513
138157.21013712144
138231.43669544498
138251.28117321947
138571.98354824225
138599.2430537257
138614.32147622062
138680.30012038822
138688.9621374177
138758.80890524702
138953.28235649853
139080.993759488
139093.07826527747
139189.85392618188
139354.0584654795
139445.3314755581
139458.3401735811
139561.02372529075
139708.3406945422
139791.90656053828
139884.9365217321
139902.16725208447
139922.67480423773
139933.81737782568
140040.93395051704
140074.1753722858
140765.32066803865
140888.36324676452
141185.80353407774
142714.11860344867
142976.8044463622
143194.6699880649
143486.85140896807
144768.46502321714
145596.46247348594
145895.56282412392
145976.84804135788
147222.0215213038
148165.54050346848
148296.7685057774
148330.0224179003
148601.15851309398
148604.1718483554
148645.18969312578
149746.17296136604
149997.56644942105
150230.63227994734
150350.43834434918
150446.55376120412
151152.84144593004
151641.40703922833
152084.3066485275
152225.12644878385
152432.48515253275
152603.67814655456
152646.55245093914
152822.51867656913
153154.46009391145
155139.7095066337
155275.97608026874
155311.65351418647
155737.02612162224
155742.4898630606
155743.57638365298
155810.09762601505
155830.97448556713
155851.6179363702
155888.70290857946
155897.5800907032
155920.3497463984
155925.4019733714
155928.90976573774
155958.71311100046
155977.35901793253
155989.94383525162
156016.85523395604
156018.887637141
156109.55811079725
156119.93499087845
156128.1003280838
156135.83943160967
156154.38951368106
156159.1012282328
156167.56708781893
156177.4050064423
156182.11724575277
156198.55373901565
156235.671666182
156277.33692446127
156285.2398587989
156308.75964543907
156311.14855572252
156321.9896512314
156348.8734034745
156382.4548134062
156390.6864247063
156395.9936926213
156396.14751272407
156396.21381020814
156397.4736190111
156465.59535070386
156474.87771094916
156532.46618234873
156615.0639144319
156667.4220157287
156667.60079580767
156687.21520000242
156692.31103780458
156701.1564079678
156701.408011203
156704.86615426966
156714.76353987807
156719.16634704627
156737.0440010812
156763.97191648526
156796.68019876297
156804.2622870262
156824.5762776363
156826.3597748054
156836.46840848
156840.82041826844
156848.54411095852
156872.4030960845
156951.66679708794
156966.1898805056
156976.872111551
156982.7473630277
157003.276630983
157022.13189933804
157040.28849436183
157043.1249310372
157070.22930075525
157076.75660545385
157102.172894769
157102.54380355513
157202.0774748447
157223.0454766986
157263.06738120824
157269.4913280546
157317.4147015836
157341.14214997087
157373.5797766245
157405.3343893218
157414.87993697848
157428.02305029109
157453.29002893594
157480.24867615761
157483.5469186869
157506.73038459453
157508.99477332487
157528.48229107028
157546.32298517675
157567.85984296724
157587.99217657064
157688.07486446275
157720.77525354386
157799.4608452331
157816.31976623088
157820.02636780523
157841.23918869358
157879.90201445494
157908.38892692424
157950.55407132377
157953.6150076288
157964.0849051931
157974.51667395857
158062.87784922507
158072.56858953845
158110.86391749803
158130.98265684047
158142.1848616706
158149.57796112492
158156.72084383277
158158.10801752913
158175.74059791546
158176.16865371622
158178.32064029458
158185.58171789
158201.7192312625
158307.54887029625
158316.13469197595
158317.59543292812
158369.31653459894
158394.28655390668
158402.5806888205
158423.07002497005
158499.12104627944
158503.46779128356
158513.56490960688
158544.90724178223
158567.11088738826
158575.4344701873
158610.74311338522
158635.59362439404
158657.32651532453
158677.90233738042
158682.03799489158
158693.49109740107
158730.36220510158
158841.25343615114
158917.75654162487
158962.16003388277
158964.65342167552
158965.70640802695
158991.28338357236
159041.54601176694
159043.33506165468
159047.57991031453
159076.1717718849
159107.26192648686
159159.697925378
159229.97950739908
159234.53068078327
159235.92590902495
159282.43000888263
159283.5494379623
159337.5406103993
159341.45284751453
159357.59550560295
159375.6842521192
159403.01625735185
159405.39892862982
159424.9778201547
159426.5401904086
159426.82426629926
159453.66768844816
159471.09456372744
159481.05703311358
159511.20251118095
159517.614179325
159543.65564209677
159547.64433448773
159548.73908575022
159592.07323092868
159691.85228215618
159697.22650768576
159715.0449456775
159725.29584794672
159745.01785093563
159750.25740756973
159774.52071158087
159805.59767294154
159822.5876656038
159826.36210258288
159827.16097364278
159857.7907101331
159883.92369737432
159916.1951451078
159962.9982790823
159991.75025957508
160016.15702824958
160019.37652884767
160025.65621846874
160034.86364266797
160115.04950678756
160115.93154515274
160142.4134217482
160161.83147773053
160171.1293019622
160173.71238496288
160197.13047535365
160216.15303551216
160227.3701989877
160232.20087633145
160242.74848708967
160243.04782219682
160252.81435123988
160271.00955782415
160351.91827388856
160353.36518031266
160363.0231373527
160369.69856799912
160407.3556051369
160503.908756713
160516.47193487256
160560.11502640718
160643.36472704296
160652.14789019723
160654.23451779012
160680.28354224103
160768.99383156735
160845.63021693064
160876.3418966749
160905.1974678326
160926.72643657
160935.83498785598
160949.85731803137
161002.44614824644
161004.37857662555
161106.508146509
161109.42700968124
161113.14847003826
161164.37558662973
161198.30444939766
161213.45236945341
161237.2085275388
161263.65485527023
161305.12873589058
161310.4720453382
161323.2502451762
161379.55762448238
161384.5801081867
161405.50098123064
161434.41212771065
161437.40561052406
161439.10062370868
161441.5219829398
161448.77591531072
161462.19705264797
161474.91631864588
161524.70447988852
161558.7090128123
161563.90359504512
161567.63999285334
161634.0563063359
161675.9436266633
161678.82412719566
161684.5604585445
161742.7326028283
161754.4797196766
161756.1776726013
161758.81178316777
161759.97333744811
161829.5143097932
161834.5821139923
161836.358923011
161872.12871298357
161932.51881293723
161938.27716298425
161956.40851435193
162713.78100954238
162726.17926001397
163025.02010782677
163514.27742448793
163640.10589152118
164237.3791375048
165009.8180159473
165149.89643067837
165316.79315269052
166236.8657999894
166532.9663404026
166898.08047666424
167106.43991027615
167728.92663590622
167861.95377225013
167869.15122074075
168130.65089647498
168723.27180522462
168746.38335718794
168823.7624038282
168983.54503442987
169116.0488248411
169506.2408987407
169519.3604004549
169616.39612296486
169626.4515465903
169910.44783107005
170856.42925387688
171201.7998778941
171492.9210287886
171926.08103008478
171947.88034463738
172218.502583108
173575.1561091432
173898.41191182577
174310.47028286482
174370.7790050439
174683.48018812598
174686.93530655355
174694.14558086309
174761.61716279326
174763.090618793
174770.79061201072
174831.9854770251
174844.83352521434
174864.61395389165
174893.24912481176
174893.59455360775
174909.80267642543
174911.04937430154
174927.72592171017
174974.49724447692
174983.29282926905
175003.52922867198
175016.39767699072
175018.14588481907
175019.09842184192
175040.38242035362
175098.2642998671
175110.69550911358
175125.50523849318
175183.63523553452
175220.00749354754
175220.4283317187
175229.45233319368
175239.36277079346
175323.4294730317
175330.06643225122
175335.12246227812
175336.1536183479
175340.616399657
175344.5715867106
175352.26919040483
175368.82391297014
175388.38412573517
175405.7939834033
175417.44786811323
175420.20202340657
175434.12242282194
175460.47802447673
175461.72450409713
175464.52313506597
175477.75232617563
175495.22291792728
175551.41359134516
175555.41866814793
175587.68292342598
175619.9280057728
175631.3614699142
175636.57934581582
175643.19606031504
175651.97386476363
175668.7792848777
175683.14633775246
175723.4930618331
175728.90818436252
175732.7479502628
175748.1578413438
175803.40122028074
175805.06588170628
175809.36910012507
175830.10582048818
175834.65025831887
175837.67522592412
175839.2926189886
175845.7873307298
175881.29583480436
175888.51923720227
175937.03197182284
175939.6828553112
175943.50297668483
175954.6044937581
175978.7496590732
175988.0511137609
175994.07264695904
176000.58586503827
176034.8052496501
176102.0821214212
176153.94938237406
176156.84932123966
176160.22537889102
176164.37308634847
176173.08545567622
176183.06806154322
176187.0163765953
176213.80867356085
176215.14086868797
176232.6301204278
176247.68833138063
176272.61144356083
176281.9966473356
176283.9916906358
176294.96248626313
176299.4193751364
176302.7475224972
176326.58374724357
176338.1816448508
176379.12646625
176396.04159060837
176458.19926881592
176507.6293831513
176510.72948116466
176511.1152628938
176522.9825667715
176541.41076858123
176562.84641679938
176576.71192238343
176577.63418432986
176614.74697460097
176615.87234846706
176626.4615143798
176626.81308360884
176931.46699310848
177408.24271273994
177813.41410347295
178031.3829486398
178332.8901150269
178814.0217737621
179287.47264445265
179310.5368275777
179532.71145877804
179555.65181449195
179555.75471594027
179841.4458190993
180333.80091017555
180419.98987415817
180443.9607828238
180880.53793556447
181467.5277295973
182070.3161352269
184291.97291026023
184675.4844317314
185055.2006924266
185893.98822987184
185954.38523472223
185970.50293864976
186309.85358891543
186699.4549731984
186770.73141040714
188357.71681463555
188523.656395525
189249.71058111696
189394.53877458035
189670.20278088198
189788.93926622425
190006.39945361725
190516.97540880417
190713.08207392247
192027.329644136
192388.10687008797
193560.17654350403
194293.03609364142
195188.0533378015
195742.44963186793
195771.95460763026
196077.98191132295
197435.4448797294
200041.84198305727
200769.252290098
201884.51771461178
201973.4967163217
202067.36693502328
202929.8949224444
202975.43975366734
203043.3064483234
203048.83332784072
203085.02960417172
203120.32892787512
203137.74089290903
203140.81487307473
203171.63941666685
203248.86338035727
203280.86926830965
203302.23762349875
203397.11621191908
203429.12756068067
203456.6744140213
203457.04551335415
203463.58378617882
203542.39610478107
203561.41304624997
203596.42480304293
203685.55499968136
203843.33481541614
203866.931330717
203876.6887002189
203893.42204708126
203914.40997178553
203919.90786837268
203931.08118944138
203958.47376583752
204025.85497034082
204048.5539028795
204050.98609435887
204075.2592831322
204169.21614930502
204179.29497272777
204225.71491923585
204227.42180021288
204231.26756116535
204244.15199358552
204257.88451386627
204262.10520610306
204279.64157912863
204280.51070843104
204312.75826544868
204386.3334033689
204407.1489868237
204414.20155686876
204447.49878440687
204449.54598557504
204450.40678658188
204465.62160436166
204484.06743120408
204505.46405185302
204557.3030013637
204558.0175544139
204631.2251521094
204687.25076595467
204805.7084260277
204846.19870157866
204850.60130407987
204864.98682127232
204894.58542472386
204904.41124053687
204961.64689795853
204969.46083113324
204990.11996197622
205034.86774493346
205068.19887272135
205109.02484344074
205135.76169912668
205137.46287755694
205171.1832078504
205176.4998345045
205230.5944206183
205241.78722485865
205260.89515112856
205273.35387251287
205293.77517330248
205337.63360708542
205375.24011908233
205383.15106818764
205399.8220226058
205477.78806611657
205533.65205325687
205537.0951123391
205553.41810738176
205583.69999883237
205587.96135591003
205639.35269687593
205642.99003102555
205767.9895304748
205773.362541863
205778.10455787776
205830.5588933053
205887.027155452
205893.97799723642
205902.51542311363
205903.91724108727
205990.7661542996
205996.93972989518
206025.01213686398
206036.8571332324
206051.71830992342
206148.13794268138
206188.4424163663
206191.51530110848
206222.65909444998
206246.05207647244
206258.9780293738
206295.7206516085
206350.16486385989
206437.32866789808
206472.79790369546
206499.62133099872
206552.60512405873
206691.14058257977
206721.78171640064
206758.28799692242
206788.10238579623
206812.82071664516
206830.08143155708
206869.26267841185
206874.8587637433
206882.83581661677
206922.10019587824
206930.4804997904
206947.74800374132
207052.7835321512
207054.15018824174
207070.4359854955
207076.6531752381
207077.52510730986
207115.66347340218
207155.89949905832
207169.94934700898
207186.5728321487
207193.0364879936
207197.75784102763
207240.97363046484
207244.3465239883
207256.6760697153
207261.756674902
207271.651741264
207295.4569297064
207307.39387103787
207391.26928786273
207420.11772335204
207422.09568462498
207442.10034622948
207500.29636265815
207525.12596235942
207534.62689020613
207558.66152274833
207600.59898653516
207603.7650865305
207610.4918734025
207631.8344769298
207668.29490102758
207672.4063255318
207738.93905384338
207760.93723906987
207780.77189079707
207784.63848173604
207792.52544814386
207808.96028264574
207809.30420352184
207840.81075274618
207840.85510322772
207881.44306044828
207939.203341012
207968.97092997454
207972.66916796973
208001.92685274343
208009.9304445839
208032.1506892341
208104.73959765444
208198.85096478002
208222.62916787565
208224.41717617965
208231.7737541744
208241.5232071077
208251.84272944715
208270.15806760883
208274.32395253796
208279.06068138796
208280.34188362138
208372.47463121288
208376.68147953512
208385.01158419586
208435.93562045056
208491.87767715155
208496.16102534917
208531.41667792885
208575.3564946054
208607.18643666565
208613.93140853828
208641.08072982746
208644.74151696922
208668.1131337392
208785.6706343014
208802.1733090347
208825.56836889713
208897.52228172554
208923.52839457392
208949.3281244005
208983.9569506311
208988.29915400292
209009.74099855695
209015.0150047677
209042.70418687887
209065.69387837593
209089.28040740162
209215.16807883276
209225.60839782777
209226.06074508443
209279.12787697266
209282.43758812558
209297.48009505557
209323.34130111994
209327.31934038852
209376.00005383237
209409.78919501364
209436.13350178092
209486.14733620736
209489.68265978683
209503.45316019052
209519.85703605541
209567.01047674037
209594.53971680443
209602.09610141802
209605.64095191364
209644.44458190977
209771.40887891242
209778.89200565388
209782.53550969216
209876.25750044445
209932.25858067223
209948.6638251809
209963.6669629132
210016.52426885645
212225.3064961416
219528.60195884792
220224.465966224
221993.89199857047
222025.52922886144
222102.79906548807
222206.71631800698
222271.0962435249
222403.7353585376
222432.28241536178
222433.61333173054
222721.42961619122
222754.82259589236
222859.71087072074
222938.53277469962
222952.55706078818
222994.77343602097
223002.15563706987
223048.15809687623
223169.30858193352
223182.88576387992
223214.27722786248
223242.79677095107
223257.08761821233
223350.9889139925
223388.3984973693
223422.03175367374
223461.01145718695
223737.1628708179
223831.61871814993
223841.57250060406
223964.1251958584
224060.86044625557
224065.47995916137
224081.95089251775
224128.1293445214
224180.86292005732
224201.0236973682
224371.0085706493
224380.07059523332
224393.52317603785
224415.39383336884
224482.27660793834
224501.9194965012
224517.24545520102
224580.86204110953
224683.88557749585
224878.39845795176
224910.43148017887
224913.07970949472
225045.13789447464
225059.60371003143
225064.28132743062
225191.93116858669
225286.8146172205
225293.0505077559
225370.7936850409
225461.0552842662
225462.82876516145
225482.72822670965
225565.31107312668
225602.52224865928
225876.0123142705
225898.94687567698
225985.6966031818
226109.86831764597
226174.73150295444
226312.52417067793
226320.98867215024
226494.54748103657
228605.48279646217
229694.27619346266
230330.84891311993
230383.14436708842
230445.92641784344
231356.8376097576
231636.74906729755
232712.49915049155
233262.02104083783
233320.97613210318
233436.28237517542
233460.8333051718
233616.5808562907
233667.66453347728
233684.6659092999
234182.44680675102
234189.19699131712
234426.7396537349
235094.90416450994
235112.3779906864
235152.17468702383
235338.13870793098
235411.23629412337
235502.35628623437
235593.76562206988
235758.66787168971
235808.31154028187
235858.98419434958
236001.09031545583
236233.67336463887
236260.20693980757
236262.8653950172
236700.63906284195
236712.06508083854
236869.6739384485
237083.61302861388
239823.9298948825
239888.10462267333
240648.3475453327
240723.8863507469
240807.3159546898
240811.24979351327
241474.14638058565
241580.51962525042
241618.18424179114
241949.88359973842
241985.52679663984
242146.13907118328
242188.0280134401
242217.37209748587
242233.28869853757
242271.1411522639
242274.87621429493
242333.94669065034
242337.07522197592
242372.41027448876
242383.1652962522
242385.61711947757
242411.7959554145
242421.47986828786
242449.33889110712
242478.22727749922
242489.94506439046
242515.29780588974
242525.90439633152
242544.676280601
242652.34031423012
242664.24684993958
242665.53367877408
242695.13255666697
242706.42083795567
242765.03261663008
242830.80912940242
242842.75143390748
242888.92250731774
242953.64213862806
242962.84820850028
243012.02154880302
243023.33675987046
243030.7513013076
243061.93409172067
243078.75541102927
243088.17883847133
243110.0657516109
243121.1050142016
243132.61933172052
243170.08728668347
243176.4753673376
243222.86940508557
243285.7744103322
243286.10450972535
243330.38766302267
243336.95599586962
243351.10787817527
243359.1170798234
243371.87191819114
243413.17203012487
243441.09562760952
243453.25460608944
243469.27408912787
243503.2384728827
243544.4050249945
243591.11638672277
243608.88745453255
243612.53294242604
243616.53612479215
243620.07431702106
243623.1158194479
243678.2288551561
243683.76433812972
243684.4387331878
243754.55663560182
243761.4999201061
243796.27634489446
243815.7300102687
243826.25557767277
243857.47197590215
243862.3508792463
243873.2976531005
243885.2800628811
243901.9361641939
243907.8486288318
243917.21319637343
243924.94307874524
243930.67207295573
243965.3028162193
243975.9722159176
244049.02914968727
244053.31916002766
244081.2159671313
244102.73900906416
244108.84034584212
244112.40132121218
244131.0831599601
244236.76319657586
244252.7079079813
244270.52870131435
244276.44930861564
244320.3780214326
244333.5572003296
244444.2631488014
244454.64773267187
244479.00975646096
244480.80923986665
244498.89781158578
244507.20019371266
244530.54638798517
244543.03357445897
244567.41603467165
244567.67479389627
244624.31584724074
244631.56229174774
244658.82061110262
244728.41069358785
244755.24360297172
244762.9393271588
244783.35239654055
244792.3560597456
244896.48718139355
244906.46119566867
244917.3538113075
245034.00863804168
245081.86387772625
245091.64400628352
245113.61352213973
245146.86530578323
245152.6289602163
245181.0895347345
245184.4905031043
245219.4947624558
245228.8485586375
245237.78391865187
245237.9209839878
245254.66475875332
245264.08147720183
245291.2798073542
245305.9923493073
245333.1228861072
245353.76548414625
245359.13701848153
245414.89424702924
245437.20380413334
245472.5702425135
245494.4483956903
245499.54922768348
245514.34625720346
245518.35410091557
245568.91994092474
245597.46641156502
245621.4554546395
245660.80946219436
245673.45925360196
245689.49265818455
245706.9395345195
245729.3951654719
245741.76111451353
245746.85963176267
245779.563691081
245801.39682890457
245809.15405664232
245809.80355846038
245816.91843285627
245841.47254642315
245845.93425461333
245878.0877105422
245887.02239174096
245902.48530494835
245913.0809458803
245931.1736232728
246024.39653208473
246057.6970647078
246095.6295052427
246132.97193130152
246160.6125183033
246162.99894448335
246174.2128666082
246204.47159693707
246206.1219580284
246232.52528784677
246235.65789603282
246251.93954942707
246269.3872512129
246285.29890658736
246295.98046861333
246353.550607498
246358.1434754372
246413.21478622244
246424.85032998136
246480.14767439605
246506.11823993817
246523.72268240916
246541.46235967556
246560.571413192
246607.00215946644
246620.35075587392
246645.16379071982
246645.8563018093
246647.25564522942
246728.3562134982
246751.80733099044
246759.40588907414
246760.18166269863
246770.72091073988
246774.64157639863
246791.71966615354
246814.2349482847
246834.49874689544
246843.68671688583
246867.98547466623
246879.853979478
246958.56755445414
246978.46430835087
247020.63671180187
247045.91848989064
247118.06268397789
247140.55790784885
247167.22294281417
247173.4980172831
247198.18113092156
247201.89519916463
247209.27254258594
247372.90942035738
247374.297450887
247442.27923999535
247457.4528554377
247472.13696839922
247526.0134621731
247535.96898134696
247578.10667183742
247589.46812554725
247619.0137319215
247630.9903866549
247638.97243613732
247664.74639651633
247666.75871157338
247677.28300907387
247687.08387071063
247700.18431135567
247706.03730909977
247724.60885848664
247741.3694746268
247767.8948644253
247792.00060069916
247818.05775783805
247825.50571050186
247829.38698876454
247833.30815040495
247859.21016946435
247887.14859893522
247892.5497500232
247899.88483026967
247906.39474170737
247927.77763189212
247948.90905604497
247952.31391590874
247959.18408599455
247961.44515284186
247975.99599139622
247997.30546369456
248037.89086661662
248068.66749005282
248080.447517336
248127.62836227598
248135.31262737612
248142.21508791414
248158.82908299018
248196.15920863
248203.50285937398
248265.90508476092
248275.3663311331
248275.50486908332
248329.1657219262
248358.28286613754
248358.43444715126
248367.56366013113
248487.32664954907
248537.31809304157
248757.69166467187
248996.11211254768
249638.70646936656
250493.20940502317
251162.4749006663
251167.68286504154
251443.9004020781
252463.972860533
252958.95693148515
253402.62258731795
253664.73401791888
254063.0745491644
254541.47169516154
255318.30731244362
255419.09116480217
255430.27734762843
255908.53584035079
256060.5410870592
256333.57023132202
256824.62139988813
256859.8963111025
256966.656769018
257085.70367795636
257371.36408622307
257442.39462297034
257683.94589445615
257699.68583265028
257996.63862534752
258114.37080037093
258798.37606786963
258959.2737782474
