319.23506585837697
593.7162196344009
835.3026543382857
963.796629523225
989.0877081046449
1010.1507901097441
1088.4353695977154
1115.8213932970102
1211.7244528176266
1280.0801932086401
1329.3056975565237
1339.0888094468798
1588.0895157158425
1826.9524894016117
1831.5447403811381
1845.919132091501
2051.514099559384
2225.9385723318405
2236.514477008668
2541.646488618197
2767.114156382202
2959.5125897003777
3195.039351573716
3268.611568240284
3503.4096179067556
3506.070290815441
3795.433011249626
4059.678471834994
4304.572029966605
4384.325361301896
4412.340296051681
4556.407536409438
4732.0304902786675
4829.879413783917
5477.690385055459
5513.096454044971
5548.447588774498
5601.01877165678
5774.382511911601
6419.623048480511
6522.698909116664
7044.700809971113
7217.716594152415
7228.941544942004
7614.522570520411
7667.750614270835
7759.538864658556
7788.700453847437
7979.286442956991
8052.922648872642
8182.193567217735
8193.458138608068
8423.837276599394
8660.130278318788
8709.353102375206
8963.076713983133
9046.007965771863
9498.036905439703
9613.445450213381
9945.886579030555
10019.181972117238
10136.300994743598
10268.082776719231
10324.943531094863
10594.302014370804
10767.586146674426
10939.613712570264
11001.096837816485
11066.77692757601
11315.639789068411
11721.654766148109
12066.734977671877
12077.366910664417
12218.396501810228
12229.48781442179
12324.095172733261
12325.515851400043
12732.80153280169
12786.692002372038
12789.647064448834
13053.222677177278
13055.027901550706
13141.96423841565
13457.549753801575
13788.812227379054
15020.930936380446
15200.629987228582
15349.328177491065
15576.190765552883
15632.55550275286
15658.795599291627
15709.962915531067
15882.089576591154
16093.641228065557
17296.639295135235
17390.95338744227
17464.425420267657
18439.69774144071
18619.14229063795
18901.148569935278
19059.69118328186
19148.276278025678
19154.859515009823
19283.04333019612
19408.83304955872
19688.53765976174
20282.724222911565
20419.97559248878
20489.507414757933
20658.435269007183
20724.449746412185
21002.795478512424
21172.22050374861
21834.883467335265
21894.334872941294
22022.719436022002
22510.136693665176
22549.086392949997
22694.87907280169
22907.6215703333
23155.756971806604
23227.087866861235
23504.249248801836
23713.932790647435
23719.906445386536
23976.549069892397
24231.050817234598
24238.320868552444
25042.540963221763
25758.895054919518
25781.634269751452
26081.8261176226
26640.272318371073
27090.212704786532
27093.752720086413
27537.331789892916
27831.18853063282
27834.953398110007
28411.263642852122
28703.859353826858
29117.90788327011
29433.878732637404
29679.195165017994
29928.70328969819
30054.90470609002
30218.44486531012
30234.09924457685
30357.04470442167
30862.387412960088
31036.1374267268
31455.30662991863
32378.729520881647
32489.520766352314
33500.00637416233
34400.11927632712
38798.9572625419
39076.86359946863
39978.959811616594
40451.05368402447
40491.39020009405
40555.43364304159
40781.93133971996
40802.47894403635
40923.41886616983
41339.620026287266
41381.4706748242
41425.571826904794
41550.81627481112
41614.093892688215
41686.91049761335
41687.04809938156
41866.3005018306
42058.52656917828
42076.66374202508
42137.84521984641
42147.83313411437
42250.32154742238
42310.58603513907
42485.931017517214
42495.36900815318
42608.7058018106
42696.346274758784
42805.01850817844
42829.48928000083
42855.257380992094
42869.33736922791
42960.12483698336
43028.8174225982
43068.68510645843
43085.866512237764
43110.1941982591
43686.15507090026
44182.53709276038
44300.43216211716
44323.915309604134
44531.228672996695
44860.34012682868
44905.76439835168
44915.3676734748
45059.64265527323
45113.4155746982
45125.99968429096
45255.78565875262
45349.91857994771
45398.27093816214
45423.17594805989
45525.800859510346
45595.4470355368
45782.607896183705
45812.596673792235
46021.72444450035
46064.80384857785
46160.656631238824
46331.60782446517
46547.07461865694
46693.583013509255
46872.58068852797
47143.389626480646
47251.541886277424
47252.599481146404
47314.02481989069
47395.13847213656
47503.78218613341
47507.89295994284
47621.94995149478
47648.984453007455
47735.911636581266
47772.21662855157
47790.329953059234
47801.99689073356
47827.522079237024
47827.98783482075
47863.85293296935
47881.779258826595
47923.27045102143
47952.51592410464
48081.700349776715
48186.63812877191
48241.79646015302
48331.10336271688
48388.701731228604
48425.50946090045
48478.0257129877
48478.596837893616
48656.339008873125
48702.48466937751
48737.33515573499
48745.482985808856
48878.367598595105
49074.90939759162
49087.39483673191
49189.593830520214
49218.43646933785
49238.19937731792
49267.25982447125
49286.6642694003
49370.01720539352
49442.65220994188
49458.23662746094
49612.85104274529
49623.73337134134
49628.23721573533
49682.66707996092
49694.049764817864
49696.96504326797
49700.38055419918
49711.44358100762
49934.42178967721
49934.575183253866
49940.55293813291
50012.323322638505
50037.68780511465
50138.59148975136
50288.715007458944
50307.97536126417
50338.31140167555
50433.45071240375
50435.76317310201
50438.915006022806
50441.25448299231
50516.009048041284
50555.9437964095
50598.41977699214
50610.60217058724
50650.36227867748
50687.15196851695
50761.27276419381
50829.586592176805
50853.10132071851
50894.72753558948
50909.68531909744
50915.77734201203
50953.49154071992
50956.81652449867
50967.97748986554
51001.83108185463
51004.50366981752
51029.62931957932
51059.32136657703
51094.44301908331
51126.514006091595
51148.208467821554
51241.286894055425
51299.98445422211
51372.48852026258
51388.660701444445
51434.771001078676
51474.74805115906
51542.628530032045
51560.462302112945
51575.77341329223
51619.49247324951
51646.77764928529
51716.74925124565
51832.95249581016
51930.6857750409
52002.59682612708
52017.4372891299
52145.23298454052
52352.576890734104
52548.278377508315
52556.45957655429
52558.055629697774
52565.52773244441
52649.65535513382
52735.019130877314
52793.50056194811
52864.78626274581
52891.30192848069
52934.761899168414
52942.41868852947
52983.67692682338
52994.87430480849
52997.21666199518
53061.56938305005
53165.540279831825
53424.14118532072
53439.33574293312
53535.81424696471
53586.890487394165
53641.606821736204
53771.3837867935
53814.72710748538
53821.83503035713
53892.37243389851
53953.02453970213
53967.285457045655
54045.447368452
54094.401687083235
54108.354486505086
54145.87104565611
54177.27303732085
54211.282626830856
54229.09155305281
54236.61975899793
54343.601164291154
54347.469998957975
54362.16185120062
54426.16556722466
54431.24532341004
54480.87352069817
54523.64048220178
54535.29941824642
54561.65635557802
54630.827429621626
54637.89031311302
54652.25637401642
54663.78554076074
54822.19419053054
54842.60658471129
54858.12058498372
54980.1376375894
55017.35634463385
55204.18357571616
55339.17160344505
55357.68943521731
55365.09407340158
55388.70045960156
55470.035476369216
55748.272690880316
55832.09360972893
55888.699358867176
56087.560155633466
56191.143278520205
56216.57883171646
56506.58730829922
56508.97230564996
56627.146412894734
56680.81962572309
56687.0257987602
56903.48290233684
57090.6815353642
57246.843888193536
57249.66184261882
57307.34688935095
57622.436561877636
57746.33756180738
57786.80028960752
57878.41625690481
57994.98000039353
58194.846538651494
58370.64394860022
58658.351874152744
58740.5858231924
58907.48574160246
58950.25099062374
59018.68868487496
59074.361122140406
59076.57027677212
59105.63533982404
59156.90819039314
59310.11372505378
59331.096231094874
59417.23114334459
59452.0949431511
59500.988048878484
59658.098078529285
59700.46251752576
59746.86376197605
59761.89982222245
59949.67584042864
60025.57128899016
60120.89928887753
60224.85812680666
60284.76344496562
60339.81606536372
60391.71974744943
60623.938726569926
60751.46283013112
60766.61615952123
60775.086197896264
60812.739231734166
60843.8326512283
60975.355541667974
61004.01431418732
61109.70583556481
61131.23498003095
61229.01917382175
61276.71447990865
61359.33127610427
61380.05072658158
61564.53082418676
61587.55023440067
61598.181257194585
61675.26309142403
61752.96348145774
61771.325664064774
61854.11787494239
61870.55786019853
61963.56512630707
62052.68571298744
62089.70561441118
62095.291038653304
62176.499980310895
62207.726637225445
62344.691713076325
62350.74113826678
62354.71020061936
62356.08245110281
62387.706737114866
62437.0012520066
62463.522265129315
62463.53528315019
62522.212739964234
62551.9661369798
62581.012193428614
62581.323234825955
62590.33271798575
62674.56868131141
62696.2819383807
62728.48587969827
62748.640124390746
62750.9365174179
62818.20702794502
62935.465458763276
62962.03688505243
63020.20218786758
63036.07990741148
63084.528720365946
63084.55926257611
63105.50040831707
63237.66673169164
63239.21172434931
63280.42136874533
63301.60199902138
63307.89337227878
63310.343185880294
63387.57299861821
63436.245027222314
63508.35881250464
63513.631036638035
63521.78443817433
63532.93245086173
63561.56199559879
63565.404995523924
63764.049940418474
63802.302110923265
63846.19199711546
63877.653509100026
63980.69141115547
64050.79577351592
64066.886646315754
64068.31277441302
64159.385430256174
64176.28690305424
64213.38873565744
64226.38732973982
64254.924221822715
64256.81847997656
64267.94798656707
64292.98522318256
64360.4591174272
64371.86813091967
64384.9746490842
64453.51001677492
64577.303227995544
64622.30976106591
64682.817047457276
64735.83620899739
64737.77439595255
64789.95221159952
64871.099854107684
64891.28733982482
64938.28669227599
65017.601882585506
65046.72741041729
65069.50602106585
65104.116152467446
65126.94177266883
65189.77797706048
65209.10507600326
65265.78045217952
65279.911513156476
65281.3552799979
65379.15689031542
65404.79178507369
65450.15662246529
65466.660223250656
65467.69259171659
65613.35012150265
65713.88039822348
65753.77973637164
65755.8059962042
65834.95053932536
65892.98283797465
65944.90191647627
65952.28724983413
65958.15226841017
65966.35142408861
66013.4516752144
66016.16483291797
66031.08458340871
66032.20872296252
66061.39161936074
66074.19663431193
66081.52167203737
66126.5533442825
66195.77903095212
66200.12222927435
66216.26921639695
66229.1789896359
66237.3659499798
66242.57325100679
66303.28495690465
66391.58604068514
66398.56578991831
66440.0630900492
66444.38912743227
66449.39186502942
66484.41850013097
66571.90212878442
66602.68435682358
66606.04931088813
66608.87953842517
66643.06995328167
66714.89026827247
66735.5930504475
66790.73787943194
66791.25733403781
66799.54383614194
66814.46476614496
66836.00471885286
66879.97274195473
66900.94533209344
66931.21756207105
66981.34202059862
66988.72811705495
67005.13480600259
67011.59465778085
67159.91223586553
67184.01783070476
67192.60828786655
67205.47642670719
67234.49333060357
67237.9507196509
67323.71417488185
67325.14532167911
67357.92212800408
67392.90281057575
67395.5756449975
67396.50165917537
67418.20671904454
67436.9001455502
67459.29691884234
67465.37467763142
67519.51493385278
67541.24286349544
67564.00075994788
67595.19499783216
67611.84880321533
67622.65304039205
67724.27885855013
67773.58182070684
67827.8457109025
67852.46276749248
67860.83225268677
67862.02753657018
67893.70698599941
67918.63971644247
67958.41194529382
67958.57559955918
67975.80500950763
67990.84834844845
68044.10902162646
68056.47869349667
68084.79472962584
68085.34564530349
68135.67071568877
68163.49136066237
68175.37058971504
68231.37284842863
68231.822626957
68246.46796591641
68289.70284928076
68296.27570799508
68311.82169903305
68316.33802272633
68330.0129559269
68340.98596214472
68352.88128720075
68375.40256917028
68436.58912263054
68439.07163260462
68449.51934711123
68481.67793236382
68486.16011462416
68506.8766649116
68521.08277322183
68525.60372935938
68558.97060739246
68565.8429575896
68599.3967317737
68608.98358841534
68615.4603773091
68620.8135319337
68632.06539298464
68656.1641832937
68702.56415119742
68719.56723342357
68724.31605892512
68786.79568440579
68794.976720519
68796.42328083972
68833.22530034045
68857.89407443216
68893.40020569885
68917.55427541815
68931.82219532778
68986.61599892967
69058.49378408975
69065.29839364016
69071.87212795297
69099.12759716823
69101.68130674023
69104.39852352394
69159.65620165998
69167.27570976685
69225.41982281701
69246.14804797493
69255.67113009242
69423.3740950914
69482.82597208908
69491.3813519453
69517.73267546277
69544.06666806266
69583.43968618789
69633.07348032862
69675.37375118933
69680.09761243363
69682.64102696946
69685.03230505493
69686.6012262435
69729.76692651317
69729.88718298974
69801.75195306067
69819.11157913835
69823.7481015696
69855.04395367327
69874.36155287366
70017.92621091777
70052.15518894499
70062.28296968002
70069.99450167573
70134.30501265624
70143.04676251399
70146.69419809685
70182.51089298289
70192.69149153953
70197.5830803217
70248.37799309626
70254.35007155396
70295.6300275338
70356.9023740649
70366.23429523244
70377.33224267981
70384.90407300391
70389.15877123094
70437.9718009185
70456.88976170053
70486.7232338094
70505.32213380565
70511.20092463013
70519.08467253816
70578.05323238194
70611.69748490224
70644.48662546967
70673.13885940507
70699.03665689757
70709.80994032559
70727.30889127363
70811.44439922826
70816.67192436755
70840.19454569882
70844.6283177339
70894.50189726116
70908.60596976473
70923.44644701766
70930.77689432837
70975.99935224174
70976.03673495275
70978.06291076555
71004.40696401794
71011.53850103504
71014.82467069633
71045.34939065509
71092.74164779703
71111.72108288063
71141.19728017245
71157.24962894879
71172.88134440857
71205.29880388774
71206.4158447949
71228.83599522998
71230.38605180333
71252.93050400833
71300.41323409672
71305.82507570798
71439.93476895295
71450.13155751146
71450.55915538537
71470.60321337724
71500.89290849163
71502.85177963674
71516.0870427233
71559.03465899744
71570.49209892776
71577.92733259432
71580.78023588347
71623.97709244283
71663.89910094171
71664.53930488537
71683.89208420913
71684.02632398103
71684.60134879798
71687.79117361316
71688.53059989974
71696.58241929681
71704.249782684
71767.3407820327
71770.56893394975
71905.0501182671
71915.79252366036
72111.89933734335
72271.50575687032
72324.76982538837
72556.543926821
72721.87850342735
72723.80103421473
72773.63491792275
72823.42360858631
73121.39870206505
73272.0397057672
73529.42126880788
73856.89859276974
74158.55647528956
74187.46537660476
74347.15444988557
74490.18646992893
75053.05172112878
75207.69307138752
75536.07540972978
75599.79196824261
76046.52736043125
76247.27719300892
76317.67825217477
76417.94717144508
76464.99374931413
77055.0277508522
77211.84168797352
77264.42710960255
77304.34562279543
77401.3927922567
77564.41327231129
77723.49879469255
78094.06538044328
78135.58384566815
78440.76582770445
78532.62896872713
78690.01749296617
78752.64495461894
78868.6079240187
78934.10807639649
79301.20981699294
79345.37360515649
79367.13549746785
79600.95125096134
79844.79875515914
79984.58788983285
80652.43066225531
80709.31056879392
80901.74470554315
81304.64748268768
81395.04555550466
81483.19917227593
81537.54746741682
81606.97758395971
81827.32118404811
81828.35137704878
81969.26714749492
81970.24309275133
82197.48196847698
82683.05616906189
83190.45182107222
83703.34388718821
84144.83884913214
84394.97138344223
84556.48226312212
84922.27840627624
85324.40129337981
85331.5672441578
85368.85635916036
85712.37343653318
85933.69275227562
85971.59771404094
86171.89422200229
86314.90034732997
86379.88623302375
87158.79994188806
87390.74924264014
87473.07392242417
88244.21283107119
88352.90264104723
88404.6809536863
88624.59582828659
88793.89765887395
88846.56538373632
89090.22881793541
89133.72269776544
89166.71115974929
89466.37513583984
89599.04818398712
89699.36332700863
90398.30822225678
90401.29168699596
90896.65170536812
90924.0062914722
91127.17696239556
91430.75444034302
91667.68938305131
91901.54084092373
92588.00304987888
92669.80576880393
92771.96971103187
93318.67542105298
93680.13517652627
93756.13562308723
93875.78656171645
94351.82203624208
94365.5191996205
94403.50993857734
94644.7814195815
94697.45831270087
94908.79036313714
95102.41292925407
95415.424220526
95593.34034659127
95614.18521330562
95670.48378437223
95848.57170140883
96008.30495555718
96110.29607138384
96183.04718782309
96206.6814716552
96313.56256267219
96433.27471543486
96732.81519818735
96995.92494938942
97109.07057061445
97157.9062521923
97297.56574780811
97633.04696881644
97820.55630958406
97879.0328607178
98130.95192729108
98567.4742402118
98945.44283178881
98975.86097575213
99684.30322824739
100042.55239882103
100323.94653029513
100407.37649499952
100824.72093826717
101204.58052286999
101252.25851081412
101270.344308987
101285.37830941359
101574.39550040125
101656.54531762276
101704.23686391297
101839.77790641415
102513.66645625718
103069.88758643212
103167.63522214354
103479.37266409634
103846.1721007337
103868.74785979684
104108.78501138158
104142.02907572224
104249.57884765048
104404.96304925976
104424.42887107871
104613.17506314289
104763.52975249477
104869.97279580704
105045.30008647477
105061.25347695759
105179.26104240282
105664.65120752108
105758.80239827385
105837.92761548159
106129.01065541421
106411.38947056478
106549.60509734148
106680.26295572786
106698.58475810889
106718.54364080493
107091.45820908181
107385.02927079985
107795.00502555698
108051.39069201803
108072.00181958274
108213.20859558825
108404.98089062098
108411.42172326583
108416.96049756007
108515.30670528737
108898.637946966
109004.77091716194
109082.79791630564
109222.42346706853
109264.65533884808
109314.29331221146
110764.55112843342
110797.53115650316
110950.40830007213
111225.10812231977
111239.01383239802
111518.67093211555
111584.83324875464
111589.5225242786
111666.57807384228
111751.93342711618
112107.48709397775
112520.01780094401
112764.3448976535
112937.11985024012
112955.57671137483
113104.03462873946
113247.03640701191
113299.15210673344
113323.413747994
113422.4107160349
113609.81105108921
113674.41463744314
113862.33788878446
113971.77809325013
114051.56189084302
114076.37762418576
114120.18661467754
114316.58481845062
114390.51622094419
114398.17305284672
114491.24971909217
114585.64339627729
114774.97833064727
114907.41858178834
114908.04113392631
114923.57985370621
115114.31837270656
115295.78419804283
115369.3230227557
115699.69489135912
115710.9514977037
115737.03307089838
115767.68909850084
115986.4508557587
116130.59005757363
116204.68740517645
116367.0376909824
116497.07486263863
116735.46074630982
116981.41550850276
117052.30580801249
117169.78922545824
117184.42431669353
117282.2709961285
117363.46062042654
117564.8120093045
118411.69864994798
118612.26536391825
118959.02174934917
119479.35382171019
120566.13067704151
122672.05388539216
123004.4571049856
123021.08531561965
125647.63045225525
125689.60918308291
126938.12579920806
127192.3320209689
127254.46866497947
127517.98719320795
127649.5885744108
127652.5374654273
127679.68599077368
127812.79234833382
128055.04318624441
128071.92555187397
128072.13850403886
128273.0996747594
128367.70049642099
128369.82134828123
128473.6126427282
128490.89040901285
128771.39757961805
128843.12748195152
129114.87919622529
129147.37865683765
129226.71166430139
129263.51202769118
129323.64107231061
129358.35579186851
129410.04626744322
129435.45376082553
129601.17074663707
129859.95700804154
130083.15934673461
130343.72827765023
130408.24102529441
130448.77575915973
130513.13272411664
130682.29236925514
130778.9298250095
131158.75716582115
131241.01570939616
131268.2694973531
131276.84908098524
131526.1837977529
131566.2981776261
131587.83185820113
131722.54789618548
131861.89303836995
132038.5695982819
132262.69599832225
132288.6904436686
132301.19089678884
132335.1600294537
132380.15719491942
132639.77078050157
132688.430720507
132706.46285093392
132763.47012168984
132851.63042108103
133063.32407567182
133099.88706786666
133126.2734146776
133135.46999701174
133142.26571985258
133184.35292520828
133278.3896397028
133323.2451096842
133395.021461508
133452.77889829286
133595.88477434925
133832.81137531853
133907.44510479976
133953.85842188826
134050.40695616955
134108.14527486474
134129.5515859848
134198.708447159
134247.49617833694
134296.51440989465
134306.97226816515
134385.59994360327
134422.11423912
134665.08646436982
134689.684334874
134692.5625404806
134714.37397992448
134720.00972464652
134772.7634313358
134959.48168360128
135104.24589285182
135142.3859963388
135181.77856198902
135221.96874378336
135282.83211288732
135335.04012854252
135443.93491817065
135596.7326479127
135599.89991774145
135622.84728479502
135629.70613606976
135670.18719721626
135694.9663849992
135708.57716522206
135842.67962771453
135902.28170520318
135973.72450496492
135992.41864887736
136025.351661159
136058.35777351714
136108.31287156924
136226.45078221353
136237.00038946432
136245.08850116347
136352.66297399005
136469.3499467653
136482.6764769267
136496.9627584813
136500.6126812892
136552.7765893325
136637.48380289134
136684.5510594984
136688.83063492083
136703.54808774768
136816.91262406972
136855.52298332244
136863.23587690986
136910.2373092694
136925.19145901198
137010.4549240357
137068.39561242607
137123.29850840825
137135.69753385652
137327.85016282514
137422.5471275746
137435.3046488646
137468.40907667708
137474.23873801102
137521.9509407547
137648.27900299773
137677.68998996256
137739.71336272638
137779.49216948164
137780.0446715585
137839.66484031396
137849.13973372275
137899.93189126253
138047.4164192418
138169.27474915568
138187.08686267826
138201.54941041963
138236.6630391997
138266.80667389478
138295.2879246483
138308.4911295759
138320.3605542649
138391.71619312163
138454.13982389946
138459.39781932632
138551.91638999124
138579.17953915795
138626.94578393994
138659.31087719358
138676.02750344388
138698.0080629757
138699.3608468872
138936.86431558063
138972.56796175067
138974.59806664722
138984.68917675706
139005.40583294525
139290.43530232226
139336.71203623
139381.05873239948
139386.45945365506
139403.09984501527
139443.89691122275
139660.88115072853
139798.4032263587
139800.50044732686
139800.74290753176
139854.0966393099
139883.41142209969
139912.50348218906
139941.17376205503
139994.92595003586
140015.59011378782
140044.21265769747
140077.24207134853
140123.1492753963
140153.75674607267
140182.66804931496
140190.61396284608
140220.15731691985
140335.22775673505
140346.66360688707
140414.8644115183
140426.25015968434
140466.82443894434
140576.8751015762
140578.5045184328
140659.9063464298
140826.11812277022
140949.40862590223
140964.62297962638
140995.99723561638
141002.75656038537
141144.46452729427
141195.95042312032
141203.03341576117
141262.2325899214
141266.44542053418
141274.52625358355
141278.3367918466
141383.7230471848
141443.54012725115
141631.77708763137
141739.67325104584
141774.94229642733
141783.90898665605
141800.00583789044
141922.18586344612
141953.13782403935
141956.06978250408
142023.2779278155
142077.61081152555
142104.03046528017
142156.31597883237
142159.7058627969
142198.10057804268
142282.31891439296
142316.45941169935
142378.207131052
142383.12127256035
142465.24973613757
142525.44081399814
142580.33099928655
142854.62307119946
143191.7441302833
143234.4956908813
143603.08385110216
143728.16150286695
143972.91049957654
144039.10496134998
144085.73403768562
144359.44360634775
144376.56958516067
144525.3040606136
144549.20061440085
144586.7395958957
144827.38675159606
144843.76552895186
144989.3599476195
145429.822978522
145456.80924272383
145481.09661024323
145556.90762992884
145565.83140549753
145590.45266168172
145605.61005195114
145699.1472967936
145741.2906920126
145865.57569955377
145868.2286297708
145872.73978061532
145878.0393986137
145949.79017149706
146027.95567783955
146076.18584958365
146158.28889464348
146241.38125452463
146390.7937803479
146750.04246205516
146805.58047338668
146868.65923923097
146876.76556354057
146879.10855625273
146882.61665986542
147110.3325937368
147166.86911741275
147171.08069285873
147204.26430700909
147242.95387692092
147275.8388751854
147352.06614878558
147382.1187023584
147389.11742645598
147421.38177141236
147475.57899583288
147490.27356615418
147631.5896164782
147721.8143980832
147776.59245372104
147834.8643512181
147875.33222569554
147890.2217709424
147929.82631780667
148051.981749219
148106.99280602921
148108.53577793564
148113.3833534987
148179.92520882667
148501.64487475285
148589.64958929806
148727.8281279418
148752.19614384402
148772.51090349664
148788.84236426177
148809.44559601814
148867.25643638926
148904.30402308112
148905.06684805406
148961.44183613564
148993.00135427888
149001.16861690453
149024.91193780568
149075.78631768323
149158.2231267764
149271.64119334024
149392.5702852051
149403.37224270013
149439.04899290204
149469.9020710647
149517.09312905584
149636.62503988232
149640.875866364
149706.7714065557
149715.20869020364
149759.10374659995
149810.34797459125
149857.29195163195
149886.56962630016
149931.6044458978
149942.05398144698
149993.61460544035
150023.76722296083
150271.9378109107
150464.51399447897
150470.9479970743
150480.97505937653
150500.51874346953
150507.48401631054
150541.79791047794
150661.84145684858
150800.56456474995
150809.79482963472
150875.6397825012
150885.9801757804
150929.34937003208
150936.23355208346
150995.1831865974
151132.85298518417
151155.530085427
151178.13338513786
151195.35983208328
151223.5830873369
151287.62836626702
151389.38363372663
151475.14657144606
151487.05559890854
151488.30488110328
151489.1512566988
151495.4605099496
151528.553620487
151674.38214597094
151712.3258297289
151720.46191538213
151721.2373965829
151802.0441990364
151855.85693998012
151894.01584505683
152033.76555900925
152039.52354537422
152154.07620133614
152168.10048172227
152199.30271156048
152258.2009431512
152265.8508927259
152269.3456576553
152287.783171375
152317.42720948817
152321.13272058914
152423.79164246324
152449.6365372815
152462.10582806708
152522.60247536498
152550.60642389348
152562.68464100803
152573.25123597452
152579.82873573172
152581.58036113356
152585.59055644408
152585.66213411585
152621.95035767078
152628.83720350277
152747.67911845655
152766.1347767347
152803.4905878491
152807.9768029122
152815.4983508719
152817.41231723776
152835.10652891168
152884.80333653025
152924.33838046342
152931.75609929144
152938.522098092
152941.9648826688
152943.68246616944
152971.67419666232
152998.10120450612
153020.1119707693
153030.30957270495
153063.06074896353
153104.2171899517
153123.7110021068
153149.7697449105
153171.77813664894
153182.926164545
153193.96514165227
153212.93096824412
153215.37236279884
153222.59454615065
153230.3331361855
153280.84123121723
153282.35594586382
153310.85220439994
153371.09758719744
153374.2814322338
153391.79696695157
153407.19621903638
153425.48797884476
153467.797454833
153481.56620957225
153564.25341940077
153582.66293366108
153620.63733031286
153624.11931453642
153711.5910770573
153759.33637774346
153888.82032390905
153946.4841683003
153949.78685355873
153963.58601847987
153997.0642515464
154038.85482467676
154059.39797984957
154095.3619742109
154097.95705354714
154128.5380274045
154154.47870299054
154250.32351367868
154281.7047037051
154321.43840147834
154323.00009003095
154342.14926012408
154345.9515840138
154393.61491459925
154418.43250863696
154437.02085584486
154527.86128203178
154652.14909450518
154684.78485590612
154701.6610201018
154743.08840510284
154770.56987584796
154777.72026005614
154786.25275914607
154787.3873396641
154829.3475370555
154851.60342056415
154865.47933780967
154871.50323360437
154888.48956512194
154902.79228955263
154903.0700064259
154905.49875705945
154943.0512254443
154975.08571637323
155035.85799743602
155048.5515135192
155069.4040189155
155073.30657091553
155095.80610841053
155100.3006060426
155100.7923735304
155140.38152767252
155180.89776640225
155197.83599421696
155250.8028279049
155257.94905092605
155282.0732192506
155296.37279550696
155352.8895927029
155354.82774629176
155359.07310552645
155370.16924773582
155377.95518653307
155402.75492382643
155553.44656084472
155605.65761739857
155608.85981679615
155662.36536458402
155674.36450330343
155707.82128206058
155737.6088648246
155764.2513739388
155774.32788267155
155800.27000209264
155800.63444159747
155852.91273066355
155877.38151115706
155965.37531962583
155976.1471551177
156021.5339158472
156155.21913930046
156168.71181999572
156226.71593744494
156246.29590912187
156279.1617236016
156327.82112653798
156421.86881480884
156445.85671681332
156476.6292796831
156512.6246633331
156516.45979824523
156568.17041773547
156613.1459852764
156701.16606922087
156715.63716278394
156752.65812500467
156770.28693019494
156808.5361305456
156820.64555267998
156879.87150602302
156883.03644157667
156936.8328034223
156971.397084717
157018.2493949232
157033.27469990845
157051.26554233654
157082.3484046128
157098.6049202762
157142.31136763474
157169.55236424378
157212.26666953444
157218.8629360501
157233.7653674686
157249.85419575643
157304.82747291593
157314.31430357628
157320.3846303941
157321.45510616165
157350.62434808875
157385.390848969
157396.3601743813
157414.0087002508
157424.97015443858
157501.9946587435
157557.02819773217
157564.47067473293
157595.7110244828
157605.44974104845
157705.45456016363
157729.86213055928
157860.76291948394
157908.63052676502
157936.949125022
157965.79587667627
158006.776292655
158095.46885193422
158139.6824559939
158150.02831602728
158163.3798036863
158174.851507238
158176.75457284893
158193.23690489202
158389.77752141198
158445.01152257068
158454.66071889384
158468.81060290092
158500.2149773233
158991.9757560697
159028.33867624987
159167.14684499375
159208.7355572021
159217.22054071026
159252.15299317281
159338.32443384634
159580.8584137952
159758.01401574002
159893.36443105852
160145.1459496863
160169.566340529
160271.77022238445
160306.15288539417
160437.1479778717
160698.59386247763
160713.7605932214
161211.84002212575
161562.37161176628
161675.850327424
162373.01286951633
162402.5338783761
163184.05400848697
163427.89484788623
163441.74575868528
163653.3473840463
163745.31858929736
163802.42686645838
163961.01553892498
163983.6679135493
163999.1624576177
164805.78089851397
164914.0859244779
165298.53770525812
165368.4400201532
165438.392978127
165716.71051912956
166864.51755631733
166878.84139640152
166908.25435771595
166948.74373038777
167101.0264156335
167303.8562913058
167397.44877113617
167522.511863549
168465.12438495763
168500.63830252067
168816.75495696784
168833.42729250732
168961.5540667555
168993.05565873717
169402.19823865514
169409.95790618542
169494.96081153987
170163.39216209494
170238.43927986434
170242.93284986413
170447.4716073918
170560.60832688346
170866.2576814624
170873.86921061412
171141.77425905387
171389.2365520632
171408.72785096493
171418.22607204312
172169.0888105015
172183.01474336747
172402.57067188888
173152.78036208035
173245.64241961276
173273.9255620022
173494.30839360188
173629.0271165323
173897.86022421578
174072.461726116
174268.77545947875
174361.2324088407
174516.37824728453
174602.96459343962
174680.68836619807
174752.04411758907
174775.1329223914
175393.93896700017
175573.67859763873
176024.37595181962
176086.51679067762
176661.43623248595
176743.91600838807
177034.48591589695
177345.80353593032
177515.80844402217
177815.39368961286
177815.89252483813
177872.76551585065
177876.69478579608
177888.45144137403
177972.69215649486
177981.8404412925
178045.87997098133
178100.7292658716
178124.29308560552
178224.48678337564
178347.40866969823
178469.947659032
178681.57614463445
178902.08157656636
179638.2220817598
179831.63093902398
179876.29987066623
180508.03342504601
180581.51016483395
180639.96453242927
180695.85369473958
180919.20093014554
181582.4141461193
181908.98777269156
181922.55253603554
182061.06565234775
182239.23489188633
182246.5599731495
182330.60779440924
183085.08810348363
183577.53999453475
183849.6021705989
184004.2431546301
184016.9428371702
184298.62669778548
184506.8656685232
184619.73642317107
184729.1808250518
184922.82650940493
185382.3402242263
185398.61895266865
185414.2903372199
185715.093295663
186095.41345806906
186165.40019072968
187401.93180154226
187664.00780773044
187698.23101298432
187888.4085666521
188251.26050514288
188262.31375889436
188277.53903831134
188289.8391462854
188698.36873364006
188811.26587943122
189039.24313660662
189101.29355852312
189173.11781409886
189263.75319741905
189633.22592802864
189646.57316152018
189686.26355781726
190061.62654845184
190121.65186623897
190397.6655699373
190878.34055045532
191198.96878191814
191542.77354234457
191576.3052917962
191724.7125057106
192031.43623151467
192204.6543283444
192212.64015519852
192282.5521691678
192305.3210145556
192374.9689927221
192488.48616747357
192846.8327241855
193368.32128750483
193577.61196949685
193951.78712415716
194378.72416882112
194474.19415897693
194701.94325458325
195186.95636655545
195273.4827659594
195287.57847370725
195654.96715867997
195883.20138769184
196150.14323603216
196878.88701450004
197058.95545627488
197084.5136760139
197152.72419472458
197385.59456686827
197653.1863218375
198088.55491426145
198589.74281285022
198842.0549199481
198920.15739553608
198967.9434085226
199037.60371471272
199432.9052792613
199496.9626639979
199682.03130910094
199764.42713095865
199961.4205018798
200462.16828019364
200463.20135585553
200560.99661165848
200767.22948063002
201082.07668956486
201201.786029447
201540.34605651628
202320.9642398667
202475.50151076211
202701.21731472376
202845.3929895878
203049.4079501709
203094.9712188677
203167.6303770572
203194.94022570943
203450.61367610973
203557.2361682695
203673.7532633551
203687.0908191847
203739.57420208902
203885.24441692143
204605.32815755816
205130.13634541203
206366.08815520827
207436.41853296495
210302.1144349772
210564.564842148
210600.38739485497
212432.7705049654
212990.35024429415
213268.9577663281
213620.81379452912
213634.81463489227
213715.275509685
214022.49573176503
214149.48023357667
214156.49114240744
214241.16944606652
214420.35866070914
214472.05821950274
214555.3801509865
214595.48536755634
214817.68453626908
215156.0145149624
215162.030341444
215328.50390574895
215546.58268122358
215827.32849673595
215919.21114416813
216369.56294502944
216376.9485015298
216456.30975784487
216464.28976363112
216655.22005104914
216794.41092969978
216807.86863199557
216866.66667810376
216996.9664389492
217023.67295996062
217094.06867776308
217401.10486277373
217637.3860998876
217984.22091107722
218135.2791136041
218215.56119873535
218307.1600000549
218309.12180549052
218486.98246621867
218494.04457742066
218504.5094222683
218687.5877369872
219111.59225914246
219187.35798487795
219195.61335505662
219323.41076227342
219374.9740998102
219420.4100461471
219586.73050288373
219922.65976986458
219927.61445979885
219966.38529111125
220084.03236192916
220273.9223398951
220336.9673317251
220385.4256466786
220463.053879309
220580.1040237188
220588.46572451104
220629.59359782396
220630.14364785043
220639.72946829468
220728.86642353947
220747.5877133506
220869.3090375445
220872.71983290242
220924.7709751409
221038.66368122294
221047.28478450497
221139.92293307
221168.90861819414
221338.6412715289
221484.05617347022
221665.8642906808
221678.93673445014
221711.820508698
221765.2799728553
221886.44837458638
221903.3872251106
222002.03876984984
222049.82895356766
222276.7776967641
222328.8343855348
222357.62860591421
222366.45973015105
222405.55552581607
222422.70013654494
222615.87616005636
222631.50379922884
222714.1314184483
222725.23252132573
222866.80255582606
222893.95378298755
222897.03857274755
222916.81473906114
222976.96568067276
222990.77821630557
223097.56964410102
223141.14655872964
223149.5577330539
223175.06434167345
223271.83284967818
223303.46104729077
223389.08137948328
223545.40367409776
223649.8237334172
223688.88202077383
223721.85517021554
223735.92487018736
223754.69466516847
223768.92189423958
223804.45819022102
223813.49951538353
223848.2292254682
223893.22983018222
223922.92892820094
223964.35834084457
223975.84212323333
224000.5092777951
224103.5499784269
224130.96599028818
224182.48761132744
224306.13622186187
224389.17442950566
224577.46833129996
224586.76082566663
224627.29345325127
224874.06745806677
224892.51621995354
224940.1063522615
224967.62589594215
224967.84249927118
225079.26753706028
225136.20023770942
225160.27655775307
225270.1065041749
225412.48014204693
225417.396678968
225425.86420594915
225661.06581500798
225734.97596315516
225751.4103836977
225777.31342269573
225794.06667114253
225819.876965383
225832.57201844713
225921.64084215192
225929.72743225048
225955.19322407636
226093.6053282216
226116.25684545966
226192.2763408566
226192.43899732345
226292.2394218662
226296.4569946549
226431.80272773706
226498.26027997478
226600.9424572089
226604.1808441485
226760.1809482469
226804.9392491746
226815.84524465367
226823.15398995308
226979.2334900338
226992.74166523202
227063.54709492176
227067.05480386846
227198.47185079617
227205.20733037678
227281.29518797586
227302.69169858343
227364.55793153675
227383.89093510574
227437.48153458524
227484.45471012665
227508.42066776316
227577.18160869938
227609.50834450964
227647.4165521725
227746.95656473175
227752.31321625004
227765.79094897027
227797.3580645307
227838.86549866572
227852.45003623798
227966.32771886227
227966.57856937035
228017.83464868675
228087.72893943207
228165.5246073869
228191.25218356212
228241.26615591426
228256.70101639806
228675.91223782525
228772.18078618892
228837.4533259868
228889.91512091408
228961.06789257808
229068.38127438238
229140.6353327404
229170.1385660689
229192.21516268747
229218.59399735832
229499.79003699246
229547.2020532068
229631.97692407636
229644.88893116836
229806.70794109872
229993.4628659886
230535.3575061034
230706.3925959523
230740.0881251966
230883.14465744712
231041.5354333102
231044.91982525255
231106.77648758574
231128.011014511
231228.70541532378
231399.50039078202
231499.55698675787
231533.75554042464
231547.847038241
231681.25411981437
231703.8704045282
231754.60368756787
232043.49966548162
232239.3617376459
232272.47086848316
232338.9301681474
232416.22024184957
232744.27792089703
232973.52867375227
233093.83839621244
233170.10096004538
233327.20515655933
233363.03345273866
233410.18573247618
233484.8492349765
233617.95991151273
233656.90793095878
233683.82634851962
233706.8987923222
233843.0060683805
233886.90038175654
233959.59516332022
233994.65469538298
234024.1211095953
234040.49173115863
234070.08194919728
234070.99891870955
234101.75921053241
234136.9336440644
234173.75593902444
234190.91222964524
234351.7196553239
234388.69995724293
234433.40439442242
234469.83272494812
234477.34801872572
234542.24294579492
234563.33042630338
234643.13511305308
234671.65390136637
234754.81863465675
234783.8062458178
234805.88752070494
234847.37778835656
234902.16670117213
234913.63054059574
234915.9173790693
235094.00668008812
235192.61547441196
235206.66680465435
235265.37411087623
235300.73942651012
235312.58341447552
235320.42627739548
235351.98533716993
235373.51803019445
235380.38254234957
235420.66249525308
235531.25067135054
235620.1022732316
235635.36167685653
235642.74076847988
235680.7851335642
235697.805416831
235710.44033288205
235756.72241535882
235824.51734715162
235923.7391032146
236031.9562704652
236051.58489033082
236088.40672540545
236095.25222499404
236173.33766643153
236193.943468449
236282.15843595978
236313.80989653565
236343.50273128223
236447.49724955816
236487.23883171624
236605.32417088238
236634.11208484636
236735.92308546006
236737.23973649982
236775.33369747084
236807.11653143345
236809.9476076766
236816.91604149438
236830.49903641816
236849.74301718024
236859.7902474768
236868.1445042476
236890.115176974
237028.52948455216
237032.4042675609
237035.6811869085
237062.32092934957
237121.37518401883
237129.68891740605
237164.08573777677
237219.08277823584
237361.60294561842
237428.54608666495
237485.21801369172
237552.04567346713
237627.18042473012
237645.9357861838
237673.86854770864
237687.33870101077
237690.08986500677
237690.98129472195
237836.5351880193
237862.58556289587
237880.07292072056
237901.49960447563
237922.00238525937
237933.81553134695
238042.2806866505
238042.98034504167
238060.12741385566
238075.0811574082
238095.1482173698
238107.25210378997
238134.18410455136
238138.55026823352
238142.5242860431
238189.77185599765
238200.85830105387
238216.10480646178
238236.65385034296
238259.80676483712
238328.18854282776
238346.67543956227
238373.43156743742
238382.98656711364
238429.45191958267
238455.0258658849
238482.30636702466
238525.42245148827
238530.28390674107
238576.835490348
238586.50332029082
238594.3713714208
238605.6129546337
238624.03221338277
238646.04425677226
238691.17285382515
238709.5231131451
238721.2924667146
238724.6765558471
238729.00439446303
238729.1162359208
238752.12403365667
238771.3533668165
238833.2451448149
238858.55925698375
238864.14107803296
238871.61337125287
238893.15774600406
238915.7743518065
238930.9556001881
238942.83019069856
238985.7044334393
239004.2498152391
239026.35913741792
239028.4873579583
239091.99816012383
239224.46359781967
239283.71250954678
239284.1612356234
239284.31149141752
239294.90898141795
239329.78829479328
239335.19196654088
239339.37291531562
239373.3419436959
239377.9830387067
239502.5825640226
239599.28141020262
239600.96579496906
239667.07495472036
239710.68023993546
239727.59996813245
239745.48322178895
239755.2718709898
239791.74267362698
239822.41338438023
239842.16064755348
239842.3233101287
239850.70763988796
239863.7922560205
239901.59214800887
239921.605910673
239940.40755570028
239975.66520070692
239986.63078585826
240017.60263466224
240020.01750879482
240066.0344627835
240076.18702088168
240177.00071319158
240202.38807718054
240207.07419678394
240228.46659865027
240238.4274843683
240261.45868041745
240295.19623184943
240364.88549514796
240374.40294860076
240374.964931675
240445.30493627943
240485.27312834573
240514.25286457787
240577.06136220015
240612.9634677336
240640.77431871294
240645.1324060293
240654.61442025256
240658.4576327966
240671.10142077808
240673.05810327112
240753.49826645147
240776.57626022014
240791.6631940173
240795.0818209544
240795.47225559782
240798.0417958688
240869.039488187
240874.2815234699
240931.44347608506
240968.89784794615
240981.40648197828
241006.42068798083
241010.8955837118
241023.08829199217
241063.68141618883
241065.75681490457
241068.6926844421
241072.9381145382
241077.87894954788
241101.72473828538
241130.31954007543
241132.38414124618
241160.49052004633
241183.76647979408
241195.0339994905
241205.73607433657
241304.62695654368
241365.57764614376
241377.5168776482
241424.24949432397
241455.96571421856
241461.30202711571
241579.72368689242
241614.10258011418
241627.9331471446
241639.5577617699
241654.2010247752
241661.86940892687
241723.55444412597
241735.133171567
241755.55159875617
241828.27747440437
241835.5583395664
241838.03035338456
241892.97284587502
241947.37779470708
241948.41158885107
241953.20676456238
241996.40983905998
242010.06097294216
242052.87573935377
242091.57432486207
242107.28736370665
242125.87112868926
242128.8917383845
242139.974785436
242147.01603499244
242164.34208360984
242301.51002400415
242328.08536145356
242331.13935717073
242335.01778027267
242357.2718653953
242359.36159531624
242389.8756343658
242454.38122266094
242461.2775010136
242498.98419696317
242507.91021501546
242518.71518022486
242554.6994151824
242574.8984528554
242616.9962689936
242638.35774504778
242662.96252177237
242707.26226334524
242728.3187116918
242747.25776962392
242757.65425325008
242767.32204249658
242790.60086811485
242790.62244904146
242805.59262538975
242818.54562916388
242820.92821935663
242842.9429612914
242918.43695815926
242962.21503832724
243020.92068821358
243035.91819759004
243039.3467089699
243057.98565011827
243070.49416097824
243090.76674776847
243113.35074542437
243121.83980782956
243145.6724162026
243155.3390027644
243198.29457861139
243218.26134267528
243301.7268352204
243310.05591768288
243352.06883189455
243354.44741045914
243400.7841336826
243463.5855651045
243477.18492463153
243510.54636169027
243518.98181629626
243547.8667309999
243550.14427070983
243566.94413838466
243575.16219236658
243589.44034767826
243634.75356501588
243647.06416985238
243648.65450486945
243660.9282754229
243679.00417147225
243737.90141015843
243768.05102111332
243770.85339084768
243778.47615479608
243779.0843167976
243835.86474488425
243841.35703036428
243847.25555358618
243884.94256850332
243897.22781859554
243925.11032998574
243961.89146171155
243962.074346263
243976.52385855507
244047.5958655816
244079.30632216745
244246.19947983426
244275.43700490674
244282.74096179966
244283.5534866606
244286.8808025155
244386.69159861963
244391.86104892672
244409.23195562582
244480.12654219416
244494.5666270236
244519.73554991418
244529.16836268193
244551.6310194214
244694.47607800033
244785.20403282484
244852.83833067986
244989.8725783393
245243.29974412287
245501.80012983162
245502.36768773006
245512.90179087702
245747.43382432987
245873.10884063193
246223.64402002085
246435.45159397874
246474.54188405073
246500.27235355208
246760.43231701732
246800.32115219795
246801.49472631695
246937.51813722777
246958.4334029609
246989.84012900403
246996.4381014504
247043.1560329511
247045.98053903144
247198.97521824972
247618.9898569259
247642.42552367356
247780.5997578596
247955.0895810522
248201.89008596592
248789.74185869767
248866.67875646002
248936.86043279286
249011.8626564895
249020.87024663592
249189.3186570861
249272.3634033741
249807.65499066183
250433.22593767417
250620.20665085927
250764.45235719322
251209.84404368277
251350.0276342365
251574.1013645344
251841.64800139726
252184.5378907836
252269.09805277863
252563.47253661754
252914.29033049813
254073.8157471937
254286.85616437637
254298.95662042638
254718.93425807828
254719.45025485347
255060.60962362183
255283.09021393635
255337.68470963032
255510.88932522235
255750.34101509652
255947.20753226388
256551.61518182163
256894.23691067233
257518.16795932423
257602.83815438807
257668.19545878388
258444.89485681383
258862.4654561214
258970.06796752082
